CONTOUR

2

2416

1061.73 1691.57
1063.73 1691.43
1065.69 1690.99
1067.66 1690.61
1069.63 1690.45
1071.59 1690.1
1073.55 1689.65
1075.51 1689.38
1077.49 1689.31
1079.46 1689.47
1081.41 1689.7
1083.4 1689.72
1085.4 1689.62
1087.38 1689.44
1089.35 1689.35
1091.32 1689.29
1093.28 1689.02
1095.22 1688.43
1097.22 1688.25
1099.23 1688.36
1101.25 1688.34
1103.23 1687.99
1105.23 1687.69
1107.22 1687.59
1109.21 1687.58
1111.23 1687.57
1113.24 1687.52
1115.25 1687.53
1117.26 1687.55
1119.27 1687.54
1121.3 1687.47
1123.33 1687.29
1125.36 1687.06
1127.36 1686.62
1129.35 1686.23
1131.36 1685.89
1133.37 1685.62
1135.39 1685.51
1137.41 1685.59
1139.45 1685.67
1141.48 1685.6
1143.49 1685.34
1145.49 1685.05
1147.51 1684.95
1149.54 1684.83
1151.53 1684.43
1153.49 1683.91
1155.51 1683.69
1157.55 1683.69
1159.57 1683.56
1161.58 1683.17
1163.57 1682.79
1165.58 1682.63
1167.59 1682.4
1169.58 1682
1171.58 1681.68
1173.58 1681.47
1175.59 1681.35
1177.61 1681.32
1179.63 1681.21
1181.58 1680.61
1183.51 1679.88
1185.55 1679.88
1187.58 1679.93
1189.6 1679.66
1191.6 1679.25
1193.56 1678.76
1195.61 1678.63
1197.61 1678.39
1199.55 1677.79
1201.54 1677.33
1203.55 1677.01
1205.57 1676.7
1207.58 1676.45
1209.6 1676.11
1211.61 1675.76
1213.65 1675.62
1215.7 1675.43
1217.7 1675.05
1219.68 1674.51
1221.66 1674.02
1223.65 1673.75
1225.69 1673.59
1227.72 1673.32
1229.72 1672.88
1231.7 1672.35
1233.75 1672.09
1235.78 1671.79
1237.8 1671.47
1239.74 1670.78
1241.63 1669.99
1243.66 1669.77
1245.7 1669.57
1247.69 1669.09
1249.71 1668.69
1251.74 1668.4
1253.72 1667.84
1255.69 1667.12
1257.65 1666.47
1259.64 1665.96
1261.67 1665.69
1263.7 1665.43
1265.69 1664.95
1267.54 1663.97
1269.55 1663.57
1271.61 1663.4
1273.68 1663.29
1275.74 1663.13
1277.77 1662.73
1279.73 1661.99
1281.77 1661.6
1283.8 1661.26
1285.82 1660.88
1287.84 1660.41
1289.85 1659.92
1291.85 1659.41
1293.86 1658.92
1295.89 1658.49
1297.91 1657.94
1299.91 1657.39
1301.82 1656.55
1303.81 1655.93
1305.88 1655.75
1307.92 1655.4
1309.91 1654.88
1311.89 1654.31
1313.88 1653.75
1315.93 1653.51
1317.96 1653.11
1319.88 1652.25
1321.87 1651.66
1323.89 1651.2
1325.87 1650.64
1327.78 1649.78
1329.77 1649.26
1331.81 1648.84
1333.74 1647.94
1335.75 1647.36
1337.73 1646.62
1339.76 1646.01
1341.84 1645.76
1343.87 1645.28
1345.9 1644.66
1347.91 1643.98
1349.94 1643.35
1351.86 1642.46
1353.84 1641.65
1355.95 1641.31
1357.98 1640.74
1359.87 1639.71
1361.93 1639.1
1364.01 1638.51
1366.01 1637.82
1368.03 1637.18
1370.07 1636.47
1372.08 1635.67
1374.11 1634.98
1376.08 1634.11
1378.16 1633.54
1380.29 1633.17
1382.39 1632.68
1384.41 1631.89
1386.39 1630.96
1388.25 1629.82
1390.34 1629.22
1392.36 1628.43
1394.31 1627.45
1396.21 1626.37
1398.28 1625.72
1400.38 1625.21
1402.42 1624.41
1404.47 1623.69
1406.66 1623.45
1408.75 1622.91
1410.48 1621.47
1412.43 1620.42
1414.46 1619.5
1416.48 1618.54
1418.52 1617.61
1420.71 1617.15
1422.86 1616.56
1424.76 1615.41
1426.42 1613.85
1428.41 1612.92
1430.56 1612.39
1432.71 1611.81
1434.79 1611.01
1436.93 1610.41
1439.07 1609.84
1441.05 1608.85
1442.89 1607.59
1444.99 1606.81
1447.01 1605.84
1448.83 1604.59
1450.53 1603.21
1452.51 1602.26
1454.55 1601.46
1456.13 1599.87
1457.9 1598.63
1459.86 1597.73
1461.99 1597.29
1463.94 1596.31
1465.89 1595.31
1467.95 1594.6
1470.06 1594.11
1471.96 1593.05
1473.8 1591.75
1475.97 1591.16
1477.88 1589.97
1479.83 1588.91
1481.92 1588.05
1484 1587.12
1485.73 1585.66
1487.2 1583.89
1488.96 1582.55
1490.93 1581.63
1492.97 1580.77
1494.78 1579.48
1496.77 1578.55
1498.72 1577.56
1500.5 1576.31
1502.07 1574.79
1503.87 1573.55
1505.97 1572.77
1507.89 1571.65
1509.68 1570.31
1511.54 1569.04
1513.24 1567.5
1514.83 1565.84
1516.86 1564.91
1519.06 1564.28
1520.87 1562.99
1522.58 1561.56
1524.44 1560.34
1526.11 1558.88
1527.68 1557.21
1529.65 1556.06
1531.75 1555.13
1533.88 1554.28
1535.9 1553.15
1537.89 1551.86
1540.03 1550.76
1541.74 1549.1
1543.36 1547.29
1545.18 1545.72
1547.11 1544.31
1549.12 1543
1551.19 1541.77
1553.35 1540.67
1555.12 1538.99
1556.98 1537.43
1558.83 1535.83
1560.56 1534.19
1562.26 1532.53
1564.18 1531.07
1565.88 1529.38
1567.38 1527.48
1569.05 1525.76
1570.77 1524.08
1572.38 1522.26
1574.19 1520.69
1576.11 1519.18
1577.74 1517.3
1579.5 1515.55
1581.3 1513.84
1582.97 1511.97
1584.38 1509.99
1586.27 1508.55
1588.37 1507.3
1590.15 1505.7
1591.7 1503.82
1593.35 1502
1594.57 1499.94
1596.01 1498
1597.2 1495.9
1598.45 1493.91
1599.88 1492.06
1601.74 1490.56
1603.75 1489.25
1605.17 1487.37
1606.25 1485.23
1607.61 1483.25
1609.17 1481.43
1610.9 1479.79
1612.85 1478.37
1614.35 1476.56
1615.65 1474.56
1617.06 1472.64
1618.03 1470.5
1619.2 1468.44
1620.42 1466.39
1621.25 1464.18
1622.21 1462.02
1623.55 1460.06
1624.71 1458
1625.71 1455.88
1626.93 1453.89
1628.22 1451.95
1629.03 1449.8
1629.82 1447.65
1631.26 1445.89
1632.94 1444.36
1634.17 1442.53
1635.12 1440.54
1635.91 1438.47
1636.67 1436.39
1637.34 1434.32
1637.85 1432.16
1638.77 1430.15
1639.25 1428.01
1639.55 1425.85
1640.05 1423.74
1641 1421.77
1641.37 1419.64
1641.65 1417.5
1642.03 1415.36
1642.39 1413.26
1642.95 1411.22
1643.86 1409.28
1644.58 1407.28
1645.02 1405.22
1645.39 1403.16
1645.85 1401.11
1646.95 1399.25
1647.51 1397.22
1647.82 1395.15
1648.27 1393.11
1648.68 1391.05
1649.17 1389.01
1649.58 1386.99
1650.1 1384.98
1650.99 1383.06
1651.52 1381.03
1651.85 1378.98
1651.98 1376.91
1652.15 1374.83
1652.27 1372.73
1652.35 1370.64
1652.42 1368.56
1652.52 1366.49
1652.79 1364.43
1653.17 1362.4
1653.41 1360.35
1653.55 1358.3
1653.59 1356.24
1653.61 1354.18
1653.61 1352.12
1653.61 1350.06
1653.64 1348
1653.77 1345.94
1654.2 1343.92
1655.16 1342.06
1655.55 1340.06
1655.58 1338.02
1655.37 1336.01
1654.75 1334.07
1654.03 1332.15
1653.76 1330.17
1653.75 1328.18
1654.12 1326.22
1654.96 1324.35
1655.45 1322.38
1655.6 1320.38
1655.56 1318.37
1655.53 1316.35
1655.53 1314.34
1655.52 1312.32
1655.52 1310.29
1655.61 1308.27
1655.74 1306.25
1655.81 1304.23
1655.73 1302.21
1655.63 1300.18
1655.6 1298.17
1655.63 1296.16
1655.67 1294.14
1655.65 1292.12
1655.61 1290.1
1655.57 1288.08
1655.53 1286.06
1655.53 1284.04
1655.53 1282.02
1655.55 1280
1655.6 1277.98
1655.61 1275.96
1655.61 1273.95
1655.6 1271.93
1655.55 1269.91
1655.4 1267.91
1655.1 1265.91
1654.82 1263.91
1654.73 1261.89
1654.92 1259.89
1655.1 1257.89
1655.19 1255.89
1655.23 1253.92
1655.11 1251.96
1654.9 1250
1654.89 1248.03
1655.23 1246.06
1655.41 1244.07
1655.56 1242.09
1655.67 1240.09
1655.72 1238.1
1655.73 1236.11
1655.72 1234.11
1655.69 1232.11
1655.71 1230.13
1655.92 1228.13
1656.17 1226.11
1656.33 1224.1
1656.55 1222.08
1656.65 1220.06
1656.67 1218.03
1656.66 1216
1656.66 1213.97
1656.66 1211.93
1656.7 1209.9
1656.77 1207.86
1656.82 1205.84
1656.81 1203.81
1656.75 1201.79
1656.63 1199.76
1656.5 1197.72
1656.29 1195.69
1656.05 1193.66
1655.98 1191.63
1656.04 1189.61
1656.05 1187.58
1656.02 1185.55
1655.88 1183.52
1655.86 1181.47
1655.89 1179.41
1655.68 1177.37
1655.41 1175.33
1655.21 1173.28
1654.88 1171.24
1654.33 1169.22
1654.06 1167.16
1654.06 1165.08
1654.03 1162.99
1653.85 1160.9
1653.5 1158.85
1653.16 1156.78
1652.79 1154.7
1652.48 1152.6
1652.16 1150.48
1651.56 1148.42
1650.85 1146.37
1650.23 1144.31
1649.43 1142.32
1648.65 1140.33
1647.71 1138.38
1647.32 1136.23
1646.78 1134.13
1646.15 1132.03
1645.77 1129.86
1645.22 1127.74
1644.2 1125.82
1643.23 1123.92
1642.31 1121.99
1641.49 1120
1640.52 1118.13
1639.25 1116.43
1637.95 1114.72
1637.18 1112.75
1636.24 1110.85
1635.29 1108.94
1634.27 1107.06
1633.43 1105.13
1632.39 1103.25
1631.4 1101.35
1630.17 1099.59
1629.14 1097.72
1627.95 1095.91
1626.9 1094.07
1626.67 1092.01
1627.23 1089.99
1628.25 1088.15
1629.43 1086.42
1630.4 1084.56
1631.46 1082.75
1632.59 1081.01
1633.66 1079.22
1634.77 1077.4
1636.22 1075.85
1637.77 1074.39
1639.6 1073.21
1641.25 1071.8
1642.87 1070.36
1644.71 1069.18
1646.26 1067.63
1647.82 1066.08
1649.67 1064.78
1651.38 1063.33
1653.1 1061.84
1654.35 1059.97
1655.82 1058.28
1657.28 1056.57
1658.74 1054.88
1660.2 1053.12
1661.65 1051.39
1663.3 1049.8
1664.57 1047.91
1665.84 1046.08
1667.15 1044.31
1668.32 1042.44
1669.4 1040.55
1670.53 1038.69
1671.71 1036.84
1673.03 1035.05
1673.79 1033.01
1674.61 1030.95
1675.47 1028.95
1676.42 1026.99
1677.16 1024.96
1677.95 1022.95
1679.21 1021.12
1679.93 1019.07
1681 1017.14
1681.63 1015.08
1682.08 1012.96
1682.44 1010.82
1682.69 1008.68
1682.82 1006.53
1682.96 1004.38
1683.36 1002.28
1683.85 1000.2
1684.36 998.123
1684.85 996.071
1685.32 994.028
1685.75 991.966
1686.4 989.974
1686.68 987.928
1686.7 985.872
1686.61 983.808
1686.6 981.744
1686.6 979.685
1686.6 977.63
1686.64 975.58
1686.68 973.543
1686.69 971.51
1686.67 969.481
1686.62 967.452
1686.74 965.407
1687.09 963.386
1687.3 961.363
1687.52 959.347
1687.73 957.328
1687.98 955.324
1688.63 953.387
1689.16 951.423
1689.42 949.404
1689.68 947.387
1690.01 945.376
1690.36 943.363
1690.8 941.366
1691.53 939.428
1692.3 937.506
1693 935.568
1693.52 933.573
1693.86 931.552
1694.47 929.583
1695.23 927.645
1695.67 925.635
1696.24 923.624
1696.96 921.68
1697.46 919.7
1698 917.729
1698.53 915.741
1699.13 913.756
1699.61 911.749
1700.11 909.756
1700.51 907.739
1700.92 905.721
1701.38 903.724
1701.92 901.762
1702.78 899.882
1703.31 897.87
1703.62 895.829
1703.92 893.799
1704.65 891.831
1705.16 889.826
1705.46 887.804
1705.85 885.801
1706.22 883.798
1706.51 881.784
1706.65 879.747
1706.66 877.7
1706.72 875.666
1706.98 873.645
1707.28 871.614
1707.55 869.577
1707.88 867.553
1708.22 865.542
1708.44 863.528
1708.49 861.496
1708.39 859.458
1708.19 857.417
1707.99 855.371
1708.11 853.356
1708.5 851.36
1708.89 849.368
1709.28 847.391
1709.58 845.398
1709.85 843.399
1710.16 841.399
1710.62 839.428
1710.94 837.425
1711.16 835.408
1711.37 833.397
1711.67 831.395
1711.9 829.358
1712.39 827.385
1712.96 825.431
1713.24 823.433
1713.45 821.417
1713.68 819.412
1713.89 817.397
1713.96 815.367
1713.92 813.348
1713.91 811.317
1713.92 809.282
1713.94 807.254
1713.95 805.228
1713.9 803.207
1713.82 801.193
1713.68 799.184
1713.63 797.173
1713.63 795.162
1713.63 793.154
1713.64 791.147
1713.65 789.146
1713.61 787.147
1713.52 785.141
1713.31 783.13
1713.21 781.123
1713.22 779.117
1713.31 777.122
1713.34 775.137
1713.33 773.159
1713.29 771.18
1713.22 769.197
1713.14 767.199
1713.11 765.184
1713.13 763.169
1713.12 761.154
1713.11 759.139
1713.13 757.122
1713.32 755.105
1713.67 753.115
1714.26 751.17
1714.49 749.147
1714.46 747.107
1714.37 745.072
1714.17 743.046
1714.07 741.015
1714.06 738.981
1714.06 736.946
1714.07 734.91
1714.07 732.873
1714.07 730.835
1714.06 728.796
1714.02 726.755
1714.01 724.71
1714 722.663
1713.94 720.616
1713.72 718.568
1713.49 716.505
1713.26 714.45
1713.11 712.392
1713.02 710.328
1712.55 708.312
1711.89 706.328
1711.75 704.272
1711.83 702.204
1711.67 700.156
1711.44 698.112
1711.07 696.055
1710.48 694.058
1710.11 692.013
1709.86 689.955
1709.57 687.927
1709.01 685.944
1708.37 683.99
1707.72 682.027
1707.3 680.003
1706.89 677.984
1706.52 675.949
1706.1 673.923
1705.65 671.913
1705.26 669.902
1705.01 667.853
1704.6 665.802
1703.95 663.797
1703.59 661.739
1703.29 659.681
1702.53 657.728
1701.82 655.747
1701.39 653.707
1700.97 651.67
1700.58 649.614
1700.33 647.524
1699.89 645.461
1699.13 643.484
1698.43 641.5
1697.72 639.521
1697.12 637.546
1696.53 635.511
1695.96 633.438
1695.48 631.362
1694.96 629.284
1693.95 627.377
1693.15 625.399
1692.05 623.533
1691.04 621.642
1690.19 619.693
1689.54 617.678
1688.9 615.632
1687.81 613.76
1687 611.761
1685.8 609.946
1685.1 607.916
1684.35 605.897
1683.62 603.876
1682.85 601.864
1682.11 599.844
1681.17 597.946
1679.89 596.239
1679.11 594.278
1678.1 592.397
1677.33 590.438
1676.35 588.585
1675.21 586.817
1674.12 585.007
1673.34 583.034
1672.56 581.021
1671.62 579.074
1670.88 577.047
1669.83 575.115
1669.31 572.985
1668.72 570.894
1667.87 568.88
1666.48 567.13
1665.23 565.253
1663.81 563.505
1662.62 561.593
1661.56 559.609
1660.57 557.583
1659.57 555.584
1658.59 553.57
1657.67 551.517
1656.57 549.561
1655.32 547.703
1654.02 545.847
1653.19 543.748
1652.12 541.781
1650.9 539.885
1649.67 537.999
1648.49 536.066
1647.31 534.187
1646.13 532.331
1645.07 530.403
1643.59 528.721
1642.31 526.91
1641.51 524.808
1640.69 522.711
1639.39 520.875
1637.9 519.143
1637.12 516.983
1636.13 514.938
1634.85 513.03
1633.49 511.166
1632.19 509.22
1631.13 507.109
1629.88 505.087
1628.73 503.034
1627.41 501.034
1626.21 498.946
1625.17 496.788
1623.58 494.923
1621.94 493.094
1620.91 490.911
1620.18 488.589
1619.08 486.448
1617.75 484.444
1615.92 482.822
1614.13 481.263
1612.57 479.475
1611.25 477.516
1610.15 475.437
1609.16 473.308
1607.59 471.474
1605.98 469.678
1604.64 467.77
1603.34 465.806
1602.1 463.791
1600.68 461.957
1599.39 460.045
1598.39 457.949
1597.48 455.819
1596.18 453.969
1594.29 452.693
1592.46 451.35
1591.04 449.603
1589.66 447.766
1588.45 445.83
1587.09 444.007
1586.02 442.001
1585.08 439.926
1583.56 438.227
1582.18 436.446
1580.92 434.581
1579.56 432.76
1578.73 430.669
1578.21 428.439
1577.55 426.256
1576.37 424.294
1574.79 422.642
1573.08 421.095
1571.04 419.932
1569.32 418.357
1567.67 416.716
1566.08 414.985
1564.54 413.172
1562.58 411.776
1560.86 410.135
1559.09 408.555
1556.98 407.295
1554.97 405.876
1552.92 404.516
1551.47 402.505
1550.32 400.301
1549.1 398.178
1547.37 396.436
1545.56 394.764
1543.64 393.199
1541.88 391.45
1540.16 389.682
1538.06 388.435
1535.84 387.312
1534 385.757
1532.47 383.875
1530.78 382.204
1529.28 380.385
1527.54 378.751
1525.56 377.452
1523.44 376.391
1521.4 375.186
1519.56 373.674
1517.79 372.102
1516.24 370.345
1514.55 368.676
1513.1 366.83
1511.6 364.955
1509.77 363.425
1507.72 362.251
1505.55 361.296
1503.63 359.856
1501.94 358.187
1500.12 356.745
1498.21 355.403
1496.63 353.739
1495.22 351.909
1493.28 350.703
1491.17 349.783
1489.05 348.908
1487.26 347.433
1485.34 346.078
1483.29 344.972
1481.5 343.5
1479.71 342.011
1477.65 341
1475.65 339.898
1473.72 338.615
1471.76 337.41
1470.1 335.848
1468.32 334.473
1466.25 333.534
1464.35 332.39
1462.69 330.907
1460.82 329.684
1458.7 328.98
1456.65 328.063
1454.61 327.182
1452.83 325.742
1450.95 324.562
1449.16 323.255
1447.41 321.84
1445.61 320.503
1443.69 319.351
1441.7 318.294
1439.65 317.367
1437.79 316.164
1436.2 314.61
1434.47 313.218
1432.89 311.616
1431.16 310.18
1429.14 309.187
1427.22 308.039
1425.35 306.78
1423.38 305.713
1421.38 304.722
1419.45 303.551
1417.36 302.772
1415.21 302.172
1413 301.996
1410.75 301.956
1408.56 301.569
1406.58 300.571
1404.69 299.423
1402.8 298.285
1400.78 297.466
1398.8 296.518
1396.77 295.67
1394.69 294.982
1392.86 293.737
1390.89 292.77
1388.79 292.004
1386.74 291.081
1384.68 290.29
1382.65 289.418
1380.62 288.523
1378.54 287.703
1376.39 287.141
1374.52 285.853
1372.41 285.194
1370.31 284.533
1368.23 283.775
1366.3 282.687
1364.32 281.71
1362.19 281.178
1360.13 280.426
1358.21 279.445
1356.18 278.612
1354.15 277.802
1352.08 277.154
1350.05 276.389
1348.04 275.586
1346.02 274.774
1343.94 274.204
1341.81 273.688
1339.69 273.21
1337.68 272.355
1335.72 271.401
1333.78 270.373
1331.69 269.769
1329.58 269.276
1327.59 268.388
1325.82 267.123
1324.14 265.731
1322.11 264.952
1320.15 263.955
1318.08 263.41
1315.93 263.06
1313.83 262.657
1311.86 261.809
1309.99 260.704
1308.06 259.77
1306.09 258.872
1304.07 258.134
1302.2 257.113
1300.49 255.786
1298.46 255.106
1296.48 254.179
1294.45 253.541
1292.35 253.097
1290.3 252.455
1288.28 251.655
1286.29 250.792
1284.2 250.195
1282.16 249.498
1280.34 248.239
1278.33 247.562
1276.2 247.21
1274.15 246.493
1272.11 245.772
1270.06 245.168
1268.01 244.628
1265.97 244.037
1263.91 243.462
1261.85 242.865
1259.83 242.209
1257.81 241.564
1255.84 240.716
1254 239.593
1252.01 238.871
1250.01 238.063
1247.94 237.55
1245.99 236.739
1244.01 235.984
1242.06 235.12
1240.09 234.303
1238.13 233.506
1236.04 233.114
1233.96 232.683
1232.05 231.763
1230.25 230.695
1228.34 229.826
1226.27 229.499
1224.22 229.103
1222.22 228.436
1220.27 227.673
1218.33 226.872
1216.35 226.212
1214.47 225.399
1212.48 224.875
1210.42 224.501
1208.4 223.927
1206.38 223.491
1204.36 223.004
1202.41 222.316
1200.47 221.665
1198.57 220.909
1196.65 220.201
1194.8 219.315
1192.95 218.454
1191.09 217.614
1189.1 217.122
1187.11 216.599
1185.17 215.84
1183.17 215.423
1181.11 215.193
1179.11 214.648
1177.17 213.901
1175.16 213.541
1173.13 213.265
1171.14 212.813
1169.17 212.216
1167.21 211.529
1165.22 210.933
1163.23 210.387
1161.23 209.954
1159.21 209.535
1157.19 209.172
1155.19 208.665
1153.25 207.845
1151.28 207.232
1149.25 206.661
1147.21 206.216
1145.15 205.994
1143.09 205.906
1141.03 205.847
1138.96 205.752
1136.88 205.553
1134.88 204.926
1132.9 204.263
1130.96 203.452
1129.02 202.693
1127.06 201.996
1125 201.609
1122.94 201.31
1120.88 201.035
1118.85 200.546
1116.79 200.423
1114.73 200.423
1112.66 200.428
1110.6 200.429
1108.55 200.427
1106.49 200.425
1104.44 200.453
1102.39 200.599
1100.33 200.712
1098.27 200.698
1096.22 200.563
1094.18 200.443
1092.14 200.426
1090.1 200.428
1088.07 200.429
1086.03 200.429
1084 200.427
1081.97 200.426
1079.94 200.469
1077.9 200.644
1075.86 200.725
1073.82 200.677
1071.79 200.52
1069.76 200.433
1067.73 200.422
1065.7 200.432
1063.68 200.536
1061.65 200.766
1059.62 200.959
1057.61 201.217
1055.64 201.558
1053.66 201.961
1051.67 202.128
1049.66 202.204
1047.65 202.308
1045.64 202.43
1043.63 202.445
1041.62 202.465
1039.62 202.629
1037.63 202.897
1035.63 203.098
1033.62 203.252
1031.61 203.341
1029.59 203.45
1027.58 203.68
1025.58 203.963
1023.59 204.259
1021.58 204.474
1019.57 204.605
1017.57 204.772
1015.57 205.075
1013.59 205.312
1011.59 205.374
1009.57 205.429
1007.56 205.627
1005.56 205.882
1003.53 206.031
1001.5 206.063
999.461 205.988
997.445 206.097
995.463 206.557
993.481 207.06
991.451 207.255
989.43 207.379
987.411 207.537
985.388 207.769
983.406 208.282
981.421 208.766
979.408 209.055
977.411 209.282
975.439 209.616
973.442 209.961
971.431 210.121
969.413 210.22
967.39 210.373
965.378 210.582
963.361 210.841
961.34 211.173
959.305 211.443
957.279 211.666
955.263 211.929
953.249 212.182
951.236 212.395
949.22 212.647
947.224 213.016
945.232 213.344
943.242 213.707
941.262 214.231
939.361 215.083
937.332 215.295
935.271 215.286
933.227 215.356
931.19 215.499
929.154 215.661
927.174 216.148
925.233 216.805
923.23 217.205
921.202 217.468
919.187 217.82
917.174 218.283
915.167 218.762
913.149 219.18
911.101 219.391
909.046 219.578
907.048 220.138
905.115 220.868
903.184 221.566
901.165 222.006
899.086 222.336
897.033 222.856
895.033 223.411
893.02 223.976
891.031 224.663
889.042 225.228
887.062 225.789
885.085 226.443
883.103 227.151
881.111 227.782
879.109 228.316
877.066 228.703
875.022 229.122
872.986 229.551
871.06 230.347
869.085 231.161
867.046 231.698
865.085 232.489
863.114 233.237
861.042 233.632
859.019 234.149
857.052 234.845
855.117 235.699
853.141 236.476
851.132 237.112
849.068 237.525
846.977 237.898
844.869 238.207
842.905 239.054
840.942 239.782
839.148 240.993
837.131 241.603
835.112 242.114
833.1 242.682
831.094 243.325
829.083 243.954
827.096 244.644
825.12 245.358
823.258 246.395
821.369 247.41
819.35 248.042
817.287 248.664
815.221 249.2
813.133 249.643
811.117 250.287
809.153 251.088
807.189 251.914
805.148 252.564
803.111 253.166
801.037 253.578
798.966 254.074
797.007 254.926
795.009 255.616
793.073 256.494
791.117 257.322
789.045 257.782
786.958 258.224
784.87 258.671
782.805 259.212
780.748 259.775
778.734 260.498
776.727 261.193
774.759 261.97
772.917 263.118
770.823 263.64
768.908 264.63
766.932 265.422
764.842 265.848
762.82 266.48
760.88 267.375
759.066 268.548
757.064 269.395
754.934 269.824
752.779 270.166
750.685 270.807
748.586 271.373
746.534 271.98
744.735 273.249
742.734 274.06
740.621 274.576
738.607 275.385
736.719 276.466
734.941 277.736
733.126 279.013
731.035 279.597
728.9 280.129
726.913 281.041
724.768 281.482
722.711 282.112
720.82 283.194
719.041 284.528
716.952 285.34
714.745 285.695
712.549 286.064
710.448 286.889
708.266 287.472
706.19 288.295
704.227 289.418
702.182 290.358
700.08 291.166
697.999 292.073
695.885 292.916
693.975 294.048
692.101 295.284
689.905 295.858
687.957 297.045
685.827 297.818
683.827 298.784
682.003 300.13
680.017 301.156
677.958 301.952
675.928 302.883
673.838 303.664
671.949 304.863
670.082 306.001
668.261 307.206
666.434 308.378
664.529 309.408
662.607 310.416
660.617 311.329
658.489 311.875
656.625 313.105
654.639 314.027
652.573 314.77
650.565 315.692
648.538 316.563
646.543 317.493
644.575 318.45
642.627 319.511
640.752 320.674
638.752 321.585
636.675 322.256
634.672 323.151
632.871 324.411
631.076 325.657
629.236 326.908
627.16 327.722
625.213 328.805
623.168 329.619
621.044 330.251
619.089 331.257
617.242 332.482
615.264 333.435
613.208 334.243
611.27 335.356
609.355 336.475
607.405 337.519
605.35 338.351
603.418 339.442
601.529 340.621
599.55 341.653
597.763 342.977
595.793 343.937
593.876 345.092
591.846 345.918
589.962 347.065
588.12 348.283
586.123 349.227
583.989 349.883
582.021 350.961
579.902 351.679
577.998 352.813
576.632 354.524
575.361 356.373
573.63 357.752
571.679 358.857
569.666 359.806
567.82 361.095
565.713 361.822
563.68 362.657
561.834 363.921
559.866 364.969
557.912 365.959
556.072 367.183
554.08 368.103
552.416 369.495
550.873 371.04
549.059 372.255
547.094 373.208
545.196 374.279
543.397 375.605
541.409 376.59
539.303 377.25
537.201 377.882
535.252 378.929
533.446 380.267
531.648 381.574
529.748 382.71
527.744 383.709
525.998 385.119
523.976 385.869
522.011 386.723
520.095 387.719
518.294 388.871
516.299 389.52
514.251 389.99
512.339 390.91
510.376 391.488
508.302 391.709
506.29 392.1
504.454 393.096
502.46 393.54
500.443 393.868
498.485 394.437
496.561 395.137
494.642 395.854
492.658 396.327
490.645 396.508
488.631 396.462
486.621 396.347
484.634 396.459
482.665 396.769
480.711 397.213
478.769 397.682
476.772 397.946
474.765 398.182
472.738 398.226
470.714 398.243
468.697 398.112
466.684 398.212
464.729 398.757
462.779 399.228
460.781 399.495
458.792 399.848
456.801 400.198
454.789 400.382
452.761 400.46
450.765 400.812
448.769 401.131
446.753 401.262
444.72 401.328
442.685 401.335
440.643 401.264
438.598 401.169
436.546 401.161
434.489 401.199
432.428 401.199
430.366 401.019
428.347 400.437
426.317 399.91
424.208 399.898
422.082 399.945
419.953 400.166
417.823 400.48
415.686 400.796
413.557 400.923
411.402 401.084
409.262 401.43
407.147 401.991
404.983 402.367
402.803 402.648
400.653 403.204
398.552 403.971
396.402 404.622
394.261 405.265
392.179 406.094
390.4 407.535
388.784 409.171
386.83 410.357
384.936 411.626
383.166 413.116
381.234 414.425
379.316 415.784
377.487 417.284
375.939 419.055
374.498 420.922
373.204 422.896
371.923 424.862
370.745 426.872
369.781 428.973
368.961 431.165
367.349 432.849
365.599 434.354
363.791 435.803
361.86 437.101
360.41 438.883
358.931 440.601
357.4 442.293
356.371 444.32
355.494 446.43
354.833 448.609
354.287 450.822
353.693 453.01
353.137 455.217
352.066 457.236
351.389 459.421
350.26 461.364
349.103 463.281
347.788 465.095
346.452 466.869
345.052 468.592
343.358 470.091
341.831 471.803
340.961 473.909
340.162 476.04
339.405 478.218
338.73 480.419
338.17 482.662
337.354 484.811
335.902 486.715
335.354 488.908
334.846 491.15
334.277 493.38
333.704 495.603
333.405 497.88
333.313 500.162
333.33 502.438
333.496 504.72
333.668 507.002
333.971 509.257
334.828 511.392
335.563 513.529
336.19 515.739
337.29 517.755
338.282 519.808
339.381 521.815
340.616 523.746
341.741 525.718
343.125 527.595
343.931 529.773
345.628 531.43
346.927 533.344
348.155 535.337
349.493 537.239
350.732 539.161
351.972 541.068
353.372 542.858
354.71 544.66
356.044 546.469
357.396 548.241
358.984 549.846
359.792 551.943
361.201 553.771
362.383 555.672
363.662 557.507
364.894 559.388
365.989 561.336
367.256 563.195
368.078 565.256
369.186 567.208
369.929 569.296
370.716 571.342
371.669 573.325
372.536 575.337
373.443 577.33
374.289 579.314
375.466 581.156
376.56 583.034
377.643 584.858
378.581 586.74
379.504 588.608
380.457 590.468
381.414 592.315
381.93 594.32
382.698 596.272
383.471 598.192
384.167 600.127
385.249 601.935
385.984 603.852
386.495 605.81
386.926 607.784
387.393 609.797
387.755 611.825
388.093 613.847
388.427 615.857
388.732 617.867
389.065 619.865
389.287 621.862
389.334 623.858
389.323 625.86
389.32 627.858
389.326 629.852
389.336 631.842
389.232 633.82
388.955 635.791
388.644 637.761
388.414 639.743
388.236 641.727
387.987 643.714
387.738 645.708
387.584 647.715
387.427 649.723
387.171 651.72
386.884 653.709
386.614 655.693
386.327 657.669
386.017 659.648
385.714 661.631
385.357 663.606
384.819 665.552
384.25 667.513
384.052 669.573
383.691 671.584
383.313 673.589
382.724 675.572
381.965 677.475
381.463 679.435
380.994 681.429
380.514 683.404
379.918 685.349
379.406 687.319
378.918 689.321
378.551 691.332
378.392 693.362
378.144 695.384
377.727 697.395
377.481 699.419
377.181 701.427
376.597 703.38
375.842 705.306
375.561 707.343
375.294 709.381
374.642 711.335
374.007 713.281
373.819 715.328
373.578 717.366
373.166 719.383
372.684 721.386
372.482 723.432
372.138 725.467
371.641 727.487
371.193 729.504
370.669 731.51
370.16 733.518
369.624 735.508
369.228 737.516
368.78 739.531
367.964 741.476
367.462 743.487
366.796 745.449
365.908 747.365
365.285 749.38
364.308 751.261
363.344 753.132
362.69 755.114
362.446 757.179
362.398 759.261
362.273 761.337
361.982 763.402
361.656 765.465
361.314 767.544
360.897 769.623
359.975 771.559
359.273 773.557
358.183 775.428
357.434 777.409
357.007 779.491
356.622 781.589
356.232 783.688
355.427 785.676
354.409 787.591
353.57 789.571
352.765 791.598
351.769 793.545
351.07 795.602
349.821 797.399
348.788 799.34
347.601 801.176
346.451 803.013
345.487 804.953
344.434 806.902
343.361 808.793
342.177 810.624
341.49 812.675
340.827 814.741
339.885 816.7
339.026 818.688
338.263 820.72
337.574 822.786
336.542 824.677
335.464 826.536
334.348 828.392
333.358 830.312
332.184 832.135
331.049 834.006
329.995 835.897
329.127 837.881
327.75 839.652
326.826 841.661
325.85 843.641
325.254 845.749
324.503 847.824
323.924 849.944
323.353 852.049
322.861 854.168
322.517 856.308
322.215 858.454
321.843 860.58
321.588 862.704
321.361 864.823
321.226 866.956
321 869.084
320.544 871.193
320.326 873.323
320.08 875.442
319.771 877.541
319.448 879.633
319.106 881.724
318.895 883.825
318.892 885.922
319.135 887.992
319.378 890.077
319.581 892.139
319.904 894.19
320.449 896.208
320.982 898.216
321.276 900.256
321.516 902.295
321.894 904.307
322.338 906.301
322.819 908.299
323.274 910.295
323.644 912.306
324.123 914.282
324.653 916.247
325.145 918.196
325.533 920.163
325.768 922.176
325.934 924.192
326.062 926.199
326.435 928.173
326.538 930.166
326.69 932.164
327.043 934.131
327.281 936.088
327.328 938.062
327.272 940.045
327.146 942.027
327.011 944.007
326.518 945.945
326.04 947.883
325.84 949.844
325.595 951.785
325.338 953.751
325.026 955.701
324.687 957.657
324.489 959.634
324.403 961.616
324.351 963.607
324.277 965.607
324.084 967.603
323.756 969.594
323.498 971.601
323.435 973.624
323.366 975.647
323.256 977.673
323.317 979.697
323.6 981.701
323.939 983.699
324.214 985.707
324.356 987.714
324.33 989.728
324.18 991.752
323.819 993.748
323.267 995.697
322.706 997.636
322.16 999.577
321.671 1001.55
321.43 1003.57
321.208 1005.59
320.709 1007.56
320.205 1009.53
319.781 1011.51
319.409 1013.51
318.786 1015.47
318.094 1017.4
317.756 1019.38
317.514 1021.39
317.018 1023.37
316.381 1025.31
316.038 1027.33
315.684 1029.35
315.331 1031.38
314.891 1033.37
314.499 1035.37
314.083 1037.37
313.707 1039.38
313.451 1041.4
313.253 1043.42
312.942 1045.44
312.335 1047.4
311.829 1049.41
311.581 1051.44
311.457 1053.48
311.331 1055.54
311.182 1057.62
310.767 1059.65
309.858 1061.55
309.214 1063.53
308.47 1065.47
307.653 1067.4
306.789 1069.32
306.048 1071.28
305.449 1073.28
305.154 1075.35
304.612 1077.36
303.688 1079.24
303.023 1081.23
302.018 1083.1
301.447 1085.1
300.841 1087.1
299.974 1088.97
299.097 1090.85
298.277 1092.76
297.623 1094.73
296.821 1096.63
295.794 1098.47
295.119 1100.47
293.885 1102.21
292.935 1104.07
292.201 1106.07
291.258 1108
290.383 1109.95
289.574 1111.94
288.923 1114.02
287.759 1115.9
286.805 1117.85
285.659 1119.72
284.669 1121.69
283.485 1123.56
282.318 1125.44
281.387 1127.45
280.429 1129.45
279.401 1131.42
278.209 1133.33
277.223 1135.35
275.859 1137.12
274.346 1138.76
273.039 1140.55
271.464 1142.19
269.894 1143.89
268.679 1145.82
267.465 1147.78
266.256 1149.74
265.169 1151.78
263.727 1153.6
262.184 1155.35
260.848 1157.24
259.417 1159.14
258.275 1161.18
257.051 1163.13
255.403 1164.83
253.763 1166.5
252.145 1168.18
250.655 1170.05
249.067 1171.81
247.281 1173.4
245.343 1174.85
243.422 1176.27
241.673 1177.97
240.14 1179.85
238.654 1181.74
237.087 1183.6
235.415 1185.42
233.602 1187.03
231.703 1188.61
230.043 1190.34
228.558 1192.18
227.283 1194.24
225.756 1196.08
223.891 1197.61
222.224 1199.34
220.599 1201.05
219.096 1202.79
217.871 1204.76
216.68 1206.72
215.298 1208.54
213.929 1210.39
212.685 1212.28
211.183 1213.97
209.593 1215.66
208.297 1217.55
206.87 1219.36
205.594 1221.25
204.445 1223.26
203.066 1225.08
201.709 1226.87
200.988 1228.99
200.048 1231.05
199.41 1233.14
198.77 1235.27
197.969 1237.31
197.338 1239.37
196.557 1241.4
195.957 1243.47
195.463 1245.56
194.872 1247.61
194.394 1249.68
193.727 1251.7
193.007 1253.74
192.005 1255.69
191.638 1257.83
191.288 1259.94
190.665 1262.01
190.31 1264.13
190.055 1266.28
189.926 1268.44
189.84 1270.6
189.808 1272.75
189.832 1274.9
189.775 1277.06
189.621 1279.21
189.43 1281.36
189.366 1283.51
189.296 1285.66
188.977 1287.78
188.736 1289.96
188.645 1292.15
188.59 1294.35
188.548 1296.55
188.567 1298.76
188.676 1300.95
189.086 1303.12
189.726 1305.17
190.548 1307.17
191.626 1309.07
192.834 1310.9
193.86 1312.77
195.089 1314.51
196.443 1316.15
197.872 1317.73
199.485 1319.24
201.289 1320.44
203.308 1321.17
205.446 1321.58
207.391 1322.52
209.125 1323.83
210.643 1325.34
211.652 1327.24
211.689 1329.35
210.998 1331.39
210.198 1333.38
209.545 1335.42
209.079 1337.51
208.457 1339.59
208.147 1341.71
208.613 1343.82
209.161 1345.88
209.817 1347.9
211.135 1349.64
212.114 1351.54
212.704 1353.61
213.623 1355.52
215.189 1357.06
216.179 1358.96
217.503 1360.6
218.647 1362.35
219.88 1364.03
221.072 1365.73
222.082 1367.56
222.901 1369.51
223.407 1371.52
223.494 1373.6
223.359 1375.68
223.173 1377.76
222.865 1379.82
222.497 1381.89
221.861 1383.9
221.371 1385.96
220.98 1388.05
220.646 1390.16
220.3 1392.28
219.697 1394.36
218.935 1396.4
218.319 1398.48
217.727 1400.57
217.356 1402.72
217.175 1404.92
217.28 1407.1
217.739 1409.24
218.633 1411.25
219.75 1413.2
220.623 1415.23
221.295 1417.36
221.655 1419.55
222.077 1421.73
222.848 1423.83
223.785 1425.84
225.643 1427.06
227.689 1427.95
229.842 1428.55
231.909 1429.36
233.922 1430.28
235.918 1431.3
238.107 1431.85
239.997 1433.07
242.141 1433.5
244.304 1433.73
246.473 1433.83
248.639 1433.72
250.791 1433.69
252.938 1433.68
255.077 1433.57
257.214 1433.34
259.34 1433.15
261.498 1433.11
263.594 1433.61
265.255 1434.96
265.944 1437.02
266.457 1439.17
267.425 1441.09
268.676 1442.83
270.044 1444.49
271.71 1445.92
273.25 1447.53
274.474 1449.38
275.975 1450.98
277.636 1452.42
279.555 1453.47
281.566 1454.35
283.558 1455.29
285.712 1455.84
287.759 1456.56
289.85 1457.24
291.908 1457.89
293.876 1458.88
296.013 1459.38
298.054 1460.08
300.034 1460.87
302.03 1461.48
303.983 1462.26
306.039 1462.69
308.089 1462.94
310.136 1462.83
312.163 1462.49
314.146 1461.99
316.152 1461.72
318.118 1461.35
319.923 1460.42
321.752 1459.45
323.736 1458.97
325.475 1459.94
325.929 1461.92
325.679 1463.98
325.277 1466.03
324.597 1468
323.711 1469.93
322.752 1471.86
321.815 1473.84
321.309 1475.97
320.98 1478.15
320.847 1480.39
321.111 1482.65
321.774 1484.85
323.276 1486.63
324.895 1488.32
325.87 1490.45
326.946 1492.58
328.711 1494.14
330.839 1495.2
333.219 1495.65
335.349 1496.74
337.148 1498.29
338.455 1500.33
340.233 1501.89
342.064 1503.42
344.178 1504.41
346.499 1504.69
348.813 1504.58
351.069 1504.06
353.244 1503.39
355.157 1502.15
357.124 1501.01
358.539 1499.28
360.012 1497.65
361.234 1495.84
362.023 1493.85
362.318 1491.77
362.454 1489.7
362.725 1487.67
363.238 1485.71
363.796 1483.78
364.238 1481.86
364.612 1479.93
365.336 1478.14
365.981 1476.38
366.977 1474.76
368.394 1473.52
370.223 1473.22
371.983 1473.85
373.108 1475.38
373.442 1477.22
373.386 1479.12
373.144 1481
372.83 1482.89
372.516 1484.81
372.23 1486.74
371.769 1488.65
371.146 1490.55
370.368 1492.42
369.598 1494.29
368.764 1496.2
367.432 1497.87
366.009 1499.53
365.062 1501.48
364.552 1503.58
364.588 1505.77
365.078 1507.92
365.741 1510.03
367.045 1511.91
368.107 1513.97
369.345 1515.9
370.724 1517.76
372.46 1519.25
374.606 1520.1
376.646 1521.24
378.88 1521.82
381.099 1522.43
383.32 1523.09
385.318 1524.26
387.285 1525.45
389.447 1526.18
391.539 1527.14
393.784 1527.49
396.049 1527.71
398.307 1527.98
400.511 1528.49
402.718 1528.91
404.944 1529.09
407.163 1529.15
409.372 1529.14
411.574 1529.12
413.761 1529.21
415.925 1529.46
418.088 1529.62
420.249 1529.7
422.389 1529.86
424.499 1530.29
426.634 1530.27
428.738 1529.91
430.808 1529.56
432.804 1529.05
434.67 1528.07
436.44 1526.95
438.041 1525.62
439.704 1524.36
441.491 1523.25
443.427 1522.5
445.478 1522.32
447.553 1522.48
449.611 1522.72
451.674 1523.03
453.738 1523.41
455.788 1523.86
457.81 1524.47
459.816 1525.08
461.833 1525.64
463.637 1526.81
465.654 1527.43
467.72 1527.82
469.659 1528.69
471.657 1529.33
473.756 1529.59
475.86 1529.67
477.96 1529.7
480.063 1529.86
482.193 1529.96
484.324 1529.97
486.454 1529.98
488.585 1530.03
490.722 1530.05
492.86 1530.05
494.993 1529.91
497.092 1529.5
499.114 1528.78
501.095 1527.89
503.252 1527.49
505.253 1526.71
506.732 1525.16
507.833 1523.27
509.143 1521.56
511.004 1520.45
513.014 1519.71
515.119 1519.93
517.118 1520.77
519.049 1521.67
520.777 1522.95
522.317 1524.46
523.852 1525.99
525.148 1527.76
526.097 1529.76
527.429 1531.53
528.969 1533.16
530.446 1534.86
532.173 1536.3
533.494 1538.16
535.161 1539.72
536.822 1541.25
538.84 1542.23
540.731 1543.45
542.402 1544.92
543.881 1546.57
545.62 1548.1
547.112 1549.84
548.659 1551.59
550.24 1553.32
551.853 1554.99
553.47 1556.79
555.238 1558.36
557.154 1559.78
559.121 1561.14
561.378 1561.9
563.64 1562.62
565.648 1563.9
567.519 1565.37
569.112 1567.14
570.466 1569.04
572.051 1570.73
573.688 1572.37
575.518 1573.81
577.195 1575.44
578.822 1577.12
580.991 1577.92
583.233 1578.51
585.177 1579.63
586.623 1581.42
588.151 1583.14
589.965 1584.49
591.915 1585.63
593.908 1586.77
595.678 1588.24
597.422 1589.72
599.221 1591.2
601.47 1591.62
603.732 1592.02
605.761 1593.08
607.763 1594.13
609.5 1595.63
610.992 1597.35
612.487 1599.09
614.392 1600.27
616.411 1601.26
618.643 1601.55
620.862 1601.83
623.011 1602.36
624.907 1603.41
626.441 1605.02
628.256 1606.19
630.079 1607.36
631.969 1608.46
634 1609.31
636.123 1609.79
638.086 1610.66
639.799 1612.02
641.522 1613.44
643.217 1614.85
645.197 1615.79
647.28 1616.56
649.445 1617.03
651.641 1617.21
653.803 1617.5
655.776 1618.4
657.519 1619.79
659.313 1621.05
661.377 1621.85
663.308 1623.02
665.454 1623.65
667.411 1624.67
669.338 1625.7
671.216 1626.88
672.711 1628.49
674.422 1629.84
676.403 1630.8
678.57 1631.26
680.782 1631.44
682.965 1631.67
684.988 1632.5
687.015 1633.31
689.082 1633.95
691.187 1634.45
693.314 1634.82
695.429 1635.18
697.43 1635.94
699.191 1637.22
701.101 1638.22
703.003 1639.3
705.076 1639.78
707.256 1639.96
709.275 1640.7
711.239 1641.54
713.095 1642.59
714.858 1643.81
716.793 1644.71
718.859 1645.22
720.973 1645.6
723.117 1645.79
725.202 1646.31
727.112 1647.36
729.058 1648.24
731.051 1649.07
733.194 1649.31
735.286 1649.64
737.223 1650.47
739.014 1651.66
740.906 1652.7
742.967 1653.31
745.111 1653.62
747.272 1653.6
749.403 1653.86
751.364 1654.8
753.33 1655.68
754.828 1657.27
756.47 1658.62
758.354 1659.61
760.439 1660.05
762.619 1660
764.779 1660.17
766.841 1660.75
768.786 1661.6
770.876 1661.84
772.978 1661.71
775.057 1661.81
777.047 1662.48
778.953 1663.38
780.93 1664.09
782.848 1665.04
784.934 1665.23
787.062 1665.13
789.18 1665.27
791.219 1665.73
793.278 1666.19
795.379 1666.17
797.467 1666.1
799.503 1666.4
801.384 1667.23
803.134 1668.33
804.996 1669.19
807.049 1669.51
809.138 1669.6
811.208 1669.81
813.157 1670.56
815.107 1671.28
817.161 1671.49
819.229 1671.56
821.292 1671.65
823.328 1671.91
825.216 1672.73
827.114 1673.41
829.087 1673.91
831.116 1674.47
833.198 1674.6
835.268 1674.56
837.283 1674.96
839.245 1675.64
841.249 1676.15
843.29 1676.4
845.343 1676.44
847.386 1676.68
849.366 1677.27
851.33 1677.82
853.206 1678.69
855.181 1679.23
857.224 1679.39
859.271 1679.49
861.309 1679.64
863.342 1679.81
865.386 1679.96
867.445 1680.14
869.456 1680.5
871.413 1681.12
873.41 1681.54
875.399 1681.93
877.391 1682.33
879.418 1682.48
881.444 1682.56
883.469 1682.78
885.487 1683.14
887.522 1683.4
889.556 1683.36
891.579 1683.19
893.603 1683.25
895.599 1683.59
897.56 1684.1
899.529 1684.57
901.518 1684.93
903.519 1685.26
905.51 1685.58
907.508 1685.87
909.518 1686.17
911.519 1686.53
913.543 1686.91
915.541 1687.35
917.565 1687.66
919.539 1688.26
921.491 1688.94
923.519 1689.02
925.507 1688.5
927.485 1687.93
929.477 1688.26
931.436 1688.95
933.461 1689.14
935.491 1689.11
937.513 1689.06
939.538 1689.17
941.549 1689.4
943.548 1689.7
945.563 1689.93
947.593 1689.94
949.622 1689.96
951.637 1690.18
953.656 1690.43
955.689 1690.51
957.718 1690.44
959.735 1690.37
961.758 1690.37
963.775 1690.38
965.787 1690.38
967.794 1690.37
969.802 1690.32
971.803 1690.31
973.799 1690.49
975.8 1690.74
977.842 1690.81
979.882 1690.76
981.915 1690.7
983.936 1690.82
985.931 1691.04
987.945 1691.1
989.953 1690.96
991.953 1690.98
993.947 1691.19
995.942 1691.47
997.946 1691.68
999.957 1691.71
1001.96 1691.55
1003.97 1691.5
1005.98 1691.64
1007.99 1691.74
1009.99 1691.61
1011.98 1691.35
1013.98 1691.12
1015.97 1691.16
1017.96 1691.39
1019.96 1691.54
1021.96 1691.46
1023.96 1691.28
1025.96 1691.17
1027.96 1691.07
1029.95 1690.95
1031.94 1690.86
1033.94 1690.82
1035.92 1690.94
1037.89 1691.25
1039.88 1691.37
1041.86 1691.13
1043.83 1690.86
1045.81 1690.82
1047.8 1690.9
1049.76 1691.18
1051.74 1691.44
1053.74 1691.45
1055.74 1691.28
1057.73 1691.27
1059.73 1691.43

751

1005.57 1456.12
1003.56 1456.22
1001.56 1456
999.577 1455.72
997.59 1455.46
995.594 1455.26
993.594 1455.03
991.608 1454.69
989.624 1454.63
987.641 1454.78
985.656 1454.99
983.664 1455.08
981.656 1455.1
979.65 1455.13
977.647 1455.17
975.647 1455.2
973.646 1455.24
971.644 1455.25
969.643 1455.26
967.644 1455.31
965.658 1455.21
963.716 1454.68
961.777 1454.1
959.79 1453.93
957.785 1453.96
955.781 1454.08
953.773 1454.25
951.757 1454.24
949.75 1454.01
947.739 1453.89
945.724 1453.9
943.704 1453.96
941.697 1454.2
939.725 1454.73
937.73 1455.15
935.695 1455.2
933.666 1455.1
931.631 1455.04
929.591 1454.95
927.564 1454.72
925.577 1454.22
923.564 1453.93
921.527 1453.9
919.488 1453.9
917.469 1453.79
915.451 1453.61
913.436 1453.35
911.441 1452.92
909.462 1452.48
907.472 1452.07
905.492 1451.57
903.501 1451.09
901.509 1450.66
899.504 1450.42
897.489 1450.38
895.471 1450.42
893.457 1450.29
891.462 1449.96
889.476 1449.59
887.469 1449.25
885.451 1448.95
883.437 1448.61
881.444 1448.16
879.44 1447.8
877.417 1447.59
875.388 1447.38
873.379 1447.02
871.44 1446.31
869.438 1445.91
867.398 1445.81
865.362 1445.74
863.328 1445.6
861.282 1445.36
859.257 1444.96
857.235 1444.58
855.185 1444.42
853.123 1444.32
851.086 1443.99
849.079 1443.39
847.022 1443.02
844.973 1442.71
842.909 1442.35
840.843 1441.98
838.772 1441.61
836.7 1441.13
834.684 1440.34
832.586 1439.89
830.452 1439.66
828.301 1439.48
826.145 1439.27
823.964 1438.91
821.815 1438.41
819.619 1438.04
817.407 1437.76
815.229 1437.29
813.029 1436.66
810.79 1436.08
808.512 1435.64
806.202 1435.29
803.874 1434.83
801.594 1434.11
799.475 1432.99
797.88 1431.18
796.982 1428.86
796.014 1426.55
795.075 1424.2
794.139 1421.85
793.227 1419.48
791.533 1417.56
789.543 1415.97
787.182 1415.01
785.043 1413.65
783.581 1411.62
783.269 1409.1
783.336 1406.56
783.758 1404.08
784.882 1401.85
786.595 1400.15
788.914 1399.53
791.309 1399.35
793.685 1399.36
796.043 1399.52
798.367 1399.67
800.654 1399.85
802.848 1400.57
805.076 1400.82
807.241 1400.32
809.277 1399.56
811.001 1398.23
812.54 1396.77
813.645 1394.95
814.947 1393.26
815.689 1391.29
817.026 1389.66
818.441 1388.19
819.778 1386.65
820.89 1384.96
821.749 1383.13
822.542 1381.25
823.201 1379.33
823.465 1377.28
823.974 1375.3
824.895 1373.43
825.353 1371.44
825.604 1369.4
825.825 1367.34
825.959 1365.28
825.969 1363.22
825.839 1361.15
825.345 1359.11
824.697 1357.09
823.909 1355.09
823.731 1352.97
823.726 1350.81
823.707 1348.64
823.898 1346.49
824.53 1344.37
824.899 1342.18
825.036 1339.94
825.217 1337.71
825.566 1335.51
826.103 1333.34
826.888 1331.25
828.102 1329.33
829.104 1327.31
829.763 1325.14
830.443 1322.95
831.168 1320.77
831.846 1318.6
833.381 1316.94
835.279 1315.65
837.21 1314.4
838.965 1312.97
840.735 1311.48
842.213 1309.72
843.748 1308.08
845.257 1306.42
847.029 1305.01
848.216 1303.12
849.561 1301.34
851.382 1300.06
853.164 1298.74
854.693 1297.21
855.871 1295.35
857.296 1293.59
857.986 1291.52
858.438 1289.36
859.015 1287.25
860.14 1285.38
861.673 1283.79
863.225 1282.2
864.329 1280.29
865.104 1278.27
865.379 1276.12
865.654 1273.97
866.154 1271.83
866.741 1269.71
866.983 1267.52
866.86 1265.32
866.881 1263.12
867.414 1260.99
868.172 1258.9
868.801 1256.78
869.571 1254.68
870.309 1252.56
871.23 1250.48
871.979 1248.31
873.747 1246.87
875.894 1245.93
878.199 1246.15
880.472 1246.24
882.715 1245.93
884.933 1245.75
887.131 1245.68
889.301 1245.73
891.469 1245.74
893.607 1245.56
895.67 1245.02
897.742 1244.52
899.859 1244.3
901.974 1244.13
904.054 1243.79
906.079 1243.31
908.059 1242.65
910.07 1242.13
912.102 1241.83
914.155 1241.72
916.204 1241.63
918.249 1241.48
920.281 1241.24
922.301 1241.16
924.324 1241.17
926.342 1241.1
928.306 1240.63
930.207 1239.85
932.161 1239.29
933.874 1238.19
935.651 1237.15
937.187 1235.77
938.547 1234.22
940.241 1233.02
941.66 1231.48
943.196 1230.05
945.053 1229.19
947.035 1228.67
948.948 1227.92
950.703 1226.83
952.494 1225.83
954.48 1225.36
956.499 1225.07
958.516 1224.8
960.553 1224.72
962.596 1224.75
964.638 1224.73
966.656 1224.45
968.625 1223.85
970.656 1223.56
972.625 1223.13
974.283 1221.89
976 1220.78
977.981 1220.09
979.971 1219.4
981.987 1218.84
984.056 1218.58
986.125 1218.29
988.175 1217.82
990.066 1216.97
991.652 1215.49
993.325 1214.13
995.291 1213.37
997.36 1212.86
999.343 1212.09
1001.19 1210.98
1003.04 1209.94
1005.01 1209.14
1006.8 1207.87
1008.86 1207.45
1010.98 1207.15
1012.9 1206.24
1014.82 1205.36
1016.76 1204.48
1018.75 1203.76
1020.76 1203.07
1022.82 1202.51
1024.74 1201.66
1026.47 1200.39
1028.21 1199.15
1029.92 1197.84
1031.89 1196.99
1033.93 1196.25
1035.9 1195.33
1037.92 1194.5
1040 1193.94
1042.15 1193.76
1044.3 1193.66
1046.44 1193.39
1048.49 1192.68
1050.5 1191.8
1052.63 1191.39
1054.74 1190.84
1056.74 1189.99
1058.83 1189.48
1060.88 1188.82
1062.88 1187.99
1064.96 1187.41
1067 1186.74
1069.08 1186.24
1071.15 1185.79
1073.21 1185.39
1075.31 1185.23
1077.43 1185.07
1079.52 1184.64
1081.64 1184.43
1083.75 1184.62
1085.8 1185.11
1087.84 1185.59
1089.93 1185.93
1092.03 1186.04
1094.12 1186.05
1096.21 1186.03
1098.3 1186.05
1100.39 1186.12
1102.49 1186.25
1104.56 1186.54
1106.64 1186.85
1108.71 1187.26
1110.76 1187.75
1112.78 1188.31
1114.86 1188.51
1116.96 1188.36
1119.01 1187.83
1120.97 1187.05
1122.99 1186.4
1125.03 1185.84
1127.12 1185.55
1129.23 1185.56
1131.28 1185.97
1133.2 1186.78
1134.84 1188.07
1136.48 1189.35
1138.39 1190.2
1140.26 1191.18
1142.22 1191.95
1143.98 1193.19
1145.99 1193.93
1148.04 1194.65
1150.15 1195.14
1152.3 1195.33
1154.46 1195.43
1156.63 1195.57
1158.79 1195.77
1160.9 1196.21
1162.96 1196.82
1164.99 1197.53
1166.92 1198.55
1168.78 1199.65
1170.65 1200.75
1172.76 1201.19
1174.89 1201.46
1176.91 1202.19
1178.84 1203.12
1180.76 1204.09
1182.68 1205.08
1184.51 1206.2
1186.23 1207.53
1187.93 1208.89
1189.65 1210.21
1191.2 1211.8
1192.82 1213.23
1194.72 1214.19
1196.54 1215.33
1198.48 1216.15
1200.33 1217.2
1202.35 1217.8
1204.29 1218.62
1206.23 1219.46
1208.29 1220
1210.36 1220.52
1212.37 1221.17
1214.24 1222.09
1215.9 1223.49
1217.68 1224.75
1219.44 1225.99
1221.28 1227.1
1223.18 1228.14
1225.15 1229.06
1227.25 1229.53
1229.35 1229.95
1231.36 1230.77
1233.38 1231.53
1235.4 1232.33
1237.39 1233.12
1239.46 1233.66
1241.47 1234.41
1243.47 1235.23
1245.44 1236.14
1247.5 1236.84
1249.62 1237.36
1251.76 1237.78
1253.81 1238.54
1255.86 1239.36
1258.01 1239.92
1260.07 1240.84
1262.21 1241.36
1264.36 1241.86
1266.47 1242.6
1268.57 1243.46
1270.69 1244.23
1272.78 1245.14
1275.01 1245.57
1277.24 1245.99
1279.29 1247.07
1281.53 1247.59
1283.51 1248.7
1285.32 1250.09
1286.49 1252.12
1287.99 1253.85
1289.42 1255.66
1290.65 1257.65
1292.07 1259.53
1293.5 1261.37
1295.17 1263.03
1296.91 1264.53
1298.61 1266.01
1300.06 1267.79
1301.6 1269.46
1303.46 1270.74
1305.47 1271.73
1307.33 1272.98
1309.34 1273.93
1311.27 1275.1
1313.27 1276.08
1315.33 1276.88
1317.36 1277.72
1319.17 1279.08
1321.14 1279.95
1323.08 1280.9
1325.13 1281.51
1327.14 1282.22
1329.02 1283.22
1330.85 1284.27
1332.79 1285.05
1334.84 1285.52
1336.84 1286.11
1338.69 1287.15
1340.72 1287.62
1342.72 1288.29
1344.72 1288.92
1346.79 1289.08
1348.84 1288.75
1350.81 1287.99
1352.83 1287.55
1354.92 1287.45
1357.01 1287.62
1359.03 1288.09
1360.77 1289.27
1362.63 1290.1
1364.47 1291.01
1366.31 1291.89
1368.27 1292.37
1370.26 1292.75
1372.2 1293.3
1374.15 1293.79
1376.12 1294.24
1378.01 1293.58
1379.87 1292.87
1381.77 1292.22
1383.74 1291.64
1385.66 1290.92
1387.59 1290.18
1389.58 1289.55
1391.57 1288.84
1393.37 1287.68
1395.12 1286.4
1396.81 1285.05
1398.13 1283.2
1399.83 1281.69
1401.44 1280.01
1403.28 1278.61
1405.19 1277.24
1407.39 1276.33
1409.43 1275.08
1411.08 1273.32
1412.61 1271.38
1413.69 1269.12
1415.03 1267
1416.81 1265.2
1418.48 1263.25
1420.14 1261.24
1421.7 1259.14
1423.88 1257.76
1426.47 1257.53
1428.96 1258.26
1431.05 1259.88
1432.99 1261.66
1435.15 1263.1
1437.51 1264.24
1439.37 1266
1440.75 1268.18
1441.93 1270.47
1443.94 1272.12
1445.75 1273.96
1447.47 1275.85
1448.71 1278.06
1449.17 1280.53
1449.29 1283.07
1449.84 1285.53
1451.71 1287.25
1453.62 1288.92
1455.67 1290.4
1457.47 1292.17
1458.57 1294.4
1459.3 1296.79
1459.38 1299.26
1458.81 1301.68
1457.97 1304.02
1457.32 1306.41
1456.53 1308.76
1455.44 1310.97
1454.08 1313
1452.72 1314.97
1450.99 1316.64
1449.37 1318.38
1447.61 1319.99
1445.97 1321.75
1444.52 1323.6
1443.06 1325.44
1441.7 1327.35
1440.01 1328.98
1438.65 1330.77
1437.3 1332.59
1435.82 1334.26
1434.17 1335.82
1432.69 1337.56
1431.03 1339.08
1429.15 1340.39
1427.24 1341.64
1425.62 1343.3
1423.76 1344.64
1421.99 1346.06
1420.09 1347.23
1418.16 1348.39
1416.33 1349.65
1415.08 1351.49
1413.65 1353.19
1411.8 1354.41
1409.99 1355.67
1408.52 1357.29
1407.25 1359.1
1405.52 1360.43
1403.87 1361.83
1402.24 1363.3
1400.74 1364.91
1398.99 1366.21
1397.14 1367.46
1395.22 1368.63
1393.27 1369.74
1391.6 1371.3
1389.81 1372.72
1387.65 1373.31
1385.39 1373.38
1383.18 1373.72
1381.18 1374.72
1379.22 1375.78
1377.64 1377.35
1376.59 1379.35
1375.36 1381.2
1373.63 1382.59
1371.59 1383.49
1369.58 1384.42
1367.62 1385.43
1365.62 1386.37
1363.94 1387.85
1362.11 1389.11
1360.05 1389.96
1358.1 1391.09
1355.89 1391.44
1353.73 1391.85
1351.84 1393.06
1350.02 1394.32
1348.35 1395.71
1346.5 1396.83
1344.52 1397.73
1342.75 1399.07
1340.64 1399.54
1338.5 1399.96
1336.6 1401.07
1334.62 1401.94
1332.65 1402.86
1330.81 1404.05
1328.85 1404.95
1326.8 1405.59
1324.66 1406.02
1322.58 1406.69
1320.52 1407.41
1318.4 1407.77
1316.21 1407.84
1314.05 1407.85
1312.04 1408.68
1310.05 1409.48
1308.11 1410.33
1306.27 1411.4
1304.4 1412.41
1302.44 1413.21
1300.36 1413.59
1298.26 1413.88
1296.32 1414.73
1294.37 1415.5
1292.27 1415.76
1290.26 1416.38
1288.3 1417.15
1286.26 1417.55
1284.19 1417.87
1282.13 1418.27
1280.04 1418.48
1277.92 1418.56
1275.88 1419.09
1274.11 1420.32
1272.23 1421.3
1270.2 1421.81
1268.15 1422.26
1266.18 1423.05
1264.12 1423.51
1262.11 1424.01
1260.07 1424.65
1257.98 1425.03
1255.95 1425.46
1253.92 1425.94
1251.91 1426.47
1249.94 1427.15
1247.95 1427.76
1245.96 1428.36
1243.93 1428.83
1241.89 1429.26
1239.84 1429.57
1237.79 1429.8
1235.71 1429.99
1233.68 1430.55
1231.67 1431.18
1229.61 1431.52
1227.55 1431.89
1225.67 1432.82
1223.78 1433.66
1221.93 1434.63
1220.06 1435.52
1218.13 1436.29
1216.11 1436.78
1214.11 1437.22
1212.07 1437.34
1210 1437.41
1207.92 1437.54
1205.88 1437.76
1203.83 1437.86
1201.79 1438.2
1199.77 1438.76
1197.72 1439.04
1195.68 1439.34
1193.64 1439.61
1191.59 1439.94
1189.65 1440.68
1187.65 1441.2
1185.62 1441.38
1183.58 1441.52
1181.57 1441.76
1179.57 1442.05
1177.57 1442.33
1175.56 1442.58
1173.55 1442.84
1171.55 1443.19
1169.55 1443.54
1167.55 1443.91
1165.56 1444.25
1163.56 1444.56
1161.58 1444.95
1159.59 1445.34
1157.59 1445.66
1155.57 1445.89
1153.54 1446
1151.52 1446.01
1149.48 1446.03
1147.47 1446.36
1145.52 1447.04
1143.5 1447.18
1141.46 1447.2
1139.44 1447.51
1137.41 1447.8
1135.36 1447.9
1133.33 1447.99
1131.37 1448.51
1129.41 1449.02
1127.41 1449.25
1125.39 1449.36
1123.38 1449.4
1121.38 1449.46
1119.4 1449.68
1117.41 1449.93
1115.41 1450.04
1113.39 1450.13
1111.38 1450.29
1109.37 1450.38
1107.37 1450.45
1105.38 1450.74
1103.45 1451.33
1101.54 1451.97
1099.61 1452.55
1097.64 1452.95
1095.65 1453.22
1093.62 1453.39
1091.6 1453.53
1089.6 1453.68
1087.61 1453.83
1085.59 1453.9
1083.57 1453.92
1081.55 1453.93
1079.52 1453.98
1077.48 1454
1075.45 1453.94
1073.41 1453.91
1071.38 1453.94
1069.35 1453.96
1067.32 1453.96
1065.29 1453.96
1063.26 1453.96
1061.24 1453.96
1059.22 1453.96
1057.2 1453.96
1055.19 1453.96
1053.18 1453.99
1051.17 1454.07
1049.16 1454.09
1047.15 1454.16
1045.2 1454.6
1043.28 1455.14
1041.31 1455.34
1039.33 1455.61
1037.33 1455.77
1035.33 1455.7
1033.34 1455.55
1031.35 1455.34
1029.38 1455.2
1027.41 1455.26
1025.44 1455.43
1023.48 1455.7
1021.5 1455.9
1019.51 1455.97
1017.53 1455.98
1015.54 1455.97
1013.55 1455.99
1011.55 1455.99
1009.56 1455.98
1007.56 1455.98

