CONTOUR

2

2122

1066.48 1644.72
1068.45 1644.59
1070.43 1644.35
1072.41 1644.09
1074.39 1644
1076.37 1643.99
1078.35 1643.89
1080.31 1643.57
1082.3 1643.43
1084.3 1643.58
1086.27 1643.88
1088.24 1644.02
1090.23 1643.85
1092.21 1643.58
1094.2 1643.42
1096.21 1643.48
1098.21 1643.62
1100.21 1643.57
1102.21 1643.29
1104.19 1643
1106.19 1642.91
1108.2 1642.9
1110.2 1642.86
1112.21 1642.69
1114.22 1642.58
1116.24 1642.51
1118.25 1642.48
1120.27 1642.56
1122.3 1642.57
1124.32 1642.51
1126.33 1642.34
1128.32 1641.87
1130.32 1641.52
1132.31 1641.26
1134.31 1641.15
1136.33 1641.23
1138.33 1641.33
1140.33 1641.3
1142.32 1641.01
1144.25 1640.35
1146.24 1640.06
1148.29 1640.25
1150.32 1640
1152.29 1639.56
1154.3 1639.32
1156.33 1639.29
1158.35 1639.46
1160.38 1639.62
1162.39 1639.46
1164.32 1638.82
1166.19 1637.98
1168.17 1637.73
1170.18 1637.72
1172.19 1637.74
1174.19 1637.7
1176.2 1637.49
1178.22 1637.37
1180.23 1637.37
1182.26 1637.38
1184.28 1637.2
1186.28 1636.83
1188.27 1636.4
1190.28 1636.06
1192.31 1635.92
1194.35 1635.9
1196.39 1635.88
1198.43 1635.95
1200.47 1636.23
1202.53 1636.34
1204.59 1636.35
1206.65 1636.21
1208.6 1635.55
1210.43 1634.62
1212.35 1633.94
1214.34 1633.66
1216.35 1633.45
1218.36 1633.29
1220.37 1633.03
1222.34 1632.39
1224.33 1631.91
1226.37 1631.72
1228.4 1631.7
1230.45 1631.69
1232.48 1631.41
1234.5 1631.07
1236.52 1630.73
1238.56 1630.56
1240.63 1630.54
1242.7 1630.55
1244.74 1630.15
1246.75 1629.72
1248.75 1629.28
1250.79 1629.09
1252.84 1629.03
1254.89 1628.95
1256.92 1628.63
1258.93 1628.12
1260.89 1627.36
1262.9 1626.88
1264.97 1626.88
1267.05 1626.76
1269.09 1626.31
1271.05 1625.66
1272.94 1624.85
1274.73 1623.76
1276.77 1623.58
1278.83 1623.52
1280.78 1622.98
1282.61 1621.91
1284.65 1621.49
1286.71 1621.21
1288.77 1620.85
1290.85 1620.71
1292.92 1620.47
1294.96 1619.96
1296.88 1619.14
1298.89 1618.62
1300.96 1618.43
1303.03 1618.32
1305.07 1618.04
1307.15 1617.97
1309.21 1617.78
1311.16 1617.08
1312.8 1615.69
1314.75 1615.15
1316.81 1614.97
1318.88 1614.84
1320.93 1614.29
1322.96 1613.75
1325.02 1613.44
1327.1 1613.11
1329.13 1612.61
1331.22 1612.42
1333.33 1612.39
1335.42 1612.11
1337.39 1611.33
1339.3 1610.42
1341.28 1609.75
1343.34 1609.27
1345.24 1608.39
1347.06 1607.3
1348.92 1606.27
1350.94 1605.74
1353.02 1605.53
1355.1 1605.32
1357.2 1605.1
1359.33 1605.14
1361.45 1605.19
1363.51 1604.68
1365.46 1603.82
1367.41 1602.94
1369.34 1602
1371.23 1600.99
1373.05 1599.79
1375.14 1599.24
1377.13 1598.45
1379.23 1598
1381.35 1597.83
1383.41 1597.47
1385.46 1596.97
1387.52 1596.47
1389.59 1595.96
1391.63 1595.31
1393.54 1594.24
1395.53 1593.49
1397.63 1593.23
1399.78 1593.17
1401.92 1592.98
1403.83 1591.99
1405.63 1590.78
1407.5 1589.69
1409.42 1588.72
1411.32 1587.68
1413.37 1586.99
1415.51 1586.7
1417.67 1586.45
1419.82 1586.08
1421.86 1585.42
1423.74 1584.27
1425.77 1583.39
1427.6 1582.16
1429.47 1581.01
1431.28 1579.7
1433.22 1578.69
1435.32 1578.1
1437.45 1577.65
1439.53 1576.96
1441.61 1576.29
1443.79 1576.05
1445.9 1575.56
1447.68 1574.21
1449.54 1573.04
1451.48 1572
1453.42 1570.99
1455.36 1569.94
1457.37 1569.04
1459.29 1567.92
1461.43 1567.53
1463.61 1567.17
1465.46 1565.84
1467.52 1565.07
1469.61 1564.38
1471.57 1563.37
1473.47 1562.18
1475.51 1561.32
1477.52 1560.43
1479.5 1559.47
1481.58 1558.74
1483.73 1558.17
1485.89 1557.65
1487.7 1556.41
1489.45 1554.98
1491.25 1553.64
1493.34 1552.82
1495.3 1551.7
1497.28 1550.63
1499.37 1549.79
1501.52 1549.12
1503.38 1547.85
1505.18 1546.5
1507.07 1545.34
1509.02 1544.27
1511.06 1543.32
1512.82 1541.95
1514.78 1541
1516.63 1539.87
1518.41 1538.6
1520.18 1537.31
1522.1 1536.17
1524.16 1535.35
1526.07 1534.21
1528.02 1533.17
1529.9 1531.97
1531.66 1530.58
1533.53 1529.34
1535.31 1527.89
1537.2 1526.66
1539.23 1525.77
1541.42 1525.27
1543.22 1524.03
1544.44 1522.12
1546.22 1520.83
1548.11 1519.64
1550.07 1518.6
1551.98 1517.44
1553.99 1516.39
1555.84 1515.06
1557.82 1513.96
1559.89 1512.99
1561.67 1511.53
1563.42 1510.02
1565.43 1508.92
1567.4 1507.69
1569.47 1506.65
1571.39 1505.44
1572.94 1503.72
1574.5 1502.05
1576.1 1500.47
1577.88 1499.02
1579.84 1497.85
1581.96 1497
1583.8 1495.55
1585.78 1494.26
1587.85 1493.16
1589.71 1491.76
1591.52 1490.21
1593.12 1488.49
1594.46 1486.53
1596.15 1484.9
1598.11 1483.58
1600.1 1482.29
1602.21 1481.16
1604.19 1479.78
1606 1478.21
1607.78 1476.58
1609.66 1474.98
1611.57 1473.45
1613.23 1471.63
1614.68 1469.67
1616.32 1467.88
1617.86 1466
1619.24 1463.95
1621.3 1462.64
1622.97 1460.93
1624.29 1458.92
1625.85 1457.12
1627.7 1455.5
1629.28 1453.65
1630.51 1451.59
1631.79 1449.58
1633.3 1447.7
1634.84 1445.9
1636.77 1444.47
1638.13 1442.56
1639.44 1440.61
1640.74 1438.65
1642.28 1436.89
1643.85 1435.15
1645.44 1433.44
1646.88 1431.63
1648.07 1429.65
1649.99 1428.28
1651.55 1426.6
1652.81 1424.71
1653.69 1422.6
1654.66 1420.53
1655.88 1418.65
1657.35 1416.95
1658.74 1415.18
1659.94 1413.24
1661.05 1411.29
1662.29 1409.41
1663.38 1407.46
1663.99 1405.31
1665.06 1403.34
1666.06 1401.38
1667.38 1399.58
1668.63 1397.75
1669.49 1395.77
1670 1393.65
1670.92 1391.66
1671.68 1389.62
1672.71 1387.7
1673.54 1385.71
1674.32 1383.7
1675.18 1381.72
1675.87 1379.68
1676.3 1377.58
1676.69 1375.47
1677.3 1373.41
1677.73 1371.32
1678.48 1369.33
1679.37 1367.39
1679.56 1365.28
1679.58 1363.16
1679.58 1361.05
1679.9 1359
1681.44 1357.39
1682.57 1355.58
1683.32 1353.59
1683.7 1351.49
1684.06 1349.39
1684.55 1347.32
1685.08 1345.27
1685.56 1343.21
1685.71 1341.13
1685.72 1339.03
1685.71 1336.95
1685.67 1334.86
1685.65 1332.77
1685.65 1330.68
1685.66 1328.59
1685.68 1326.53
1685.69 1324.48
1685.69 1322.44
1685.72 1320.4
1685.75 1318.35
1685.74 1316.3
1685.72 1314.26
1685.7 1312.22
1685.82 1310.18
1686.28 1308.2
1687.06 1306.27
1687.2 1304.25
1686.96 1302.23
1686.87 1300.21
1686.86 1298.19
1686.82 1296.17
1686.76 1294.14
1686.83 1292.11
1686.93 1290.1
1687.01 1288.09
1686.97 1286.07
1686.93 1284.06
1686.92 1282.05
1686.97 1280.04
1687.14 1278.03
1687.29 1276.04
1687.35 1274.03
1687.34 1272.02
1687.3 1270
1687.29 1267.99
1687.29 1265.97
1687.3 1263.96
1687.31 1261.95
1687.31 1259.93
1687.31 1257.92
1687.3 1255.91
1687.28 1253.9
1687.29 1251.88
1687.31 1249.87
1687.5 1247.87
1687.91 1245.9
1688.23 1243.93
1688.12 1241.94
1687.74 1239.97
1687.46 1237.99
1687.39 1236
1687.38 1234
1687.39 1232
1687.42 1230
1687.44 1228
1687.45 1226
1687.5 1224.01
1687.59 1222.02
1687.61 1220.03
1687.61 1218.03
1687.59 1216.04
1687.54 1214.04
1687.52 1212.04
1687.5 1210.03
1687.47 1208.03
1687.4 1206.01
1687.39 1204
1687.37 1201.98
1687.36 1199.96
1687.31 1197.94
1687.3 1195.91
1687.31 1193.89
1687.37 1191.86
1687.52 1189.84
1687.59 1187.82
1687.64 1185.8
1687.8 1183.8
1688.43 1181.85
1689.1 1179.92
1689.3 1177.91
1689.28 1175.9
1689.04 1173.89
1688.2 1172
1687.69 1170.05
1687.62 1168.02
1687.67 1166
1687.68 1163.98
1687.68 1161.96
1687.68 1159.93
1687.66 1157.9
1687.65 1155.88
1687.71 1153.87
1687.85 1151.84
1687.89 1149.8
1687.79 1147.76
1687.68 1145.72
1687.63 1143.69
1687.6 1141.65
1687.6 1139.6
1687.6 1137.56
1687.61 1135.5
1687.62 1133.45
1687.61 1131.38
1687.58 1129.31
1687.46 1127.24
1687.22 1125.16
1686.38 1123.2
1685.8 1121.18
1685.62 1119.09
1685.6 1116.97
1685.61 1114.85
1685.61 1112.72
1685.61 1110.58
1685.62 1108.43
1685.61 1106.28
1685.56 1104.13
1685.44 1101.96
1685.24 1099.81
1684.44 1097.81
1682.78 1096.4
1681.01 1095.12
1679.75 1093.32
1679.22 1091.14
1678.11 1089.19
1677.12 1087.2
1676.31 1085.11
1675.43 1083.05
1674.54 1080.99
1673.62 1078.93
1672.86 1076.78
1671.66 1074.83
1670.39 1072.95
1669.43 1070.91
1668.77 1068.71
1667.76 1066.66
1666.48 1064.75
1665.15 1062.89
1663.64 1061.11
1661.88 1059.57
1660.43 1057.81
1659.33 1055.76
1658.21 1053.72
1657.15 1051.69
1655.82 1049.81
1654.67 1047.81
1653.49 1045.87
1651.8 1044.35
1650.09 1042.86
1648.75 1041.08
1647.51 1039.19
1646.21 1037.29
1644.83 1035.49
1643.52 1033.64
1642.35 1031.68
1641.13 1029.76
1639.36 1028.3
1637.68 1026.76
1635.82 1025.44
1634.32 1023.72
1633.07 1021.84
1631.49 1020.22
1629.81 1018.68
1628.22 1017.11
1626.7 1015.41
1625.09 1013.81
1623.33 1012.35
1621.59 1010.84
1619.85 1009.37
1618 1008.03
1616.12 1006.75
1614.35 1005.37
1612.44 1004.22
1610.61 1002.91
1608.86 1001.55
1607.31 999.908
1605.58 998.502
1603.9 997.071
1602.07 995.841
1600.25 994.622
1598.6 993.249
1597.1 991.682
1595.63 990.085
1593.84 988.961
1591.92 988.013
1590.34 986.636
1588.82 985.23
1587.57 983.554
1586.66 981.681
1586.62 979.638
1587.16 977.645
1587.59 975.629
1587.79 973.568
1588.19 971.54
1588.79 969.563
1589.47 967.629
1590.23 965.737
1591.17 963.897
1591.86 961.96
1593.01 960.216
1593.55 958.258
1593.94 956.255
1594.49 954.287
1595.11 952.325
1595.84 950.412
1596.83 948.591
1597.52 946.658
1598.12 944.688
1599.05 942.817
1599.35 940.759
1599.54 938.699
1600.03 936.727
1601.18 934.924
1601.75 932.889
1602.35 930.879
1602.79 928.811
1602.91 926.691
1602.81 924.565
1602.72 922.444
1602.69 920.327
1602.74 918.209
1602.82 916.086
1602.64 913.974
1602.16 911.915
1601.43 909.943
1601.15 907.861
1601.2 905.745
1601.78 903.741
1602.89 901.976
1604.09 900.268
1605.03 898.416
1605.71 896.442
1606.8 894.642
1607.58 892.703
1608.43 890.777
1609.44 888.939
1610.58 887.162
1611.67 885.314
1613.06 883.64
1614.16 881.79
1615.22 879.901
1615.54 877.778
1615.88 875.665
1616.77 873.705
1617.44 871.68
1618.1 869.65
1618.72 867.615
1619.34 865.579
1619.65 863.486
1619.92 861.378
1620.38 859.304
1620.8 857.223
1620.99 855.108
1621.16 853.003
1621.35 850.908
1621.49 848.825
1621.57 846.745
1621.58 844.66
1621.59 842.579
1621.59 840.502
1621.6 838.426
1621.61 836.353
1621.62 834.284
1621.65 832.219
1621.74 830.167
1622 828.129
1622.69 826.151
1623.04 824.116
1622.76 822.073
1622.55 820.039
1622.28 818.022
1621.91 816.03
1621.4 814.051
1621.07 812.04
1620.74 810.014
1620.6 807.959
1620.64 805.908
1620.66 803.86
1620.66 801.814
1620.64 799.769
1620.63 797.717
1620.62 795.665
1620.62 793.614
1620.62 791.563
1620.61 789.506
1620.49 787.458
1620.04 785.458
1619.22 783.555
1618.4 781.666
1618 779.671
1618.01 777.658
1618.28 775.636
1618.49 773.599
1618.55 771.563
1618.45 769.532
1617.98 767.541
1617.5 765.558
1617.19 763.563
1616.89 761.565
1616.37 759.601
1615.94 757.63
1615.62 755.63
1615.2 753.646
1614.76 751.673
1614.59 749.692
1614.59 747.701
1614.61 745.708
1614.75 743.719
1615.03 741.723
1614.94 739.716
1614.61 737.713
1614.07 735.745
1613.39 733.811
1613.13 731.823
1613.11 729.822
1613.22 727.811
1613.33 725.808
1613.35 723.803
1613.34 721.798
1613.34 719.792
1613.34 717.787
1613.34 715.782
1613.34 713.777
1613.34 711.773
1613.34 709.775
1613.34 707.765
1613.29 705.75
1613.03 703.756
1612.48 701.825
1612.01 699.878
1611.75 697.907
1611.75 695.936
1611.78 693.937
1611.78 691.935
1611.79 689.931
1611.77 687.927
1611.77 685.926
1611.78 683.923
1611.79 681.918
1611.79 679.912
1611.79 677.906
1611.79 675.899
1611.78 673.891
1611.75 671.881
1611.69 669.869
1611.68 667.854
1611.67 665.838
1611.61 663.82
1611.52 661.797
1611.49 659.769
1611.51 657.74
1611.58 655.71
1611.66 653.681
1611.61 651.65
1611.52 649.619
1611.32 647.595
1611 645.568
1610.79 643.531
1610.64 641.494
1610.53 639.457
1610.32 637.43
1609.94 635.441
1609.68 633.446
1609.46 631.439
1609.3 629.425
1609.22 627.4
1609.11 625.367
1608.67 623.376
1607.89 621.444
1607.51 619.435
1607.38 617.398
1607.36 615.354
1607.2 613.32
1606.47 611.381
1605.89 609.412
1605.72 607.382
1605.69 605.352
1605.69 603.321
1605.69 601.29
1605.6 599.258
1605.49 597.217
1605.31 595.171
1605.07 593.122
1604.65 591.098
1604.03 589.104
1603.27 587.159
1602.75 585.142
1602.43 583.079
1602.03 581.037
1601.49 579.062
1600.72 577.141
1599.76 575.264
1599.44 573.21
1599.18 571.165
1598.65 569.162
1597.96 567.188
1597.44 565.156
1596.96 563.134
1596.43 561.123
1595.88 559.098
1595.39 557.077
1594.75 555.083
1594.14 553.085
1593.53 551.099
1592.86 549.136
1591.88 547.252
1591.59 545.178
1591.33 543.097
1590.64 541.084
1589.9 539.096
1589.65 537.013
1589.46 534.932
1589.13 532.854
1588.54 530.813
1587.9 528.773
1587.27 526.734
1586.56 524.716
1585.94 522.675
1585.45 520.595
1584.65 518.607
1583.76 516.638
1583.6 514.515
1583.56 512.36
1583.16 510.286
1581.5 508.774
1580.32 506.964
1579.7 504.904
1579.45 502.742
1579.03 500.608
1578.41 498.524
1577.83 496.431
1577.16 494.375
1576 492.519
1574.9 490.651
1573.83 488.747
1573.42 486.628
1573.06 484.504
1572.29 482.49
1571.25 480.584
1569.93 478.844
1568.72 477.028
1567.75 475.058
1567.57 472.844
1567.25 470.703
1565.85 468.942
1564.7 467.079
1563.61 465.164
1562.51 463.239
1561.36 461.328
1560.09 459.488
1559.63 457.345
1559.47 455.132
1559.11 452.96
1558.28 450.872
1557.75 448.717
1557.08 446.607
1555.66 444.87
1554.2 443.138
1553.29 441.079
1552.22 439.053
1551.41 436.876
1550.31 434.854
1549.15 432.867
1548.12 430.779
1547.6 428.502
1546.84 426.282
1545.92 424.117
1544.88 422.077
1543.51 420.221
1541.89 418.554
1540.11 417.041
1538.49 415.329
1537.11 413.428
1535.77 411.453
1534.82 409.271
1533.6 407.232
1532.43 405.139
1530.81 403.323
1529.35 401.413
1527.83 399.491
1526.49 397.471
1524.68 395.853
1523.08 394.028
1521.86 391.918
1520.43 390.03
1519.12 388.078
1517.16 386.646
1515.28 385.171
1513.71 383.333
1512.37 381.307
1510.81 379.432
1509.58 377.343
1508.45 375.17
1507 373.173
1505.35 371.373
1503.48 369.744
1501.59 368.186
1499.73 366.603
1497.57 365.377
1495.76 363.711
1494.27 361.767
1493.09 359.608
1491.53 357.735
1489.76 356.079
1487.82 354.595
1485.9 353.161
1484.35 351.34
1482.9 349.386
1481.38 347.509
1479.98 345.568
1478.94 343.397
1477.47 341.51
1475.53 340.078
1473.64 338.578
1471.9 336.962
1470.28 335.183
1468.51 333.56
1466.59 332.127
1465.35 330.101
1464.22 328.005
1462.73 326.215
1460.82 324.928
1458.72 323.836
1457.05 322.23
1455.69 320.306
1454.61 318.239
1453.09 316.522
1451.2 315.123
1449.5 313.566
1448.16 311.673
1446.75 309.841
1444.93 308.496
1442.85 307.487
1441.06 306.103
1439.56 304.333
1437.82 302.808
1435.95 301.494
1433.85 300.59
1431.92 299.365
1430.64 297.498
1429.15 295.86
1427.04 295.036
1425.28 293.652
1423.81 291.95
1422.76 289.938
1421.19 288.369
1419.26 287.19
1417.38 285.938
1415.32 285.078
1413.31 284.098
1411.49 282.784
1409.71 281.424
1407.95 279.98
1405.82 279.358
1403.86 278.395
1402.05 277.158
1400.41 275.656
1398.79 274.167
1396.76 273.35
1394.69 272.553
1392.92 271.244
1391.29 269.706
1389.45 268.426
1387.59 267.18
1385.62 266.176
1383.55 265.414
1381.41 264.8
1379.41 263.779
1377.4 262.898
1375.56 261.582
1373.66 260.384
1371.73 259.287
1369.71 258.377
1367.7 257.399
1365.87 256.109
1364.03 254.884
1362.09 253.796
1359.93 253.255
1357.87 252.462
1355.82 251.625
1353.78 250.765
1351.7 250.033
1349.59 249.463
1347.42 249.241
1345.24 249.003
1343.1 248.55
1340.93 248.207
1338.87 247.452
1336.99 246.285
1334.99 245.395
1332.99 244.448
1331.11 243.253
1329.22 242.093
1327.2 241.152
1325.28 239.956
1323.2 239.109
1321.31 237.85
1319.41 236.629
1317.51 235.356
1315.56 234.221
1313.49 233.327
1311.49 232.176
1309.41 231.233
1307.54 229.94
1305.54 228.894
1303.61 227.635
1301.76 226.302
1299.83 225.155
1298.03 223.781
1296.09 222.623
1294.13 221.581
1292 221.007
1289.89 220.347
1287.79 219.594
1285.71 218.805
1283.62 218.066
1281.58 217.232
1279.75 215.886
1277.67 215.241
1275.6 214.512
1273.6 213.639
1271.63 212.723
1269.67 211.816
1267.67 210.98
1265.66 210.207
1263.62 209.584
1261.55 209.077
1259.6 208.141
1257.55 207.478
1255.52 206.783
1253.61 205.713
1251.52 205.253
1249.44 204.72
1247.47 203.824
1245.52 202.872
1243.51 202.102
1241.48 201.437
1239.51 200.524
1237.52 199.699
1235.39 199.419
1233.29 199.022
1231.41 197.901
1229.34 197.313
1227.32 196.626
1225.37 195.709
1223.46 194.718
1221.51 193.78
1219.39 193.365
1217.32 192.846
1215.39 191.836
1213.29 191.407
1211.26 190.732
1209.32 189.842
1207.32 189.108
1205.46 188.017
1203.66 186.798
1201.63 186.088
1199.55 185.613
1197.47 185.22
1195.43 184.575
1193.43 183.796
1191.31 183.503
1189.2 183.142
1187.27 182.188
1185.33 181.308
1183.45 180.259
1181.5 179.413
1179.52 178.658
1177.5 178.024
1175.46 177.522
1173.38 177.32
1171.3 177.176
1169.27 176.633
1167.34 175.763
1165.24 175.45
1163.23 174.922
1161.39 173.811
1159.41 173.116
1157.39 172.483
1155.39 171.829
1153.4 171.086
1151.43 170.318
1149.43 169.645
1147.33 169.392
1145.28 169.023
1143.4 167.994
1141.34 167.601
1139.24 167.485
1137.15 167.445
1135.09 167.264
1133.08 166.55
1131.1 165.793
1129.04 165.524
1126.96 165.374
1124.9 165.196
1122.87 164.772
1120.87 164.183
1118.86 163.587
1116.79 163.354
1114.71 163.261
1112.63 163.235
1110.57 163.313
1108.52 163.298
1106.48 162.962
1104.49 162.357
1102.55 161.646
1100.5 161.426
1098.45 161.399
1096.39 161.379
1094.33 161.363
1092.28 161.382
1090.23 161.407
1088.19 161.473
1086.15 161.617
1084.12 161.648
1082.08 161.667
1080.06 161.667
1078.02 161.663
1075.98 161.675
1073.95 161.709
1071.93 161.704
1069.91 161.682
1067.89 161.673
1065.87 161.668
1063.85 161.668
1061.82 161.664
1059.79 161.673
1057.77 161.694
1055.75 161.815
1053.75 162.152
1051.77 162.63
1049.81 163.151
1047.79 163.379
1045.76 163.418
1043.72 163.492
1041.68 163.582
1039.64 163.688
1037.61 163.816
1035.58 163.994
1033.55 164.163
1031.53 164.227
1029.5 164.189
1027.47 164.106
1025.44 163.971
1023.4 163.764
1021.36 163.684
1019.34 164.016
1017.37 164.633
1015.4 165.245
1013.38 165.575
1011.34 165.752
1009.3 165.867
1007.3 166.156
1005.26 166.417
1003.21 166.656
1001.18 167.013
999.193 167.557
997.315 168.455
995.345 169.105
993.288 169.311
991.253 169.635
989.216 170.032
987.199 170.506
985.213 171.091
983.201 171.569
981.166 171.981
979.146 172.489
977.129 172.994
975.1 173.413
973.038 173.68
971.049 174.304
969.143 175.238
967.077 175.544
964.983 175.778
963.036 176.596
961.048 177.222
958.998 177.517
956.921 177.764
954.916 178.325
952.933 179.023
950.906 179.593
948.863 180.083
946.834 180.664
944.848 181.356
942.914 182.226
941.026 183.259
938.941 183.548
936.839 183.845
934.857 184.664
932.823 185.26
930.776 185.81
929.068 187.13
927.261 188.311
925.295 189.211
923.157 189.582
921.108 190.155
919.287 191.355
917.438 192.494
915.478 193.366
913.38 193.92
911.406 194.884
909.441 195.846
907.435 196.702
905.351 197.279
903.209 197.632
901.054 197.902
898.951 198.482
897.182 199.74
895.743 201.424
894.324 203.11
892.59 204.434
890.508 205.035
888.333 205.275
886.177 205.66
884.105 206.37
882.296 207.63
880.544 208.997
878.533 209.913
876.524 210.84
874.663 212.082
872.68 213.052
870.641 213.928
868.763 215.156
866.632 215.724
864.48 216.329
862.437 217.165
860.605 218.362
859.08 220.023
857.317 221.353
855.313 222.268
853.284 223.271
851.223 224.102
849.192 225.07
847.017 225.515
844.808 225.873
842.708 226.625
840.792 227.775
839.203 229.374
837.521 230.937
835.735 232.308
833.794 233.48
831.783 234.581
829.954 235.921
827.956 236.87
825.843 237.545
823.824 238.523
821.814 239.464
819.822 240.399
817.835 241.397
815.787 242.263
813.939 243.428
812.085 244.549
810.172 245.541
808.359 246.776
806.415 247.67
804.571 248.77
802.573 249.598
800.806 250.815
799.133 252.199
797.161 253.141
795.029 253.547
792.892 253.855
790.84 254.546
788.95 255.647
787.11 256.906
784.994 257.439
782.824 257.812
780.694 258.361
778.703 259.345
776.82 260.555
774.824 261.53
772.732 262.297
770.649 263.181
768.405 263.506
766.206 263.941
764.249 265.074
762.511 266.534
761.106 268.391
759.199 269.652
757.22 270.839
755.3 272.109
753.349 273.362
751.345 274.524
749.369 275.747
747.357 276.87
745.253 277.812
743.325 279.198
741.138 280.093
739.292 281.539
737.577 283.149
735.655 284.468
733.727 285.744
731.781 287.017
729.628 287.897
727.954 289.492
726.403 291.21
725.016 293.103
723.147 294.452
721.211 295.702
719.425 297.197
717.454 298.433
715.656 299.885
713.768 301.202
711.764 302.414
710.081 304.005
708.42 305.628
706.425 306.852
704.687 308.391
703.181 310.194
701.383 311.755
699.365 313.021
697.146 313.936
695.379 315.61
693.536 317.197
692.069 319.126
690.657 321.072
689.103 322.886
687.173 324.307
685.041 325.487
683.155 326.977
681.677 328.833
680.761 331.046
679.244 332.85
677.258 334.22
675.682 336.027
674.412 338.085
673.023 340.058
671.348 341.834
669.634 343.632
668.248 345.696
666.72 347.675
665.164 349.615
663.541 351.555
662.206 353.684
660.661 355.63
658.711 357.219
657.128 359.146
655.785 361.217
654.784 363.44
653.137 365.265
651.37 367.025
649.869 368.942
648.776 371.084
647.33 373.01
645.847 374.893
644.572 376.868
643.146 378.736
641.647 380.553
639.934 382.181
639.137 384.391
637.66 386.26
636.441 388.241
635.168 390.184
633.966 392.17
633.475 394.464
633.178 396.789
632.269 398.923
631.129 400.896
629.949 402.869
629.178 404.997
628.21 407.071
626.959 408.918
625.391 410.497
623.75 412.017
622.328 413.702
621.311 415.644
620.448 417.683
619.548 419.691
618.651 421.698
617.82 423.728
617.362 425.862
616.939 428.007
615.841 429.945
615.269 432.047
614.525 434.118
613.793 436.168
613.522 438.292
613.35 440.41
613.101 442.512
612.506 444.555
611.813 446.578
611.361 448.645
611.271 450.755
611.309 452.868
611.317 454.974
611.15 457.06
610.629 459.087
609.971 461.065
609.231 463.04
607.887 464.708
607.43 466.713
606.856 468.677
605.708 470.417
604.653 472.184
603.938 474.157
603.177 476.106
602.474 478.065
601.702 480.01
601.202 482.068
600.301 483.989
599.45 485.924
598.595 487.856
597.837 489.85
597.418 491.91
597.182 494.039
596.993 496.208
596.672 498.317
596.163 500.388
595.502 502.418
594.735 504.409
594.166 506.478
593.655 508.573
593.023 510.637
591.768 512.465
591.1 514.607
589.767 516.342
588.068 517.743
586.527 519.322
585.144 521.021
583.692 522.652
582.15 524.237
580.545 525.72
578.832 527.1
577.147 528.442
575.536 529.935
573.858 531.346
572.119 532.639
570.346 533.904
568.76 535.472
567.116 537.02
565.536 538.568
563.93 540.096
561.89 541.053
560.007 542.233
558.213 543.579
556.265 544.644
554.112 545.191
551.941 545.609
549.871 546.405
547.748 547.021
545.623 547.703
543.51 548.446
541.414 549.242
539.266 549.838
537.217 550.749
535.108 551.479
532.874 551.886
530.758 552.704
528.619 553.448
526.719 554.678
524.878 556.07
522.743 556.911
520.518 557.532
518.679 558.933
516.938 560.425
515.305 562.059
513.457 563.45
511.533 564.772
509.542 565.98
507.525 567.19
505.238 567.761
503.349 569.173
501.524 570.64
500.136 572.511
498.804 574.456
497.27 576.227
495.673 578.003
494.134 579.802
492.426 581.441
490.751 583.157
489.587 585.193
488.659 587.331
487.332 589.256
485.965 591.176
484.71 593.101
483.395 594.979
482.271 596.956
481.387 599.072
480.308 601.082
479.41 603.162
478.378 605.19
477.275 607.155
476.038 609.019
474.807 610.878
473.839 612.876
473.12 614.994
471.885 616.889
471.461 619.044
471.129 621.225
470.081 623.192
469.457 625.28
469 627.399
468.346 629.46
467.502 631.466
466.643 633.464
465.962 635.509
465.351 637.578
464.436 639.561
463.671 641.563
463.209 643.664
462.251 645.601
461.295 647.519
460.356 649.466
459.448 651.414
458.648 653.399
458.069 655.451
457.635 657.55
457.38 659.658
457.119 661.76
456.623 663.839
456.284 665.949
455.865 668.041
455.614 670.15
455.399 672.259
455.288 674.379
455.26 676.5
455.258 678.62
455.231 680.73
455.175 682.853
455.257 684.986
455.366 687.095
455.405 689.211
455.408 691.332
455.398 693.457
455.323 695.587
455.268 697.736
455.217 699.887
455.051 702.045
454.842 704.213
454.796 706.39
455.038 708.573
455.316 710.734
455.651 712.9
456.437 714.971
457.358 716.999
458.082 719.105
458.983 721.11
459.736 723.193
460.692 725.191
461.842 727.048
463.58 728.427
465.256 729.87
466.37 731.817
467.729 733.546
469.208 735.165
471.176 736.208
472.658 737.784
474.145 739.356
475.583 740.981
477.099 742.496
478.926 743.596
480.688 744.77
482.376 745.977
483.719 747.603
485.06 749.206
486.761 750.402
488.157 751.864
489.618 753.359
490.876 754.958
491.777 756.814
492.286 758.787
492.469 760.822
492.486 762.872
492.48 764.918
492.478 766.961
492.48 769.004
492.482 771.045
492.48 773.086
492.447 775.124
492.347 777.144
492.229 779.166
492.047 781.19
491.816 783.212
491.607 785.243
491.501 787.284
491.425 789.33
491.409 791.379
491.537 793.421
491.784 795.456
492.052 797.486
492.315 799.515
492.595 801.546
492.933 803.567
493.219 805.587
493.386 807.609
493.467 809.647
493.572 811.685
493.974 813.683
495.055 815.511
495.385 817.525
495.623 819.546
496.064 821.554
496.387 823.568
496.538 825.602
496.627 827.638
496.752 829.668
497.215 831.651
497.646 833.651
498.007 835.664
498.335 837.686
498.703 839.699
499.22 841.68
499.925 843.621
500.627 845.565
501.115 847.547
501.343 849.586
501.557 851.622
501.839 853.637
502.424 855.588
503.052 857.547
503.42 859.532
503.599 861.581
503.96 863.576
504.911 865.428
505.362 867.4
505.608 869.421
506.152 871.386
506.706 873.345
507.092 875.336
507.438 877.344
507.839 879.344
508.434 881.282
508.946 883.227
509.314 885.202
509.678 887.186
510.223 889.119
510.563 891.093
510.961 893.051
511.062 895.03
510.827 897.012
510.572 898.996
510.428 900.988
510.388 902.98
510.358 904.969
510.353 906.958
510.354 908.947
510.368 910.936
510.413 912.922
510.385 914.904
510.196 916.875
509.841 918.827
509.404 920.759
509.15 922.727
508.846 924.703
508.585 926.696
508.322 928.683
508.042 930.676
507.707 932.669
507.449 934.673
507.24 936.663
506.931 938.637
506.571 940.62
506.281 942.62
505.998 944.615
505.745 946.617
505.56 948.63
505.461 950.641
505.265 952.636
504.762 954.585
503.872 956.446
503.579 958.445
503.394 960.454
503.294 962.466
503.042 964.453
502.422 966.388
501.724 968.308
501.409 970.311
501.187 972.336
500.874 974.35
500.44 976.345
500.046 978.351
499.607 980.35
499.245 982.372
498.913 984.4
498.576 986.422
498.179 988.439
497.742 990.439
497.386 992.449
497.326 994.481
497.272 996.517
497.041 998.545
496.485 1000.53
495.941 1002.52
495.601 1004.53
495.428 1006.58
495.095 1008.6
494.615 1010.59
494.277 1012.62
494.029 1014.67
493.695 1016.72
493.601 1018.79
493.562 1020.86
493.533 1022.93
493.551 1024.99
493.62 1027.07
493.738 1029.15
493.95 1031.23
494.244 1033.28
494.313 1035.35
494.341 1037.42
494.391 1039.49
494.617 1041.56
495.091 1043.57
495.284 1045.61
495.41 1047.65
495.508 1049.71
495.626 1051.75
496.015 1053.78
496.56 1055.79
497.214 1057.79
497.336 1059.88
497.482 1061.95
498.113 1063.92
498.679 1065.94
499.391 1067.91
500.137 1069.87
500.853 1071.84
501.34 1073.88
501.691 1075.93
502.293 1077.91
503.192 1079.81
503.676 1081.86
504.559 1083.75
505.24 1085.7
505.72 1087.71
506.526 1089.62
507.43 1091.48
508.366 1093.32
509.239 1095.22
510.035 1097.11
511.076 1098.9
511.434 1100.92
511.38 1102.96
510.578 1104.81
509.414 1106.53
508.726 1108.47
508.213 1110.47
507.7 1112.48
507.171 1114.48
506.461 1116.43
505.798 1118.39
505.212 1120.37
504.47 1122.31
503.536 1124.16
502.44 1125.91
501.497 1127.76
500.874 1129.74
500.22 1131.72
499.562 1133.71
499.037 1135.74
498.491 1137.77
497.948 1139.78
497.474 1141.8
496.671 1143.74
496.074 1145.77
495.668 1147.83
495.509 1149.92
495.422 1152.01
495.261 1154.09
494.544 1156.07
493.846 1158.05
493.586 1160.1
493.527 1162.19
493.514 1164.28
493.447 1166.36
493.144 1168.41
492.778 1170.45
492.445 1172.5
492.285 1174.56
492.405 1176.63
492.455 1178.7
492.458 1180.76
492.442 1182.83
492.529 1184.88
492.821 1186.91
493.156 1188.93
493.267 1190.96
493.11 1193
493.068 1195.05
493.068 1197.09
493.06 1199.14
493.025 1201.18
492.992 1203.22
493.042 1205.26
493.258 1207.29
493.509 1209.31
493.817 1211.33
494.625 1213.24
495.229 1215.2
495.388 1217.21
495.395 1219.23
495.404 1221.25
495.399 1223.27
495.392 1225.28
495.39 1227.3
495.396 1229.32
495.455 1231.33
495.55 1233.36
495.852 1235.36
496.763 1237.22
497.239 1239.18
497.334 1241.21
497.366 1243.23
497.411 1245.25
497.512 1247.26
497.696 1249.26
497.985 1251.26
498.397 1253.26
498.763 1255.27
499.086 1257.27
499.222 1259.29
499.287 1261.31
499.301 1263.34
499.322 1265.37
499.397 1267.4
499.496 1269.43
499.738 1271.44
500.256 1273.42
500.822 1275.37
501.211 1277.34
501.319 1279.35
501.329 1281.36
501.325 1283.36
501.333 1285.37
501.407 1287.37
501.488 1289.38
501.523 1291.4
501.664 1293.41
501.984 1295.42
502.275 1297.43
502.346 1299.45
502.366 1301.47
502.326 1303.49
502.337 1305.51
502.59 1307.51
503.047 1309.48
503.477 1311.46
503.917 1313.45
504.777 1315.31
505.254 1317.27
505.507 1319.26
505.82 1321.26
505.961 1323.26
506.031 1325.27
506.043 1327.3
506.012 1329.3
506.001 1331.31
505.998 1333.32
506.041 1335.33
506.26 1337.33
506.724 1339.31
507.241 1341.28
507.405 1343.3
507.341 1345.32
507.313 1347.35
507.305 1349.39
507.262 1351.42
507.312 1353.45
507.734 1355.45
508.526 1357.35
509.308 1359.25
509.749 1361.22
509.866 1363.25
509.858 1365.3
510.055 1367.33
510.347 1369.37
510.58 1371.42
511.034 1373.44
511.28 1375.47
511.317 1377.53
511.311 1379.6
511.31 1381.68
511.357 1383.77
511.544 1385.87
512.155 1387.87
513.117 1389.78
513.69 1391.81
514.247 1393.89
514.805 1395.97
515.316 1398.08
515.747 1400.2
516.406 1402.29
517.531 1404.15
519.106 1405.75
519.719 1407.86
520.683 1409.84
521.281 1411.94
521.721 1414.09
522.566 1416.12
523.564 1418.1
524.764 1419.98
525.956 1421.85
527.208 1423.76
527.487 1426.01
527.964 1428.2
529.302 1430.07
530.499 1432.03
531.457 1434.18
532.572 1436.25
533.574 1438.36
534.722 1440.42
535.65 1442.57
536.776 1444.65
537.908 1446.71
539.493 1448.46
540.695 1450.48
541.892 1452.49
543.486 1454.29
544.785 1456.29
546.046 1458.31
547.831 1459.97
549.402 1461.8
550.535 1463.93
551.86 1465.98
553.435 1467.86
555.279 1469.5
556.891 1471.36
558.366 1473.29
559.707 1475.33
561.088 1477.37
562.803 1479.07
564.997 1480.19
566.802 1481.78
568.242 1483.74
569.622 1485.71
571.122 1487.63
572.51 1489.64
573.974 1491.56
575.79 1493.18
577.899 1494.43
579.82 1495.93
581.744 1497.47
583.506 1499.19
585.198 1500.97
586.79 1502.85
588.484 1504.57
590.059 1506.37
591.869 1507.94
593.976 1509.18
596.092 1510.32
597.984 1511.77
599.768 1513.42
601.676 1514.97
603.298 1516.81
604.98 1518.54
607 1519.86
608.937 1521.3
611.01 1522.44
613.002 1523.73
615.071 1524.86
617.155 1525.9
619.063 1527.23
620.749 1528.84
622.548 1530.29
624.502 1531.54
626.392 1532.86
628.298 1534.1
629.981 1535.64
631.729 1537.15
633.698 1538.34
635.65 1539.55
637.613 1540.73
639.668 1541.72
641.687 1542.83
643.629 1544.03
645.541 1545.3
647.593 1546.31
649.612 1547.41
651.59 1548.55
653.637 1549.51
655.68 1550.55
657.79 1551.44
659.796 1552.49
661.61 1553.84
663.46 1555.2
665.46 1556.27
667.544 1557.1
669.639 1557.9
671.463 1559.34
673.471 1560.4
675.304 1561.7
677.018 1563.2
678.951 1564.34
680.98 1565.25
683.163 1565.7
685.313 1566.25
687.326 1567.23
689.441 1567.96
690.982 1569.64
692.774 1570.95
694.845 1571.82
697.007 1572.46
699.049 1573.36
701.173 1573.97
703.2 1574.87
705.287 1575.52
707.423 1576.04
709.386 1577.05
711.425 1577.75
713.397 1578.64
715.358 1579.58
717.398 1580.35
719.505 1580.9
721.629 1581.41
723.672 1582.11
725.558 1583.23
727.6 1584
729.516 1585.06
731.57 1585.71
733.621 1586.37
735.626 1587.18
737.444 1588.49
739.445 1589.39
741.592 1589.78
743.627 1590.53
745.475 1591.7
747.206 1593.04
749.192 1593.92
751.101 1595.05
752.969 1596.18
755.031 1596.78
757.15 1597.04
759.262 1597.28
761.341 1597.63
763.413 1598.05
765.443 1598.71
767.507 1599.21
769.602 1599.5
771.693 1599.83
773.54 1600.86
775.412 1601.8
777.255 1602.84
779.194 1603.66
781.222 1604.21
783.3 1604.6
785.346 1605.2
787.329 1605.89
789.146 1607.02
791.171 1607.51
793.238 1607.72
795.218 1608.38
797.174 1609.13
799.217 1609.51
801.208 1610.07
803.171 1610.77
805.11 1611.59
807.138 1612.15
809.209 1612.57
811.281 1613
813.337 1613.44
815.312 1614.21
817.177 1615.3
819.266 1615.74
821.273 1616.47
823.261 1617.23
825.353 1617.72
827.312 1618.55
829.102 1619.72
830.993 1620.73
832.922 1621.66
834.795 1622.7
836.624 1623.85
838.568 1624.74
840.644 1624.32
842.619 1623.41
844.726 1623.12
846.837 1623.3
848.772 1624.05
850.621 1625.08
852.669 1625.55
854.741 1625.98
856.826 1626.42
858.939 1626.49
861.029 1626.64
863.089 1627.05
865.065 1627.72
867.025 1628.41
869.027 1628.95
871.07 1629.35
873.119 1629.76
875.129 1630.37
876.926 1631.5
878.518 1632.95
880.533 1633.46
882.571 1633.02
884.377 1631.81
886.414 1631.6
888.489 1631.74
890.531 1631.88
892.535 1632.31
894.559 1632.69
896.576 1633.08
898.607 1633.29
900.619 1633.57
902.62 1633.99
904.552 1634.68
906.536 1635.1
908.565 1635.27
910.612 1635.25
912.659 1635.31
914.688 1635.52
916.723 1635.6
918.753 1635.77
920.622 1636.64
922.511 1637.45
924.535 1637.78
926.585 1637.76
928.619 1637.88
930.492 1638.77
932.4 1639.49
934.407 1639.84
936.445 1640
938.485 1639.83
940.5 1639.97
942.371 1640.97
944.346 1641.52
946.412 1641.56
948.461 1641.36
950.492 1641.1
952.551 1640.92
954.621 1641.01
956.674 1641.19
958.708 1641.34
960.752 1641.39
962.793 1641.44
964.824 1641.5
966.844 1641.6
968.87 1641.75
970.899 1641.73
972.927 1641.66
974.955 1641.66
976.965 1641.89
978.915 1642.42
980.841 1643.09
982.832 1643.46
984.841 1643.32
986.805 1642.82
988.764 1642.28
990.749 1641.93
992.753 1641.87
994.759 1641.88
996.761 1641.89
998.758 1641.93
1000.76 1641.95
1002.76 1641.98
1004.77 1642.04
1006.79 1642.09
1008.81 1642.07
1010.82 1642.02
1012.83 1641.97
1014.83 1641.95
1016.83 1641.95
1018.83 1641.96
1020.82 1641.99
1022.81 1642.13
1024.78 1642.46
1026.79 1642.59
1028.8 1642.67
1030.82 1642.79
1032.81 1642.97
1034.81 1643.07
1036.82 1643.17
1038.83 1643.2
1040.83 1643.27
1042.78 1643.71
1044.66 1644.44
1046.61 1644.93
1048.61 1645.08
1050.61 1645.14
1052.59 1645.13
1054.58 1644.95
1056.54 1644.61
1058.53 1644.45
1060.52 1644.51
1062.51 1644.66
1064.49 1644.71

269

1309.63 1376.96
1307.86 1375.38
1306 1373.87
1304.39 1372.15
1303.62 1369.95
1303.45 1367.61
1303.76 1365.3
1305.54 1363.64
1307.51 1362.05
1308.12 1359.75
1307.26 1357.45
1305.57 1355.56
1303.61 1353.91
1303.45 1351.63
1304.89 1349.76
1306.79 1348.42
1308.96 1347.57
1311.14 1346.86
1313.08 1345.7
1314.82 1344.33
1316.62 1343.1
1318.41 1341.89
1320.07 1340.58
1321.13 1338.77
1321.74 1336.76
1322.77 1334.94
1323.34 1332.94
1323.43 1330.87
1323.19 1328.83
1322.71 1326.83
1322.28 1324.82
1321.89 1322.82
1321.68 1320.8
1321.52 1318.76
1321.39 1316.73
1321.26 1314.67
1320.69 1312.7
1319.67 1310.88
1318.82 1308.94
1317.86 1307.05
1317.27 1305.03
1316.49 1303.05
1315.35 1301.26
1313.83 1299.7
1312.78 1297.83
1311.74 1295.95
1311.6 1293.8
1311.52 1291.64
1311.11 1289.52
1310.25 1287.47
1309.88 1285.31
1309.79 1283.11
1309.68 1280.91
1309.74 1278.71
1310.27 1276.58
1311.14 1274.5
1311.35 1272.28
1311.31 1270.05
1311.37 1267.82
1311.48 1265.58
1311.66 1263.34
1311.77 1261.11
1311.77 1258.86
1311.83 1256.62
1312.43 1254.47
1313.53 1252.5
1314.79 1250.62
1316.36 1248.97
1317.78 1247.18
1319.16 1245.31
1319.97 1243.12
1321.21 1241.13
1322.39 1239.13
1323.84 1237.27
1325.62 1235.73
1327.45 1234.2
1329.31 1232.78
1331.22 1231.45
1333.28 1230.38
1335.43 1229.49
1337.31 1228.15
1338.89 1226.44
1340.72 1225.05
1342.48 1223.52
1343.88 1221.66
1345.69 1220.21
1347.63 1218.95
1349.61 1217.75
1351.53 1216.5
1353.53 1215.34
1355.51 1214.13
1356.92 1212.24
1358.39 1210.5
1359.83 1208.72
1361.59 1207.19
1363.23 1205.5
1364.76 1203.71
1365.67 1201.53
1367.02 1199.55
1367.93 1197.39
1369.59 1195.77
1371.48 1194.39
1373.62 1193.39
1375.46 1191.86
1377.38 1190.46
1379.49 1189.45
1381.77 1188.87
1383.96 1187.99
1386.06 1186.83
1388.05 1185.51
1389.77 1183.8
1391.85 1182.63
1394.17 1181.99
1396.58 1181.88
1398.97 1181.97
1401.29 1182.6
1403.53 1183.55
1405.75 1184.58
1408.03 1185.39
1410.43 1185.88
1412.75 1186.63
1415.02 1187.59
1416.93 1189.06
1418.92 1190.35
1421 1191.54
1423.22 1192.52
1425.34 1193.61
1427.39 1194.79
1429.38 1196.1
1431.5 1197.21
1433.79 1197.96
1435.8 1199.27
1437.58 1200.83
1439.04 1202.69
1440 1204.93
1441.65 1206.6
1443.44 1208.15
1445.05 1209.88
1446.71 1211.59
1448.45 1213.13
1450.47 1214.29
1452.39 1215.59
1453.76 1217.48
1454.78 1219.63
1456.15 1221.54
1457.49 1223.45
1458.57 1225.51
1459.85 1227.46
1460.53 1229.7
1460.81 1232.02
1462.04 1233.91
1463.89 1235.18
1466.05 1235.98
1468.27 1236.68
1470.33 1237.65
1471.89 1239.39
1473.36 1241.22
1474.06 1243.46
1475.08 1245.53
1476.65 1247.33
1478.26 1249.09
1479.59 1251.05
1480.37 1253.26
1481.09 1255.49
1481.87 1257.71
1483.16 1259.75
1484.41 1261.89
1485.31 1264.22
1486.81 1266.19
1488.82 1267.75
1490.43 1269.77
1490.69 1272.15
1489.9 1274.42
1487.98 1276.03
1486.09 1277.5
1484.56 1279.34
1483.63 1281.53
1482.47 1283.61
1481.08 1285.53
1479.57 1287.4
1477.98 1289.2
1475.98 1290.45
1474.06 1291.84
1472.63 1293.65
1471.42 1295.66
1470.17 1297.67
1468.62 1299.38
1466.56 1300.5
1464.59 1301.73
1463.19 1303.64
1461.62 1305.44
1460.26 1307.35
1458.9 1309.27
1457.61 1311.23
1455.8 1312.73
1453.99 1314.1
1452.16 1315.42
1450.28 1316.64
1448.31 1317.74
1446.83 1319.44
1445.37 1321.18
1444.1 1323.01
1442.49 1324.56
1440.38 1325.28
1438.22 1325.82
1436.35 1327.04
1434.66 1328.46
1433.02 1329.93
1431.17 1331.11
1429.12 1331.93
1427.01 1332.57
1424.99 1333.36
1423.23 1334.7
1421.42 1335.99
1419.48 1337.08
1417.34 1337.73
1415.65 1339.09
1414.5 1340.99
1412.87 1342.35
1410.98 1343.41
1409.24 1344.59
1407.46 1345.68
1405.63 1346.7
1403.8 1347.71
1401.9 1348.55
1399.92 1349.21
1398.16 1350.18
1396.46 1351.32
1394.59 1352.11
1392.79 1353.13
1390.87 1353.83
1388.98 1354.6
1387.2 1355.69
1385.35 1356.64
1383.39 1357.27
1381.36 1357.65
1379.37 1358.21
1377.44 1359.06
1375.39 1359.46
1373.34 1359.89
1371.39 1360.76
1369.39 1361.43
1367.39 1362.1
1365.34 1362.73
1363.31 1363.45
1361.33 1364.3
1359.31 1365.05
1357.22 1365.61
1355.2 1366.42
1353.19 1367.28
1351.09 1367.84
1349.07 1368.77
1346.99 1369.48
1344.98 1370.37
1343.06 1371.53
1340.93 1372.32
1338.7 1372.66
1336.43 1372.75
1334.17 1373.18
1331.95 1373.67
1329.84 1374.57
1327.68 1375.38
1325.4 1375.79
1323.23 1376.64
1321.01 1377.24
1318.75 1377.69
1316.45 1377.92
1314.12 1377.96
1311.8 1377.76

