CONTOUR

2

2290

1052.84 1595.98
1054.78 1595.54
1056.54 1596.76
1058.37 1597.72
1060.38 1597.86
1062.4 1597.58
1064.39 1597.04
1066.41 1596.81
1068.45 1596.82
1070.49 1596.82
1072.52 1596.79
1074.54 1596.72
1076.56 1596.59
1078.58 1596.47
1080.59 1596.33
1082.6 1596.08
1084.58 1595.68
1086.56 1595.32
1088.54 1595.01
1090.54 1594.91
1092.54 1594.91
1094.54 1594.93
1096.54 1594.92
1098.53 1594.9
1100.53 1594.89
1102.53 1594.77
1104.5 1594.45
1106.47 1594.14
1108.45 1593.88
1110.46 1593.92
1112.49 1594.08
1114.52 1593.92
1116.45 1593.19
1118.23 1591.96
1120.3 1591.81
1122.4 1591.75
1124.48 1591.69
1126.56 1591.66
1128.64 1591.65
1130.73 1591.62
1132.82 1591.57
1134.85 1591.85
1136.66 1593.03
1138.66 1593.11
1140.62 1592.58
1142.43 1591.6
1144.28 1590.67
1146.22 1589.98
1148.1 1589.2
1149.99 1588.49
1151.91 1589.21
1153.84 1589.83
1155.88 1590.09
1157.94 1590.13
1160 1590.01
1162.06 1590.03
1164.13 1590.05
1166.19 1589.98
1168.24 1589.91
1170.29 1589.89
1172.34 1589.87
1174.38 1589.74
1176.39 1589.29
1178.4 1588.84
1180.43 1588.49
1182.47 1588.2
1184.54 1588.17
1186.62 1588.38
1188.7 1588.6
1190.82 1588.75
1192.94 1588.83
1195.06 1588.76
1197.15 1588.53
1199.18 1588
1201.03 1587.02
1202.86 1586.11
1204.67 1585.16
1206.28 1583.8
1208.2 1583.02
1210.13 1582.25
1212.14 1581.82
1214.16 1581.58
1216.16 1581.22
1218.17 1580.99
1220.18 1580.89
1222.17 1580.83
1224.15 1580.67
1226.15 1580.46
1228.12 1580.1
1230.07 1579.54
1232.04 1579.1
1234.03 1578.75
1236.02 1578.43
1237.99 1578.06
1239.92 1577.53
1241.94 1577.29
1243.96 1577.06
1245.9 1576.39
1247.87 1575.8
1249.87 1575.3
1251.88 1574.91
1253.88 1574.41
1255.95 1574.28
1258.02 1574.08
1260.07 1573.76
1262.11 1573.44
1264.15 1573.01
1266.18 1572.74
1268.24 1572.6
1270.32 1572.5
1272.38 1572.27
1274.4 1571.74
1276.41 1571.13
1278.46 1570.68
1280.54 1570.4
1282.54 1569.81
1284.3 1568.61
1286.22 1567.84
1288.33 1568.13
1290.4 1567.88
1292.34 1567.17
1294.11 1565.97
1296.08 1565.26
1298.15 1564.93
1300.26 1564.79
1302.34 1564.58
1304.4 1564.13
1306.4 1563.46
1308.4 1562.79
1310.41 1562.21
1312.41 1561.55
1314.48 1561.26
1316.57 1561.02
1318.66 1560.65
1320.72 1560.11
1322.81 1559.7
1324.85 1559.06
1326.72 1557.97
1328.71 1557.24
1330.78 1556.86
1332.88 1556.57
1334.93 1556.04
1336.77 1555
1338.71 1554.2
1340.66 1553.41
1342.3 1551.95
1344.34 1551.47
1346.37 1550.94
1348.33 1550.19
1350.36 1549.71
1352.39 1549.22
1354.44 1548.8
1356.51 1548.42
1358.5 1547.76
1360.39 1546.74
1362.39 1546.02
1364.49 1545.73
1366.54 1545.35
1368.44 1544.45
1370.33 1543.43
1372.2 1542.4
1374.22 1541.78
1376.3 1541.33
1378.41 1540.9
1380.51 1540.3
1382.53 1539.4
1384.58 1538.56
1386.73 1538.21
1388.91 1538.07
1391.05 1537.76
1393.17 1537.33
1395.29 1536.91
1397.3 1536.08
1399.34 1535.26
1401.31 1534.3
1403.47 1533.93
1405.64 1533.7
1407.74 1533.07
1409.72 1532.08
1411.58 1530.83
1413.48 1529.63
1415.14 1527.99
1417.35 1527.4
1419.42 1526.45
1421.35 1525.26
1423.32 1524.16
1425.24 1523
1427.33 1522.25
1429.37 1521.39
1431.1 1519.9
1432.92 1518.7
1434.64 1517.31
1436.68 1516.52
1438.81 1515.9
1440.87 1515.03
1442.98 1514.28
1444.98 1513.29
1446.54 1511.63
1448.07 1509.97
1450.17 1509.27
1452.38 1508.89
1454.57 1508.41
1456.61 1507.5
1458.65 1506.56
1460.63 1505.53
1462.35 1504
1464.49 1503.24
1466.24 1501.77
1468.22 1500.81
1470.29 1500.03
1472.42 1499.27
1474.48 1498.42
1476.43 1497.37
1478.14 1495.85
1480.37 1495.24
1482.14 1493.77
1484.09 1492.68
1486.09 1491.66
1488.15 1490.73
1490.38 1490.16
1492.43 1489.21
1493.89 1487.41
1495.45 1485.68
1497.34 1484.36
1499.2 1483
1501.18 1481.83
1503.19 1480.67
1505.21 1479.55
1507.03 1478.16
1508.96 1476.99
1511.07 1476.12
1513.12 1475.1
1515.17 1474.15
1517.1 1472.94
1518.84 1471.41
1520.63 1469.94
1522.77 1469.05
1524.61 1467.67
1526.28 1466.04
1528.3 1464.87
1530.23 1463.57
1531.92 1461.9
1533.97 1460.84
1536.2 1460.09
1538.22 1458.91
1540.05 1457.45
1541.5 1455.57
1543.24 1453.97
1545.06 1452.57
1546.76 1451.07
1548.44 1449.58
1549.84 1447.78
1551.62 1446.41
1553.48 1445.13
1555.34 1443.93
1557.19 1442.72
1559.17 1441.7
1560.7 1440.09
1562.48 1438.91
1563.89 1437.28
1565.42 1435.83
1567.23 1434.7
1568.95 1433.52
1570.32 1431.87
1572.21 1431.11
1574.04 1430.17
1576.03 1429.66
1578.08 1429.65
1580.05 1430.19
1581.83 1431.23
1583.77 1431.92
1585.47 1433.27
1587.46 1433.81
1589.56 1433.98
1591.67 1434.36
1593.82 1434.7
1595.99 1434.94
1598.2 1435.02
1600.42 1434.91
1602.65 1434.89
1604.89 1434.89
1607.14 1434.81
1609.38 1434.62
1611.63 1434.34
1613.87 1433.92
1616.04 1433.18
1618.1 1432.13
1620.25 1431.3
1622.14 1429.98
1624.04 1428.67
1626.1 1427.58
1628 1426.26
1629.52 1424.54
1630.71 1422.53
1631.57 1420.32
1632.5 1418.13
1633.56 1416.04
1635.21 1414.44
1637.18 1413.29
1639.26 1412.41
1641.2 1411.41
1642.79 1410.04
1643.91 1408.26
1644.53 1406.31
1644.32 1404.32
1643.21 1402.57
1642.35 1400.72
1642.49 1398.75
1643.69 1397.2
1645.59 1396.76
1647.53 1397.35
1649.43 1398.03
1651.28 1398.91
1653.07 1399.87
1654.86 1400.93
1656.92 1401.2
1659.02 1401.3
1661.15 1401.34
1663.3 1401.32
1665.45 1401.18
1667.55 1400.64
1669.62 1399.85
1671.73 1399.08
1673.64 1397.78
1675.84 1397.16
1677.95 1396.34
1679.79 1394.94
1681.68 1393.6
1683.05 1391.75
1684.27 1389.81
1685.54 1387.97
1687.04 1386.29
1688.02 1384.25
1690.11 1383.36
1691.79 1381.99
1693.26 1380.48
1694.5 1378.78
1696.04 1377.49
1698.02 1377.59
1699.88 1378.45
1701.63 1379.59
1703.55 1380.46
1705.59 1380.94
1707.73 1381.15
1709.92 1381.36
1712.07 1381.91
1714.17 1382.7
1716.33 1383.35
1718.56 1383.6
1720.81 1383.5
1723.01 1383
1724.83 1381.73
1726.19 1379.87
1727.86 1378.35
1730.05 1377.54
1731.9 1376.23
1733.81 1375.05
1735.51 1373.55
1737.03 1371.88
1738.09 1369.93
1739.03 1367.94
1740.32 1366.21
1741.93 1364.82
1743.83 1363.9
1745.95 1363.49
1748.09 1363.4
1750.26 1363.53
1752.44 1363.72
1754.63 1363.53
1756.81 1363.06
1759 1362.57
1761.06 1361.68
1762.7 1360.02
1764.5 1358.53
1766.14 1356.92
1767.35 1354.99
1767.84 1352.73
1768.62 1350.56
1770.08 1348.72
1771.67 1346.95
1773.32 1345.2
1775.12 1343.58
1775.89 1341.38
1776.5 1339.1
1777.12 1336.85
1777.81 1334.64
1778.37 1332.42
1778.82 1330.19
1779.28 1327.96
1779.63 1325.72
1779.43 1323.48
1779 1321.28
1778.51 1319.09
1777.47 1317.15
1775.82 1315.56
1775.08 1313.45
1773.63 1311.69
1772.85 1309.63
1772.27 1307.51
1771.55 1305.43
1770.84 1303.36
1770.45 1301.22
1770.23 1299.06
1769.98 1296.91
1769.45 1294.8
1769.22 1292.65
1769.04 1290.5
1768.47 1288.43
1767.46 1286.51
1766.78 1284.47
1766.22 1282.39
1765.6 1280.36
1764.51 1278.57
1763 1277.01
1762.04 1275.15
1761.55 1273.12
1760.94 1271.12
1759.96 1269.25
1759.24 1267.3
1758.32 1265.4
1757.61 1263.43
1757.2 1261.36
1757.07 1259.26
1757.19 1257.15
1757.72 1255.09
1758.23 1253.02
1758.64 1250.89
1758.83 1248.71
1758.75 1246.52
1758.47 1244.34
1757.93 1242.21
1757.5 1240.08
1756.92 1237.96
1756.5 1235.8
1756.03 1233.64
1755.34 1231.52
1754.72 1229.37
1754.29 1227.18
1753.85 1224.98
1753.13 1222.85
1752.03 1220.86
1750.88 1218.89
1749.85 1216.87
1748.99 1214.76
1747.89 1212.76
1746.61 1210.86
1745.25 1209.03
1743.58 1207.4
1741.99 1205.7
1740.75 1203.79
1739.52 1201.88
1738.1 1200.12
1735.98 1199.07
1735.23 1196.83
1733.76 1195.11
1732.36 1193.39
1731.12 1191.52
1729.84 1189.69
1728.08 1188.25
1727.14 1186.26
1725.93 1184.41
1724.83 1182.52
1723.78 1180.58
1722.63 1178.68
1721.46 1176.82
1719.92 1175.15
1719.12 1173.03
1717.66 1171.29
1716.44 1169.42
1715.16 1167.53
1713.76 1165.75
1711.91 1164.42
1710.49 1162.73
1708.86 1161.23
1707.55 1159.45
1706.34 1157.56
1705.21 1155.68
1703.68 1154.06
1702.36 1152.28
1701.14 1150.47
1700.14 1148.53
1698.93 1146.72
1697.76 1144.9
1696.61 1143.04
1695.47 1141.18
1694.42 1139.27
1693.8 1137.21
1693.2 1135.13
1692.35 1133.12
1691.29 1131.2
1690.33 1129.25
1689.37 1127.29
1688.21 1125.42
1687.15 1123.52
1685.51 1122.01
1684.45 1120.12
1683.29 1118.29
1682.14 1116.49
1681.26 1114.58
1679.9 1112.9
1679.31 1110.91
1678.83 1108.85
1678.15 1106.88
1677.67 1104.87
1677.1 1102.9
1676.56 1100.88
1676.01 1098.88
1675.19 1096.96
1674.37 1095.05
1673.91 1093.04
1673.72 1091
1673.35 1089.02
1672.44 1087.17
1671.86 1085.18
1671.18 1083.25
1670.31 1081.37
1669.69 1079.43
1669.38 1077.39
1669.26 1075.36
1669.18 1073.34
1669.11 1071.32
1669.03 1069.31
1668.92 1067.3
1668.81 1065.3
1668.57 1063.31
1668.25 1061.34
1667.84 1059.38
1667.21 1057.49
1666.52 1055.6
1665.95 1053.7
1665.73 1051.74
1665.59 1049.77
1665.42 1047.8
1665.23 1045.85
1665.17 1043.89
1665.2 1041.94
1665.32 1039.99
1665.56 1038.06
1665.66 1036.11
1665.72 1034.16
1665.86 1032.2
1666.2 1030.26
1666.42 1028.29
1666.6 1026.31
1666.81 1024.33
1667.3 1022.39
1668.05 1020.52
1668.57 1018.6
1669.01 1016.66
1669.56 1014.77
1669.91 1012.79
1670.45 1010.85
1671.11 1008.92
1671.82 1007
1672.63 1005.1
1673.07 1003.09
1673.39 1001.06
1673.95 999.088
1674.58 997.128
1675.35 995.201
1676.18 993.289
1676.63 991.27
1676.89 989.226
1677.11 987.171
1677.49 985.129
1678.35 983.205
1679.27 981.299
1680.25 979.419
1681.11 977.51
1681.69 975.499
1682.46 973.545
1683.4 971.656
1684.38 969.777
1685.17 967.823
1685.82 965.851
1686.51 963.879
1687.18 961.869
1687.99 959.897
1689.22 958.144
1689.64 956.116
1689.76 954.022
1690.03 951.943
1690.63 949.919
1691.34 947.928
1692.07 945.939
1692.71 943.923
1693.46 941.931
1694.26 939.968
1695.19 938.053
1695.59 935.956
1696.45 934.069
1697.79 932.446
1698.99 930.748
1700.35 929.168
1701.37 927.351
1701.91 925.305
1702.7 923.36
1703.57 921.404
1704.09 919.315
1705.28 917.484
1705.73 915.422
1705.93 913.308
1706.5 911.268
1707.26 909.279
1708 907.271
1708.45 905.198
1708.68 903.102
1708.78 901
1708.87 898.913
1708.9 896.839
1708.79 894.776
1708.68 892.707
1708.56 890.642
1708.45 888.579
1708.32 886.523
1708.26 884.471
1708.25 882.422
1708.26 880.379
1708.27 878.341
1708.4 876.314
1708.53 874.296
1708.66 872.281
1708.8 870.282
1708.93 868.284
1709.08 866.28
1709.35 864.278
1709.74 862.303
1709.95 860.298
1710.26 858.292
1710.9 856.35
1711.84 854.544
1712.65 852.661
1713.13 850.682
1713.34 848.653
1713.62 846.628
1713.82 844.582
1714.1 842.523
1714.77 840.556
1715.84 838.716
1716.45 836.715
1716.81 834.643
1717.16 832.565
1717.59 830.506
1717.77 828.423
1717.88 826.324
1717.96 824.208
1718.07 822.085
1718.35 819.967
1718.46 817.828
1718.44 815.669
1718.4 813.51
1718.24 811.376
1717.89 809.283
1717.45 807.211
1717.09 805.106
1716.93 802.981
1716.74 800.864
1716.32 798.782
1715.67 796.741
1714.94 794.719
1714.29 792.676
1713.56 790.647
1713.11 788.559
1712.63 786.462
1711.86 784.443
1711.14 782.408
1710.63 780.299
1710.12 778.198
1709.53 776.134
1708.6 774.202
1707.53 772.355
1706.44 770.507
1705.29 768.703
1703.75 767.134
1702.92 765.128
1702.18 763.077
1701.74 760.946
1701.21 758.827
1700.7 756.708
1700.11 754.6
1699.21 752.586
1698.34 750.543
1697.31 748.581
1695.91 746.799
1695.28 744.63
1693.76 742.946
1692.71 740.984
1691.64 739.043
1690.5 737.136
1689.54 735.126
1688.55 733.114
1687.39 731.199
1686.06 729.382
1684.97 727.429
1683.89 725.459
1682.65 723.616
1681.29 721.882
1679.55 720.463
1677.79 719.095
1676.77 717.122
1675.76 715.17
1674.64 713.281
1673.63 711.332
1672.65 709.364
1671.54 707.473
1670.45 705.582
1669.48 703.627
1668.79 701.559
1668.21 699.463
1667.42 697.435
1666.63 695.396
1665.65 693.466
1663.96 692.006
1663.02 690.063
1661.85 688.254
1660.94 686.349
1660.22 684.352
1659.33 682.409
1658.61 680.42
1658.23 678.337
1657.91 676.242
1657.32 674.209
1656.08 672.389
1656.05 670.235
1655.53 668.224
1654.41 666.424
1653.62 664.476
1652.98 662.489
1652.33 660.511
1651.44 658.625
1650.44 656.809
1649.52 654.949
1648.86 652.974
1647.96 651.091
1646.99 649.236
1645.89 647.455
1645.27 645.491
1644.94 643.463
1644.67 641.432
1644.36 639.402
1643.97 637.378
1643.47 635.376
1643.04 633.361
1642.79 631.323
1642.64 629.28
1642.5 627.242
1642.24 625.226
1641.67 623.266
1641.33 621.26
1641.14 619.239
1640.8 617.238
1640.23 615.286
1639.46 613.378
1638.68 611.481
1638.08 609.536
1637.85 607.522
1637.8 605.476
1637.71 603.444
1637.67 601.415
1637.68 599.382
1637.71 597.348
1637.71 595.319
1637.6 593.298
1637.26 591.301
1636.87 589.309
1636.66 587.304
1636.43 585.299
1636.18 583.295
1636.05 581.268
1635.96 579.236
1635.68 577.224
1635.04 575.283
1634.47 573.299
1634.07 571.292
1633.85 569.277
1633.66 567.267
1633.44 565.237
1632.91 563.279
1631.97 561.434
1631.7 559.427
1631.45 557.405
1631.09 555.401
1630.81 553.389
1630.53 551.382
1630.11 549.404
1629.86 547.406
1629.75 545.402
1629.49 543.418
1629.17 541.429
1628.99 539.421
1628.86 537.412
1628.73 535.395
1628.64 533.358
1628.76 531.324
1629.19 529.325
1629.98 527.413
1631.51 525.986
1633.38 524.989
1634.96 523.672
1636.4 522.161
1637.7 520.501
1639.23 518.998
1639.93 516.889
1641.22 515.074
1641.87 512.979
1642.89 511.043
1644.15 509.18
1645.3 507.262
1646.57 505.369
1647.52 503.319
1648.06 501.068
1649.26 499.053
1649.83 496.839
1650.44 494.627
1650.75 492.341
1650.91 490.031
1650.86 487.72
1650.52 485.447
1650.12 483.194
1649.78 480.945
1649.33 478.729
1648.98 476.501
1648.41 474.319
1647.99 472.103
1647.85 469.859
1647.86 467.607
1647.82 465.355
1647.5 463.126
1647.01 460.921
1646.22 458.792
1645.46 456.672
1644.61 454.578
1643.59 452.566
1642.46 450.601
1641.27 448.678
1639.58 447.082
1638.29 445.161
1637.31 443.067
1636.59 440.876
1635.62 438.779
1634.45 436.75
1633.6 434.581
1632.67 432.444
1631.29 430.538
1629.74 428.737
1628.31 426.856
1626.42 425.389
1624.96 423.507
1623.33 421.766
1621.32 420.479
1619.55 418.909
1617.76 417.357
1615.97 415.738
1615.38 413.373
1613.89 411.549
1612.46 409.734
1611.07 407.85
1609.37 406.304
1607.58 404.824
1605.85 403.281
1604.57 401.401
1603.48 399.359
1602.38 397.307
1601.06 395.401
1599.39 393.721
1597.93 391.857
1596.72 389.85
1595.25 388.075
1593.6 386.452
1591.65 385.134
1589.98 383.487
1588.39 381.778
1586.42 380.645
1584.31 379.708
1582.29 378.633
1580.36 377.459
1578.68 375.829
1576.49 375.275
1574.32 374.664
1572.43 373.35
1570.31 372.593
1568.14 372.003
1566.03 371.207
1563.93 370.49
1561.78 369.904
1559.72 369.087
1557.94 367.775
1556.07 366.709
1554.1 365.821
1551.99 365.453
1549.9 365.065
1547.82 364.717
1545.81 364.117
1543.9 363.238
1541.99 362.393
1539.95 361.919
1537.85 361.576
1535.78 361.05
1533.83 360.182
1531.8 359.499
1529.79 358.735
1527.65 358.671
1525.56 358.367
1523.64 357.415
1521.62 356.84
1519.56 356.436
1517.47 356.074
1515.39 355.653
1513.32 355.223
1511.24 354.906
1509.15 354.704
1507.07 354.5
1505 354.293
1502.93 354.115
1500.86 354.007
1498.79 353.937
1496.72 353.685
1494.71 353.212
1492.68 352.916
1490.64 352.678
1488.58 352.581
1486.51 352.509
1484.57 351.873
1482.8 350.784
1480.91 349.997
1478.93 349.466
1476.91 349.109
1474.86 348.833
1472.86 348.374
1470.95 347.554
1469.02 346.76
1467.01 346.188
1465.02 345.538
1463.27 344.318
1461.37 343.339
1459.45 342.425
1457.45 341.712
1455.42 341.035
1453.52 340
1451.69 338.801
1449.69 337.925
1447.71 336.973
1445.94 335.65
1444.16 334.372
1442.32 333.16
1440.23 332.441
1438.19 331.611
1436.22 330.629
1434.18 329.771
1432.3 328.582
1430.44 327.384
1428.75 325.907
1426.89 324.755
1424.99 323.644
1423.01 322.598
1421.04 321.479
1419.43 319.813
1417.32 318.918
1415.6 317.348
1413.76 315.966
1411.99 314.525
1410.04 313.306
1408.23 311.813
1406.1 310.96
1404.44 309.349
1402.68 307.888
1400.92 306.414
1398.95 305.168
1397.15 303.605
1395.44 301.939
1393.53 300.584
1391.47 299.42
1389.37 298.327
1387.41 297.021
1385.68 295.356
1383.94 293.655
1381.94 292.334
1379.98 290.99
1377.84 289.966
1375.65 289.011
1373.84 287.452
1372.36 285.541
1370.55 284.025
1368.64 282.616
1366.8 281.141
1365.02 279.513
1363.37 277.769
1361.47 276.395
1359.38 275.268
1357.19 274.321
1355.14 273.146
1353.42 271.464
1351.58 269.89
1349.67 268.439
1347.93 266.813
1346.01 265.381
1344.14 263.823
1341.83 263.103
1340 261.531
1338.08 260.136
1336.08 258.839
1333.95 257.809
1332.1 256.327
1330.01 255.23
1328.07 253.842
1326.26 252.386
1324.56 250.804
1322.8 249.287
1321.29 247.455
1319.56 245.803
1317.56 244.514
1315.64 243.118
1313.52 242.077
1311.34 241.09
1309.52 239.495
1307.77 237.82
1305.7 236.689
1303.48 235.798
1301.34 234.748
1299.33 233.521
1297.58 231.87
1295.29 231.164
1293.46 229.599
1291.46 228.378
1289.44 227.196
1287.33 226.194
1285.29 225.04
1283.61 223.387
1281.99 221.646
1279.91 220.567
1277.8 219.59
1275.7 218.624
1273.51 217.911
1271.37 217.109
1269.41 215.876
1267.42 214.762
1265.59 213.395
1263.54 212.347
1261.59 211.135
1259.59 210.097
1257.59 209.052
1255.72 207.685
1253.47 207.126
1251.61 205.772
1249.65 204.654
1247.64 203.635
1245.58 202.757
1243.43 202.109
1241.37 201.243
1239.58 199.782
1237.41 199.167
1235.52 197.901
1233.41 197.231
1231.36 196.401
1229.39 195.352
1227.36 194.482
1225.28 193.742
1223.31 192.733
1221.34 191.698
1219.24 190.979
1217.45 189.619
1215.44 188.726
1213.41 187.827
1211.44 186.79
1209.37 186.043
1207.3 185.274
1205.33 184.293
1203.44 183.175
1201.49 182.157
1199.41 181.513
1197.31 180.918
1195.21 180.33
1193.22 179.425
1191.18 178.637
1189.03 178.232
1186.85 177.948
1184.73 177.366
1182.87 176.134
1180.91 175.1
1178.94 174.155
1176.83 173.928
1174.74 174.639
1172.65 174.673
1170.82 173.432
1168.79 172.776
1166.72 172.26
1164.73 171.472
1162.78 170.602
1160.76 169.955
1158.74 169.315
1156.71 168.739
1154.63 168.251
1152.6 167.544
1150.59 166.803
1148.55 166.216
1146.47 165.875
1144.38 165.643
1142.32 165.199
1140.23 164.954
1138.14 164.75
1136.06 164.532
1133.98 164.318
1131.9 164.132
1129.85 163.739
1127.84 163.175
1125.83 162.682
1123.79 162.352
1121.77 162.039
1119.76 161.612
1117.78 161.246
1115.77 161.092
1113.76 160.956
1111.73 160.778
1109.71 160.651
1107.69 160.454
1105.69 160.091
1103.74 159.445
1101.81 158.789
1100.22 157.379
1098.28 156.882
1096.23 156.796
1094.17 156.695
1092.11 156.576
1090.05 156.385
1088.01 156.006
1086.06 155.325
1084.06 154.868
1082.01 154.625
1079.98 154.339
1078.01 153.783
1075.99 153.514
1073.96 153.379
1071.93 153.295
1069.93 153.163
1067.94 153.053
1065.94 152.888
1063.94 152.591
1061.96 152.215
1059.95 152.05
1057.96 151.716
1056.03 151.086
1054.05 150.752
1052.11 150.319
1050.17 149.908
1048.2 149.639
1046.26 149.231
1044.28 148.944
1042.3 148.637
1040.37 148.098
1038.5 147.324
1036.56 146.742
1034.57 146.385
1032.57 146.223
1030.56 146.202
1028.53 146.214
1026.5 146.217
1024.47 146.198
1022.44 146.15
1020.4 146.07
1018.38 145.923
1016.37 145.665
1014.38 145.332
1012.38 145.18
1010.38 145.07
1008.36 144.967
1006.34 144.811
1004.31 144.672
1002.29 144.575
1000.25 144.63
998.228 144.771
996.201 144.773
994.178 144.7
992.158 144.644
990.136 144.646
988.115 144.666
986.096 144.677
984.079 144.648
982.054 144.591
980.027 144.661
978.001 144.764
975.974 144.874
973.947 144.962
971.921 145.061
969.898 145.174
967.877 145.169
965.86 144.993
963.848 144.785
961.829 144.787
959.807 144.922
957.784 144.958
955.761 144.891
953.738 144.695
951.698 144.571
949.652 144.548
947.599 144.491
945.54 144.397
943.475 144.299
941.426 144.393
939.384 144.665
937.34 144.91
935.282 145.023
933.213 145.065
931.147 145.127
929.09 145.253
927.053 145.605
924.998 145.88
922.928 146.036
920.848 146.164
918.766 146.283
916.677 146.376
914.592 146.534
912.532 146.883
910.577 147.644
908.585 148.288
906.557 148.807
904.573 149.453
902.605 150.177
900.59 150.793
898.621 151.554
896.592 152.141
894.484 152.39
892.378 152.701
890.298 153.126
888.253 153.617
886.317 154.441
884.448 155.408
882.543 156.324
880.555 157.016
878.575 157.726
876.743 158.745
875.026 159.988
873.118 160.919
871.062 161.454
868.934 161.732
866.786 161.877
864.656 162.119
862.557 162.572
860.552 163.365
858.592 164.311
856.59 165.144
854.593 166.032
852.752 167.241
850.778 168.169
848.78 169.026
846.854 170.004
844.982 171.157
843.108 172.321
841.112 173.233
839.132 174.174
837.03 174.829
834.949 175.494
833.055 176.554
831.115 177.545
829.052 178.249
827.016 179.013
825.093 180.026
823.043 180.74
821.064 181.589
819.423 183.088
817.401 183.919
815.75 185.411
813.862 186.471
811.975 187.52
810.008 188.401
807.979 189.092
805.955 189.742
803.894 190.261
801.799 190.772
799.8 191.603
797.902 192.663
795.782 193.048
793.63 193.263
791.528 193.744
789.534 194.603
787.651 195.712
785.729 196.761
783.721 197.676
781.87 198.875
779.884 199.762
777.924 200.761
775.867 201.523
773.827 202.306
771.8 203.121
769.835 204.113
767.831 205.014
765.895 205.95
764.048 207.069
762.159 208.165
760.239 209.243
758.173 209.971
756.093 210.665
754.113 211.668
752.131 212.69
750.191 213.734
748.235 214.748
746.281 215.821
744.407 217.111
742.263 217.86
740.134 218.62
738.138 219.738
736.116 220.849
734.029 221.859
732.102 223.138
730.081 224.293
728.009 225.37
725.888 226.324
723.833 227.426
721.789 228.579
719.679 229.639
717.922 231.244
716.204 232.832
714.36 234.239
712.503 235.627
710.737 237.128
708.797 238.459
706.808 239.734
705.159 241.483
703.035 242.526
700.88 243.541
698.974 244.92
697.374 246.7
695.273 247.804
693.467 249.371
691.606 250.793
689.792 252.285
687.807 253.529
685.681 254.516
683.434 255.171
681.299 256.085
679.295 257.361
677.13 258.347
675.045 259.486
673.031 260.74
671.002 262.008
669.066 263.522
667.338 265.283
665.311 266.609
663.174 267.819
661.11 269.147
659.504 271.039
657.661 272.586
655.619 273.874
653.375 274.791
651.286 276.017
649.321 277.408
647.557 279.114
645.57 280.473
643.771 282.06
641.802 283.394
639.934 284.856
638.553 286.838
636.495 287.999
634.776 289.596
633.044 291.131
631.122 292.476
629.016 293.593
627.227 295.209
625.158 296.34
623.211 297.698
621.195 298.99
619.482 300.646
617.916 302.461
615.88 303.763
614.184 305.417
612.482 306.99
610.913 308.694
609.438 310.473
607.482 311.736
605.787 313.342
604.031 314.791
602.231 316.208
600.347 317.518
598.781 319.213
597.016 320.646
595.427 322.238
593.857 323.841
592.083 325.229
590.149 326.353
588.202 327.501
586.218 328.644
584.056 329.462
582.099 330.62
580.498 332.248
578.992 333.986
577.71 335.948
575.982 337.586
574.338 339.235
572.595 340.824
571.204 342.734
570.118 344.867
568.556 346.633
566.603 348.042
564.578 349.386
563.02 351.283
561.597 353.292
559.667 354.86
558.151 356.783
556.858 358.878
555.35 360.792
553.687 362.552
551.806 364.132
549.843 365.619
548.353 367.575
546.919 369.602
545.416 371.543
543.607 373.267
542.118 375.275
540.651 377.277
539.077 379.172
537.993 381.378
537.072 383.707
535.448 385.613
533.529 387.263
532.04 389.255
530.758 391.418
529.433 393.529
527.528 395.169
525.712 396.889
524.612 399.124
523.387 401.257
521.908 403.179
520.23 404.967
519.061 407.126
517.363 408.899
515.941 410.831
514.634 412.858
513.565 415.05
511.773 416.684
510.068 418.355
508.378 420.005
506.59 421.552
505.139 423.468
503.468 425.211
501.479 426.577
499.724 428.193
497.995 429.823
496.568 431.781
495.222 433.838
493.21 435.294
491.482 437.008
490.117 439.086
488.256 440.666
486.516 442.312
484.459 443.592
482.566 445.061
481.094 446.994
479.34 448.652
477.479 450.201
476.011 452.075
474.686 454.056
473.471 456.11
471.823 457.891
470.535 459.89
468.909 461.617
467.657 463.627
466.379 465.629
464.803 467.364
463.048 468.965
461.256 470.568
459.798 472.426
458.563 474.438
457.294 476.408
455.715 478.167
454.77 480.311
453.264 482.134
451.966 484.06
450.614 485.94
449.369 487.876
448.261 489.925
447.262 492.001
446.007 493.933
445.019 495.987
444.06 498.043
442.961 500.03
442.078 502.088
441.303 504.178
440.609 506.295
439.982 508.436
439.459 510.611
439.102 512.807
437.783 514.67
437.072 516.727
436.788 518.899
436.529 521.061
435.835 523.107
434.773 525.028
433.877 527.016
433.128 529.029
432.577 531.089
432.205 533.205
431.437 535.203
430.522 537.119
429.661 539.059
429.281 541.152
428.701 543.178
427.726 545.047
426.785 546.924
426.185 548.93
425.641 550.947
425.04 552.94
424.28 554.884
423.599 556.85
423.21 558.911
422.724 560.903
421.705 562.75
421.339 564.781
421.012 566.805
420.349 568.767
419.574 570.697
418.794 572.631
418.292 574.648
417.796 576.659
417.582 578.713
417.408 580.778
416.834 582.767
415.452 584.412
414.606 586.338
414.115 588.399
413.616 590.441
412.964 592.449
412.309 594.457
411.516 596.432
410.749 598.409
410.339 600.484
410.139 602.578
409.947 604.689
409.622 606.78
409.034 608.803
408.178 610.743
407.533 612.737
407.247 614.838
406.712 616.84
405.652 618.692
405.307 620.747
405.104 622.828
404.623 624.855
404.166 626.895
403.551 628.909
402.989 630.942
402.675 633.015
402.365 635.085
402.05 637.149
401.638 639.193
401.221 641.207
401.009 643.259
400.74 645.325
400.239 647.367
399.528 649.346
398.964 651.363
398.437 653.389
398.065 655.438
397.842 657.49
397.734 659.54
397.599 661.571
397.251 663.561
396.905 665.514
397.015 667.46
397.385 669.375
397.412 671.298
396.899 673.168
396.423 675.07
396.143 677.047
395.947 679.067
395.599 681.082
395.163 683.098
394.801 685.135
394.628 687.201
394.446 689.258
394.314 691.318
394.21 693.379
394.168 695.437
394.183 697.501
394.19 699.564
394.189 701.626
394.18 703.686
394.172 705.744
394.171 707.8
394.174 709.855
394.186 711.91
394.19 713.977
394.192 716.043
394.203 718.109
394.241 720.175
394.258 722.241
394.255 724.308
394.231 726.376
394.191 728.438
394.264 730.494
394.379 732.557
394.465 734.629
394.525 736.714
394.551 738.804
394.55 740.891
394.599 742.979
394.761 745.071
395.036 747.162
395.491 749.229
396.038 751.283
396.449 753.345
396.656 755.443
396.876 757.546
397.378 759.614
397.746 761.711
397.979 763.832
398.468 765.916
399.151 767.966
399.65 770.114
400.083 772.288
400.645 774.442
401.246 776.591
401.452 778.82
401.622 781.046
401.935 783.269
402.589 785.45
403.453 787.583
404.406 789.688
405.453 791.754
407.066 793.543
407.821 795.785
409.481 797.499
410.845 799.446
412.489 801.145
414.578 802.19
416.822 802.927
418.933 803.967
421.081 804.903
423.209 805.891
424.854 807.559
426.327 809.389
428.075 810.895
429.838 812.381
431.825 813.53
433.971 814.432
435.977 815.624
437.962 816.832
440.17 817.491
442.465 817.789
444.781 818.026
447.024 818.622
449.025 819.811
451.031 820.917
453.055 822.005
454.897 823.44
456.606 824.949
458.723 825.595
460.933 825.949
463.028 826.694
464.943 827.89
467.023 828.613
469.176 829.083
471.286 829.676
473.301 830.558
475.264 831.565
477.22 832.544
479.28 833.271
481.426 833.653
483.586 833.922
485.7 834.453
487.645 835.526
489.656 836.388
491.806 836.768
493.965 837.102
496.072 837.713
498.111 838.617
499.969 839.815
501.548 841.418
503.397 842.684
505.062 844.221
507.01 845.198
509.141 845.801
510.99 847.136
513.106 847.71
515.191 848.339
517.239 849.072
519.35 849.55
521.427 850.103
523.543 850.456
525.666 850.83
527.732 851.488
529.72 852.306
531.697 853.131
533.691 853.918
535.485 855.211
537.543 855.972
539.282 857.396
541.306 858.253
543.337 859.18
544.983 860.773
546.897 861.81
548.929 862.648
551.006 863.421
553.109 863.984
554.933 865.342
557.075 865.912
559.189 866.563
561.243 867.416
563.366 868.03
565.527 868.485
567.703 868.887
569.891 869.143
572.113 869.275
574.321 869.626
576.35 870.602
578.329 871.696
579.828 873.463
581.597 874.842
583.577 875.957
585.732 876.721
587.755 877.705
589.526 879.235
591.832 879.748
593.642 881.269
595.551 882.535
597.485 883.779
599.557 884.796
601.663 885.756
603.317 887.413
604.975 889.042
606.928 890.238
608.762 891.527
610.633 892.73
612.54 893.868
614.332 895.288
616.536 895.92
618.327 897.36
620.222 898.572
621.884 900.148
623.895 901.134
626.08 901.592
628.258 901.966
630.352 902.646
632.401 903.451
634.559 903.715
636.723 903.83
638.86 903.989
640.619 905.25
642.52 906.065
644.386 906.855
646.025 908.029
647.623 909.233
649.099 910.581
650.568 911.817
651.752 913.386
653.24 914.528
654.981 915.343
656.511 916.397
657.791 917.718
658.219 919.527
658.064 921.405
657.258 923.095
655.768 924.276
654.092 925.191
652.21 925.494
650.271 925.559
648.319 925.673
646.357 925.881
644.454 926.445
642.678 927.414
641.007 928.628
639.147 929.539
637.119 930.19
635.078 930.864
633.155 931.877
631.194 932.837
629.174 933.723
627.498 935.252
625.575 936.357
623.556 937.297
621.447 938.048
619.402 938.959
617.473 940.158
615.451 941.206
613.298 941.975
611.296 943.098
609.306 944.315
607.177 945.208
604.879 945.689
602.668 946.353
600.619 947.434
598.585 948.601
596.545 949.781
594.919 951.517
593.437 953.393
591.577 954.891
589.837 956.494
588.285 958.243
586.62 959.914
585.064 961.732
583.031 962.978
580.943 964.222
579.077 965.734
577.505 967.592
575.717 969.272
573.905 970.864
572.144 972.478
570.19 973.87
568.415 975.549
566.63 977.207
564.44 978.266
562.337 979.47
560.488 981.015
559.026 983.038
556.612 983.707
554.797 985.294
553.088 986.972
551.182 988.484
548.987 989.699
547.34 991.58
545.802 993.581
543.699 995.001
541.89 996.719
540.65 998.908
539.084 1000.78
537.329 1002.46
535.361 1003.94
533.368 1005.4
531.937 1007.42
530.593 1009.51
529.199 1011.54
527.472 1013.35
525.766 1015.22
523.684 1016.58
521.8 1018.2
519.703 1019.56
517.748 1021.05
516.346 1023.08
514.835 1024.97
513.232 1026.73
511.467 1028.39
509.71 1030.05
508.486 1032.1
507.46 1034.3
506.37 1036.46
505.187 1038.54
503.511 1040.31
502.197 1042.33
501.146 1044.46
499.947 1046.5
498.596 1048.47
497.454 1050.54
495.885 1052.34
494.997 1054.51
493.495 1056.3
492.391 1058.32
491.217 1060.29
490.167 1062.32
489.15 1064.35
488.048 1066.33
487.112 1068.38
485.831 1070.25
484.884 1072.28
484.064 1074.36
483.069 1076.36
482.179 1078.39
481.393 1080.44
480.847 1082.56
480.089 1084.6
479.101 1086.56
477.816 1088.33
477.342 1090.41
477.129 1092.56
476.7 1094.68
475.891 1096.69
474.991 1098.66
474.428 1100.74
473.983 1102.83
473.502 1104.91
473.297 1107.03
473.196 1109.15
473.042 1111.26
472.617 1113.33
472.153 1115.38
471.717 1117.43
471.375 1119.49
471.163 1121.56
471.207 1123.62
471.429 1125.66
471.563 1127.7
471.47 1129.71
471.055 1131.68
470.483 1133.62
470.149 1135.61
469.988 1137.62
469.934 1139.65
469.885 1141.68
469.848 1143.7
469.87 1145.73
469.96 1147.76
470.208 1149.78
470.485 1151.8
470.803 1153.83
471.103 1155.85
471.362 1157.88
471.782 1159.89
472.224 1161.91
472.491 1163.94
472.588 1165.99
472.507 1168.03
472.486 1170.08
472.515 1172.12
472.532 1174.17
472.636 1176.21
472.867 1178.24
473.114 1180.25
473.331 1182.26
473.707 1184.25
473.919 1186.26
473.952 1188.28
473.94 1190.31
473.922 1192.34
473.915 1194.37
473.913 1196.4
473.911 1198.42
473.925 1200.46
473.982 1202.5
474.009 1204.53
474.051 1206.56
474.205 1208.58
474.363 1210.61
474.605 1212.63
475.04 1214.61
475.684 1216.54
475.964 1218.54
476.082 1220.56
476.202 1222.6
476.344 1224.63
476.514 1226.67
476.726 1228.7
477.066 1230.71
477.639 1232.64
477.913 1234.62
478.187 1236.59
478.506 1238.56
478.931 1240.52
479.142 1242.51
479.169 1244.51
479.202 1246.51
479.445 1248.49
479.922 1250.44
480.388 1252.39
480.72 1254.37
480.859 1256.37
480.793 1258.38
480.613 1260.39
480.554 1262.4
480.686 1264.42
480.846 1266.44
481.012 1268.45
481.233 1270.45
481.666 1272.43
481.942 1274.45
482.079 1276.48
482.185 1278.53
482.202 1280.57
482.197 1282.62
482.206 1284.67
482.254 1286.73
482.301 1288.8
482.306 1290.87
482.321 1292.94
482.456 1295.01
482.838 1297.05
483.486 1299.03
484.131 1301.02
484.43 1303.08
484.647 1305.13
484.809 1307.18
485.017 1309.22
485.388 1311.24
485.78 1313.24
486.182 1315.24
486.942 1317.14
488.01 1318.93
488.529 1320.92
488.864 1322.95
488.965 1325.02
488.85 1327.09
488.689 1329.15
488.759 1331.23
488.937 1333.31
489.092 1335.39
489.224 1337.5
489.314 1339.6
489.457 1341.7
489.844 1343.76
490.381 1345.79
491.071 1347.78
492.128 1349.63
493.087 1351.52
493.753 1353.54
494.131 1355.63
494.282 1357.77
494.332 1359.92
494.836 1362.01
495.976 1363.88
496.905 1365.84
497.564 1367.92
498.097 1370.05
498.542 1372.21
498.939 1374.39
499.386 1376.58
500.164 1378.67
501.063 1380.73
502.291 1382.61
503.468 1384.51
504.632 1386.42
505.988 1388.21
507.252 1390.04
508.42 1391.97
509.402 1394.06
511.025 1395.75
512.108 1397.77
513.386 1399.68
514.56 1401.67
515.94 1403.52
517.289 1405.4
518.845 1407.16
519.786 1409.26
520.219 1411.54
521.006 1413.71
521.993 1415.81
523.439 1417.67
525.182 1419.26
527.212 1420.53
529.066 1421.98
530.333 1423.94
531.248 1426.18
532.362 1428.32
533.596 1430.39
535.429 1432.02
537.042 1433.9
538.509 1435.88
540.325 1437.53
542.056 1439.3
543.911 1440.93
545.862 1442.45
547.666 1444.12
549.489 1445.75
551.283 1447.47
553.055 1449.18
554.866 1450.78
556.761 1452.29
558.775 1453.65
560.05 1455.75
561.814 1457.49
563.598 1459.16
565.407 1460.83
567.436 1462.28
569.314 1463.9
570.8 1465.96
572.787 1467.42
575.083 1468.44
577.189 1469.72
578.818 1471.6
580.537 1473.4
582.678 1474.65
584.738 1476
586.631 1477.53
588.268 1479.36
589.864 1481.21
591.76 1482.73
593.846 1484.06
595.796 1485.54
597.432 1487.4
599.272 1489.07
601.253 1490.52
603.125 1492.07
605.038 1493.53
606.865 1495.15
609.064 1496.12
610.908 1497.68
613.06 1498.72
615.346 1499.4
617.661 1499.87
619.975 1500.19
622.25 1500.61
624.301 1501.56
626.019 1503.12
628.061 1504.12
629.739 1505.73
631.807 1506.63
633.951 1507.39
636.004 1508.33
637.956 1509.4
639.584 1511.01
641.522 1512.11
643.532 1513
645.669 1513.51
647.709 1514.36
649.609 1515.53
651.585 1516.5
653.69 1517.16
655.764 1517.92
657.766 1518.88
659.764 1519.81
661.658 1520.93
663.679 1521.79
665.649 1522.76
667.524 1523.92
669.498 1524.85
671.497 1525.77
673.327 1527.02
675.316 1527.86
677.281 1528.85
679.358 1529.54
681.419 1530.19
683.49 1530.81
685.407 1531.82
687.281 1532.92
689.269 1533.73
691.246 1534.51
693.2 1535.42
695.202 1536.28
697.01 1537.53
698.938 1538.49
700.958 1539.3
703 1540.03
705.121 1540.47
707.251 1540.83
709.361 1541.27
711.431 1541.9
713.323 1542.95
715.126 1544.21
717.134 1544.96
719.231 1545.42
721.291 1545.99
723.342 1546.53
725.341 1547.28
727.337 1548.05
729.408 1548.52
731.51 1548.82
733.616 1549.1
735.675 1549.6
737.727 1550.12
739.649 1551.03
741.418 1552.21
743.271 1553.26
745.256 1553.99
747.302 1554.55
749.315 1555.26
751.317 1556.04
753.402 1556.51
755.508 1556.86
757.604 1557.28
759.61 1558.01
761.377 1559.25
763.163 1560.43
765.131 1561.19
767.213 1561.64
769.263 1562.22
771.366 1562.48
773.464 1562.76
775.486 1563.39
777.454 1564.17
779.489 1564.63
781.529 1565.03
783.544 1565.55
785.571 1565.98
787.616 1566.33
789.713 1566.35
791.779 1566.64
793.703 1567.49
795.58 1568.39
797.512 1569.13
799.524 1569.65
801.522 1570.19
803.572 1570.56
805.604 1571.02
807.567 1571.76
809.594 1572.24
811.655 1572.5
813.692 1572.85
815.67 1573.48
817.697 1573.86
819.747 1573.96
821.796 1573.93
823.836 1573.96
825.831 1574.36
827.718 1575.18
829.678 1575.74
831.742 1575.83
833.822 1575.99
835.556 1577.31
837.527 1577.94
839.582 1578.23
841.673 1578.34
843.758 1578.42
845.827 1578.54
847.844 1578.97
849.788 1579.71
851.784 1580.3
853.832 1580.66
855.9 1580.86
857.984 1580.92
860.08 1580.94
862.178 1581.1
864.213 1581.6
866.119 1582.49
867.869 1583.69
869.763 1584.6
871.767 1585.24
873.856 1585.78
875.957 1586.13
878.083 1586.19
880.214 1586.22
882.336 1586.26
884.445 1586.23
886.514 1585.88
888.435 1585.01
890.31 1583.96
892.336 1584.43
894.318 1585.21
896.416 1585.4
898.405 1585.96
900.33 1586.67
902.294 1587.21
904.283 1587.67
906.264 1588.16
908.239 1588.59
910.231 1588.97
912.218 1589.46
914.257 1589.68
916.314 1589.77
918.382 1589.85
920.438 1589.94
922.477 1590.09
924.51 1590.27
926.544 1590.46
928.563 1590.67
930.612 1590.7
932.666 1590.68
934.698 1590.59
936.706 1590.49
938.681 1590.72
940.589 1591.28
942.511 1591.81
944.409 1592.41
946.083 1593.62
948.004 1594.16
950.047 1594.27
952.116 1594.21
954.176 1594.19
956.237 1594.21
958.293 1594.24
960.349 1594.3
962.409 1594.31
964.467 1594.31
966.52 1594.29
968.557 1594.26
970.58 1594.25
972.602 1594.26
974.618 1594.16
976.611 1593.86
978.63 1593.62
980.644 1593.79
982.609 1594.26
984.558 1594.72
986.533 1595.01
988.53 1595.14
990.537 1595.19
992.53 1595.41
994.481 1595.92
996.441 1596.38
998.39 1596.87
1000.3 1597.5
1002.3 1597.78
1004.31 1597.93
1006.34 1598.01
1008.38 1598.06
1010.42 1597.97
1012.44 1597.84
1014.46 1597.76
1016.49 1597.76
1018.54 1597.78
1020.58 1597.81
1022.63 1597.83
1024.65 1597.84
1026.66 1597.94
1028.68 1598.11
1030.72 1598.23
1032.76 1598.37
1034.81 1598.51
1036.86 1598.67
1038.93 1598.73
1041.01 1598.58
1043.03 1598.04
1045.1 1597.77
1047.18 1597.82
1049.25 1597.93
1051.21 1597.45

558

1034.9 1356.61
1032.9 1356.59
1030.9 1356.58
1028.91 1356.6
1026.91 1356.61
1024.92 1356.62
1022.93 1356.67
1020.94 1356.68
1018.96 1356.68
1016.97 1356.69
1014.98 1356.7
1012.99 1356.71
1010.99 1356.71
1008.99 1356.7
1006.99 1356.64
1004.97 1356.63
1002.94 1356.64
1000.91 1356.66
998.88 1356.71
996.855 1356.69
994.818 1356.58
992.777 1356.43
990.753 1356.1
988.759 1355.57
986.747 1355.13
984.703 1354.9
982.65 1354.83
980.601 1354.82
978.556 1354.82
976.521 1354.74
974.524 1354.44
972.533 1354.13
970.531 1353.93
968.519 1353.81
966.511 1353.55
964.492 1353.45
962.467 1353.43
960.44 1353.4
958.43 1353.33
956.429 1353.26
954.422 1353.18
952.407 1353.14
950.393 1353.15
948.377 1353.11
946.363 1352.98
944.389 1352.54
942.515 1351.76
940.612 1351.02
938.611 1350.67
936.58 1350.54
934.555 1350.44
932.542 1350.22
930.53 1349.99
928.509 1349.93
926.497 1349.86
924.489 1349.83
922.481 1349.81
920.476 1349.64
918.513 1349.18
916.516 1348.89
914.496 1348.72
912.467 1348.59
910.433 1348.49
908.394 1348.37
906.36 1348.15
904.335 1347.83
902.311 1347.44
900.273 1347.11
898.238 1346.8
896.196 1346.6
894.162 1346.44
892.121 1346.39
890.079 1346.31
888.062 1345.96
886.094 1345.44
884.082 1345.16
882.101 1344.73
880.189 1344.02
878.28 1343.29
876.313 1342.7
874.281 1342.43
872.23 1342.32
870.182 1342.26
868.137 1342.14
866.1 1341.97
864.069 1341.73
862.055 1341.29
860.011 1341.06
857.969 1340.91
855.925 1340.77
853.883 1340.64
851.833 1340.51
849.788 1340.31
847.764 1339.93
845.776 1339.36
843.803 1338.76
841.795 1338.3
839.806 1337.75
837.792 1337.3
835.74 1337.17
833.68 1337.1
831.635 1336.84
829.649 1336.19
827.657 1335.53
825.623 1335.02
823.61 1334.41
821.574 1333.97
819.488 1333.87
817.406 1333.73
815.353 1333.32
813.355 1332.64
811.39 1331.83
809.487 1330.86
807.476 1330.17
805.41 1329.7
803.337 1329.18
801.498 1327.95
799.424 1327.35
797.297 1326.83
795.149 1326.4
793.002 1325.95
790.853 1325.44
788.646 1325.06
786.416 1324.84
784.152 1324.7
781.879 1324.46
779.648 1323.9
777.53 1322.9
775.396 1321.9
773.297 1320.87
772.043 1318.99
772.146 1316.57
772.364 1314.06
771.621 1311.74
769.816 1310.14
767.436 1309.71
765.148 1310.61
763.279 1312.31
761.709 1314.32
760.15 1316.3
757.818 1316.56
755.482 1315.87
753.264 1314.79
750.974 1313.94
748.613 1313.29
746.476 1312
744.079 1311.54
741.834 1310.77
739.537 1310.17
737.247 1309.63
735.124 1308.66
733.145 1307.34
731.357 1305.8
729.801 1304
727.69 1302.96
725.979 1301.31
723.988 1300.12
721.991 1298.91
719.882 1297.94
717.757 1297.05
715.706 1295.97
713.513 1295.29
711.442 1294.25
709.358 1293.22
707.369 1292.06
705.5 1290.67
703.484 1289.44
701.806 1287.73
699.909 1286.4
697.942 1285.16
695.845 1284.02
694.225 1282.28
692.977 1280.25
692.182 1278
691.808 1275.63
691.457 1273.22
690.87 1270.84
689.88 1268.59
688.61 1266.46
686.733 1264.88
684.311 1264.32
681.771 1264.31
679.446 1263.56
677.456 1262.1
675.641 1260.52
674.371 1258.48
673.61 1256.21
673.119 1253.84
672.883 1251.44
672.974 1249.06
673.489 1246.78
674.989 1245.22
677.281 1245.47
679.533 1246.1
681.625 1246.99
683.532 1248.1
685.42 1249.08
687.419 1249.21
689.181 1248.33
690.495 1246.9
691.306 1245.15
691.714 1243.29
691.692 1241.42
691.193 1239.63
690.334 1237.96
689.547 1236.27
689.355 1234.44
689.819 1232.65
690.636 1230.96
691.513 1229.29
692.189 1227.54
692.576 1225.68
692.796 1223.75
693.136 1221.81
694.007 1220.06
695.707 1219.01
697.735 1218.53
699.851 1218.4
701.995 1218.5
704.162 1218.61
706.288 1218.19
708.061 1216.93
709.125 1214.97
709.404 1212.69
709.043 1210.34
708.184 1208.04
706.959 1205.81
706.476 1203.41
707.813 1201.36
709.554 1199.6
711.94 1199.11
714.459 1199.2
716.829 1200.48
719.352 1201.17
721.899 1200.78
723.971 1199.27
725.014 1196.95
724.696 1194.36
723.897 1191.82
724.161 1189.37
725.553 1187.34
727.496 1185.72
729.169 1183.83
730.803 1181.99
732.741 1180.52
734.86 1179.29
736.649 1177.74
738.185 1175.9
740.332 1174.92
742.139 1173.38
744.218 1172.29
746.163 1170.97
747.957 1169.48
749.623 1167.8
751.883 1167.05
753.761 1165.42
756.014 1164.58
758.308 1163.86
760.489 1162.84
762.778 1162.12
765.003 1161.24
766.871 1159.7
768.611 1158.12
770.441 1156.7
772.238 1155.25
773.929 1153.69
775.662 1152.12
777.818 1151.23
779.753 1149.97
781.845 1149.05
783.911 1148
785.998 1147.01
788.126 1146.14
790.148 1145.09
791.9 1143.54
793.873 1142.28
796.025 1141.48
798.29 1141.05
800.512 1140.42
802.624 1139.49
804.735 1138.58
806.893 1137.89
809.023 1137.16
811.047 1136.22
813.057 1135.23
814.924 1133.96
816.902 1133.02
818.936 1132.25
820.898 1131.25
822.942 1130.43
824.739 1129.27
826.143 1127.59
827.621 1125.99
829.472 1124.94
831.506 1124.21
833.559 1123.47
835.632 1122.81
837.744 1122.3
839.816 1121.62
841.971 1121.22
844.159 1120.92
846.367 1120.6
848.575 1120.24
850.769 1119.76
852.934 1119.18
855.066 1118.49
857.246 1117.98
859.493 1117.82
861.743 1117.65
863.943 1117.12
866.068 1116.3
868.12 1115.24
870.218 1114.29
872.383 1113.5
874.696 1113.22
877.027 1113
879.369 1112.74
881.736 1112.71
884.119 1112.8
886.422 1113.31
888.515 1114.39
890.355 1115.89
892.025 1117.56
893.328 1119.56
894.779 1121.49
895.847 1123.61
897.584 1125.29
898.84 1127.31
900.189 1129.25
901.576 1131.12
903.139 1132.9
903.875 1135.19
905.695 1136.67
907.269 1138.32
908.692 1140.11
910.058 1141.96
911.707 1143.62
913.27 1145.37
914.61 1147.25
916.229 1148.96
917.339 1151.01
918.431 1153.05
919.923 1154.76
921.861 1156.09
923.495 1157.72
924.804 1159.67
925.965 1161.77
927.778 1163.36
929.609 1164.98
930.741 1167.15
932.133 1169.09
933.792 1170.76
935.742 1172.15
937.751 1173.48
939.245 1175.39
940.867 1177.13
943.036 1178.08
945.101 1179.12
946.774 1180.67
948.275 1182.41
949.792 1184.09
951.456 1185.71
953.293 1187.09
954.822 1188.72
956.228 1190.47
957.771 1192.06
959.392 1193.64
961.246 1194.86
962.951 1196.22
964.668 1197.54
966.029 1199.25
967.659 1200.64
969.48 1201.76
971.499 1202.38
973.529 1202.94
975.503 1203.65
977.538 1204.13
979.608 1204.32
981.668 1204.47
983.714 1204.65
985.758 1204.81
987.797 1204.9
989.832 1204.94
991.861 1204.91
993.91 1204.9
995.961 1204.92
998.014 1204.9
1000.07 1204.83
1002.13 1204.81
1004.2 1204.83
1006.28 1204.87
1008.36 1204.94
1010.44 1204.94
1012.52 1204.88
1014.61 1204.8
1016.71 1204.7
1018.83 1204.59
1020.96 1204.43
1023.11 1204.29
1025.27 1204.08
1027.43 1203.71
1029.6 1203.34
1031.81 1203.41
1033.95 1203.98
1036.1 1204.6
1038.26 1205.13
1040.4 1205.77
1042.43 1206.72
1044.37 1207.92
1046.32 1209.11
1048.46 1209.91
1050.64 1210.58
1052.8 1211.42
1054.99 1212.2
1057.23 1212.69
1059.53 1212.92
1061.8 1213.34
1063.84 1214.53
1066.1 1215.16
1068.31 1215.85
1069.92 1217.54
1071.7 1219.09
1073.42 1220.75
1074.59 1222.85
1076.14 1224.6
1077.79 1226.23
1079.65 1227.66
1081.51 1229.11
1082.9 1231.04
1084.78 1232.37
1086.5 1233.92
1088.31 1235.31
1090.26 1236.53
1092.2 1237.72
1093.84 1239.39
1095.71 1240.75
1097.72 1241.9
1099.9 1242.61
1102.1 1243.29
1104.31 1244.05
1106.56 1244.73
1108.64 1245.78
1110 1247.7
1111.53 1249.5
1113.4 1250.93
1115.36 1252.19
1117.56 1252.84
1119.87 1253
1122.17 1253.12
1124.34 1253.74
1125.93 1255.48
1127.41 1257.34
1127.76 1259.62
1127.41 1261.87
1125.28 1262.98
1122.93 1263.78
1120.68 1264.75
1118.67 1266.06
1117.37 1267.98
1117.42 1270.24
1118.91 1271.92
1121.14 1272.38
1123.4 1271.72
1125.55 1270.68
1127.65 1269.47
1129.79 1268.41
1131.95 1268.6
1133.28 1270.36
1134.28 1272.38
1135.3 1274.39
1136 1276.5
1136.25 1278.74
1136.71 1280.89
1137.63 1282.92
1138.09 1285.05
1138.38 1287.2
1138.77 1289.34
1139.36 1291.43
1140.06 1293.48
1140.55 1295.57
1140.85 1297.68
1141.02 1299.82
1141.28 1301.94
1141.86 1304.01
1142.5 1306.08
1143.27 1308.1
1144.16 1310.09
1144.89 1312.11
1145.11 1314.25
1145.17 1316.4
1145.16 1318.54
1145.12 1320.7
1145.12 1322.85
1145.2 1325.01
1145.4 1327.16
1145.76 1329.32
1146.05 1331.5
1146.31 1333.7
1146.57 1335.9
1146.8 1338.14
1147.17 1340.38
1147.61 1342.63
1147.8 1344.91
1147.25 1347.11
1145.95 1348.94
1143.85 1349.96
1141.76 1351
1139.68 1352
1137.65 1353.13
1135.37 1353.18
1133.11 1353.09
1130.87 1353.13
1128.68 1352.97
1126.68 1351.89
1124.52 1351.59
1122.33 1351.61
1120.15 1351.66
1117.99 1351.67
1115.84 1351.69
1113.71 1351.77
1111.62 1352.18
1109.62 1352.83
1107.58 1353.18
1105.53 1353.33
1103.48 1353.41
1101.44 1353.44
1099.4 1353.47
1097.38 1353.54
1095.38 1353.78
1093.39 1354.1
1091.39 1354.28
1089.4 1354.49
1087.41 1354.73
1085.39 1354.87
1083.37 1354.88
1081.35 1354.86
1079.33 1354.85
1077.3 1354.98
1075.3 1355.32
1073.32 1355.79
1071.32 1356.21
1069.3 1356.4
1067.26 1356.43
1065.22 1356.43
1063.18 1356.34
1061.15 1356.13
1059.13 1355.78
1057.09 1355.64
1055.07 1356
1053.05 1356.34
1051.02 1356.52
1049 1356.63
1046.98 1356.67
1044.96 1356.67
1042.94 1356.67
1040.93 1356.66
1038.92 1356.61
1036.91 1356.61

