CONTOUR

2

2384

945.398 1573.54
947.388 1573.57
949.374 1573.43
951.344 1573.14
953.308 1572.85
955.301 1572.82
957.292 1572.78
959.267 1572.66
961.254 1572.57
963.249 1572.56
965.247 1572.56
967.247 1572.55
969.24 1572.52
971.239 1572.53
973.246 1572.57
975.256 1572.57
977.263 1572.51
979.268 1572.39
981.281 1572.3
983.3 1572.3
985.318 1572.35
987.329 1572.22
989.342 1572.02
991.36 1571.92
993.379 1572.1
995.387 1572.14
997.358 1571.69
999.347 1571.31
1001.35 1571.26
1003.36 1571.15
1005.35 1570.97
1007.33 1570.67
1009.31 1570.41
1011.32 1570.36
1013.33 1570.38
1015.34 1570.41
1017.36 1570.45
1019.38 1570.46
1021.41 1570.41
1023.41 1570.17
1025.4 1569.85
1027.38 1569.69
1029.37 1569.55
1031.37 1569.35
1033.37 1569.2
1035.39 1569.21
1037.4 1569.13
1039.42 1569.05
1041.45 1568.99
1043.47 1568.72
1045.46 1568.24
1047.45 1567.82
1049.46 1567.58
1051.47 1567.39
1053.5 1567.26
1055.53 1567.31
1057.55 1567.35
1059.58 1567.27
1061.6 1567.07
1063.59 1566.61
1065.64 1566.4
1067.67 1566.2
1069.68 1565.87
1071.69 1565.7
1073.7 1565.7
1075.72 1565.74
1077.73 1565.6
1079.71 1565.19
1081.68 1564.77
1083.69 1564.62
1085.71 1564.51
1087.71 1564.18
1089.67 1563.64
1091.62 1563.04
1093.62 1562.68
1095.63 1562.53
1097.65 1562.41
1099.66 1562.24
1101.65 1562
1103.62 1561.62
1105.61 1561.39
1107.6 1561.28
1109.6 1561.06
1111.53 1560.43
1113.48 1559.85
1115.51 1559.7
1117.55 1559.66
1119.58 1559.54
1121.61 1559.36
1123.64 1559.16
1125.65 1558.8
1127.64 1558.3
1129.65 1557.93
1131.67 1557.75
1133.7 1557.6
1135.73 1557.3
1137.72 1557.04
1139.75 1556.87
1141.77 1556.65
1143.78 1556.38
1145.82 1556.14
1147.85 1555.81
1149.85 1555.33
1151.83 1554.76
1153.84 1554.44
1155.88 1554.3
1157.91 1554.1
1159.89 1553.58
1161.92 1553.27
1163.94 1552.96
1165.91 1552.35
1167.9 1551.76
1169.96 1551.5
1172 1551.17
1173.94 1550.44
1175.86 1549.72
1177.88 1549.42
1179.94 1549.34
1181.97 1549.21
1183.94 1548.67
1185.94 1548.11
1187.85 1547.28
1189.82 1546.65
1191.88 1546.39
1193.94 1546.22
1195.98 1545.97
1198.03 1545.72
1200.06 1545.33
1202.09 1545.05
1204.06 1544.51
1206 1543.84
1207.98 1543.33
1209.98 1542.74
1212 1542.25
1214.01 1541.8
1215.99 1541.26
1218.02 1540.77
1220.03 1540.23
1222.04 1539.66
1224.11 1539.36
1226.18 1538.95
1228.2 1538.5
1230.21 1538.03
1232.22 1537.5
1234.27 1537.24
1236.33 1536.93
1238.24 1536.09
1240.04 1535.08
1241.92 1534.1
1244 1533.74
1246.08 1533.54
1248.11 1533.01
1250.15 1532.4
1252.04 1531.44
1253.98 1530.55
1256.02 1529.95
1258.14 1529.74
1260.26 1529.64
1262.33 1529.23
1264.11 1527.98
1266.19 1527.36
1268.24 1526.66
1270.27 1525.9
1272.37 1525.39
1274.44 1524.84
1276.5 1524.16
1278.49 1523.28
1280.58 1522.68
1282.73 1522.37
1284.87 1521.99
1286.91 1521.28
1288.7 1519.99
1290.8 1519.45
1292.87 1518.79
1294.85 1517.88
1296.9 1517.17
1298.88 1516.36
1300.77 1515.27
1302.69 1514.26
1304.73 1513.51
1306.89 1513.18
1309.04 1512.74
1311.03 1511.8
1312.94 1510.8
1314.89 1509.88
1317.01 1509.54
1319.14 1509.13
1321.09 1508.12
1322.95 1506.96
1324.99 1506.21
1327.08 1505.58
1329.03 1504.64
1330.99 1503.66
1333.08 1502.93
1334.97 1501.82
1337 1501.03
1339.09 1500.44
1341.18 1499.76
1343.28 1499.05
1345.41 1498.46
1347.45 1497.67
1349.31 1496.45
1351.22 1495.32
1352.85 1493.76
1354.92 1493.09
1357.1 1492.75
1359.25 1492.25
1361.17 1491.16
1363.1 1490.14
1365.07 1489.16
1366.88 1487.75
1369.04 1487.22
1371.14 1486.45
1373.23 1485.74
1375.37 1485.1
1377.35 1484.05
1379.33 1482.97
1381.47 1482.31
1383.6 1481.6
1385.61 1480.61
1387.46 1479.32
1389.29 1477.98
1391.39 1477.12
1393.45 1476.2
1395.44 1475.08
1397.48 1474.11
1399.48 1473.06
1401.15 1471.51
1402.55 1469.71
1404.29 1468.3
1406.14 1467.02
1408.28 1466.3
1410.41 1465.51
1412.16 1463.97
1414.2 1462.98
1416.01 1461.64
1418.03 1460.62
1420.01 1459.51
1422 1458.41
1424.11 1457.57
1426.33 1457.03
1428.42 1456.1
1430.34 1454.85
1431.9 1453.16
1433.6 1451.53
1435.24 1449.85
1437.23 1448.63
1439.33 1447.54
1441.56 1446.74
1443.61 1445.54
1445.6 1444.31
1447.46 1442.82
1449.34 1441.38
1450.8 1439.52
1452.21 1437.61
1453.91 1436.03
1455.92 1434.76
1458.1 1433.73
1459.81 1431.99
1461.81 1430.71
1463.71 1429.25
1465.51 1427.62
1466.96 1425.71
1468.35 1423.68
1470.03 1421.97
1472.29 1421.11
1474.66 1420.54
1476.98 1419.73
1479.24 1418.74
1481.19 1417.35
1482.45 1415.28
1483.73 1413.21
1485.3 1411.39
1487.19 1409.81
1488.53 1407.78
1490.09 1405.97
1491.67 1404.21
1493.18 1402.41
1495 1400.86
1496.54 1399.09
1498.13 1397.3
1500.18 1396.04
1502.07 1394.6
1503.98 1393.15
1505.73 1391.45
1507.09 1389.42
1508.58 1387.51
1510.05 1385.58
1511.63 1383.68
1513.34 1381.89
1514.77 1379.95
1516.16 1377.96
1517.29 1375.81
1518.6 1373.81
1519.93 1371.86
1521.83 1370.31
1523.2 1368.35
1524.47 1366.33
1525.7 1364.3
1527.4 1362.6
1529.02 1360.87
1530.27 1358.91
1531.43 1356.85
1532.85 1354.99
1534.46 1353.29
1535.64 1351.27
1537.1 1349.39
1538.25 1347.4
1539.3 1345.35
1540.24 1343.24
1540.75 1341.01
1541.15 1338.75
1541.92 1336.62
1543.55 1335
1545.09 1333.26
1546.14 1331.25
1547.23 1329.28
1548.46 1327.37
1549.23 1325.28
1549.54 1323.06
1549.86 1320.84
1550.71 1318.75
1551.2 1316.58
1551.89 1314.49
1553.01 1312.59
1553.8 1310.59
1554.55 1308.58
1555.5 1306.67
1556.44 1304.78
1557.19 1302.82
1557.54 1300.77
1557.7 1298.69
1557.85 1296.63
1558.2 1294.61
1558.85 1292.68
1559.39 1290.75
1559.67 1288.78
1560.32 1286.93
1560.97 1285.08
1561.2 1283.17
1561.34 1281.28
1561.65 1279.43
1562.08 1277.61
1562.47 1275.79
1563.4 1274.23
1564.78 1272.99
1566.28 1271.87
1568.08 1271.5
1569.98 1271.36
1571.87 1271.17
1573.75 1270.7
1575.68 1270.42
1577.66 1270.59
1579.67 1270.91
1581.75 1271.1
1583.85 1271.16
1585.68 1269.99
1587.64 1269.26
1589.55 1268.51
1591.41 1267.58
1593.22 1266.56
1594.92 1265.43
1596.27 1263.81
1597.86 1262.53
1599.63 1261.47
1601.49 1260.52
1602.98 1259.1
1604.23 1257.47
1604.96 1255.53
1605.86 1253.7
1607.41 1252.34
1608.98 1251.01
1610.92 1250.48
1612.91 1250.54
1614.85 1251.05
1616.72 1251.85
1618.66 1252.35
1620.65 1252.26
1622.56 1251.63
1624.42 1250.81
1626.38 1250.39
1628.39 1250.18
1630.41 1250.03
1632.42 1249.94
1634.45 1249.93
1636.49 1249.93
1638.54 1249.95
1640.59 1250
1642.66 1250.1
1644.75 1250.23
1646.85 1250.35
1648.95 1250.6
1651 1251.24
1652.99 1252.13
1655.11 1252.62
1657.27 1252.82
1659.47 1252.76
1661.69 1252.61
1663.92 1252.38
1666.06 1251.67
1668.16 1250.77
1670.31 1250.01
1672.45 1249.19
1674.5 1248.07
1676.48 1246.78
1678.58 1245.69
1680.76 1244.76
1682.94 1243.8
1685.06 1242.65
1687.29 1241.71
1689.46 1240.68
1691.4 1239.24
1693.39 1237.84
1695.54 1236.67
1697.44 1235.11
1699.21 1233.43
1700.8 1231.57
1701.65 1229.31
1701.89 1226.89
1701.92 1224.46
1701.91 1222.03
1701.83 1219.62
1701.59 1217.24
1700.96 1214.93
1700.1 1212.69
1698.98 1210.55
1698.29 1208.28
1697.47 1206.09
1695.71 1204.5
1694.47 1202.61
1693.38 1200.67
1691.64 1199.29
1690.03 1197.76
1688.16 1196.62
1686.72 1195.06
1685.29 1193.5
1684.26 1191.65
1682.96 1190.03
1681.48 1188.66
1679.86 1187.37
1679.19 1185.44
1678.25 1183.63
1677.86 1181.68
1677.73 1179.71
1677.77 1177.74
1678.2 1175.82
1679.36 1174.2
1680.81 1172.82
1682.7 1172.24
1684.67 1171.96
1686.64 1171.69
1688.61 1171.26
1690.55 1170.64
1692.49 1169.99
1694.44 1169.36
1696.28 1168.39
1698.18 1167.44
1700.13 1166.54
1702.11 1165.71
1704.02 1164.71
1705.9 1163.56
1707.6 1162.18
1709.18 1160.66
1710.87 1159.25
1711.92 1157.34
1712.89 1155.44
1713.36 1153.4
1713.73 1151.36
1714.15 1149.34
1714.43 1147.33
1714.63 1145.32
1714.77 1143.33
1714.49 1141.42
1713.95 1139.6
1713.59 1137.77
1713.63 1135.92
1714.25 1134.19
1715.38 1132.76
1716.75 1131.55
1718.3 1130.59
1720.06 1130.18
1721.89 1130.03
1723.72 1129.96
1725.55 1130.12
1727.37 1130.49
1729.15 1131.09
1730.95 1131.72
1732.83 1132.08
1734.76 1132.04
1736.7 1131.75
1738.64 1131.35
1740.59 1130.91
1742.58 1130.63
1744.59 1130.51
1746.63 1130.56
1748.68 1130.65
1750.75 1130.75
1752.83 1130.97
1754.89 1131.36
1756.95 1131.82
1759.02 1132.26
1761.13 1132.54
1763.22 1132.33
1765.16 1131.43
1767 1130.33
1768.83 1129.28
1770.52 1128.08
1772.16 1126.81
1773.87 1125.63
1775.57 1124.41
1777.1 1122.95
1778.25 1121.24
1779.3 1119.44
1780.59 1117.81
1782.33 1116.76
1784.25 1116.04
1786.23 1115.49
1788.23 1115.03
1790.24 1114.65
1792.28 1114.39
1794.33 1114.23
1796.38 1114.15
1798.43 1114.13
1800.49 1114.11
1802.55 1113.86
1804.58 1113.53
1806.6 1113.09
1808.41 1111.9
1810.47 1111.57
1812.57 1111.54
1814.66 1111.79
1816.6 1112.78
1818.66 1113.24
1820.78 1113.34
1822.91 1113.33
1825.04 1113.19
1827.11 1112.64
1829.08 1111.73
1831.17 1111.1
1832.53 1109.4
1834 1107.81
1835.22 1106.04
1836.29 1104.16
1837.23 1102.24
1838.68 1100.72
1840.65 1099.94
1842.79 1099.87
1844.87 1100.43
1846.87 1101.18
1848.81 1102.02
1850.64 1103.22
1852.73 1103.78
1854.85 1104.42
1856.97 1105.06
1859.17 1105.3
1861.4 1105.31
1863.64 1105.28
1865.91 1105.29
1868.12 1104.94
1870.19 1103.93
1872.34 1103.04
1873.98 1101.23
1875.81 1099.68
1877.67 1098.17
1879.7 1096.84
1881.7 1095.45
1883.52 1093.8
1885.46 1092.29
1886.45 1090.08
1887.48 1087.89
1888.17 1085.61
1888.6 1083.27
1888.18 1080.96
1887.32 1078.77
1886.29 1076.66
1885.72 1074.43
1885.29 1072.18
1884.15 1070.24
1882.79 1068.45
1881.55 1066.61
1879.92 1065.05
1879.26 1063.03
1878.93 1060.86
1878.82 1058.69
1879.11 1056.54
1879.44 1054.41
1880.04 1052.36
1880.94 1050.4
1881.21 1048.3
1881.2 1046.18
1881.18 1044.06
1881.11 1041.94
1880.75 1039.85
1879.99 1037.84
1879.71 1035.74
1879.68 1033.61
1879.99 1031.52
1880.91 1029.57
1881.29 1027.51
1881.34 1025.41
1881.33 1023.31
1881.34 1021.21
1881.32 1019.12
1881.27 1017.02
1881.13 1014.93
1880.51 1012.91
1879.5 1011.05
1878.38 1009.28
1877.51 1007.37
1876.96 1005.34
1876.57 1003.26
1876.11 1001.19
1875.42 999.174
1874.76 997.175
1874.13 995.153
1873.61 993.112
1873.25 991.031
1872.75 988.952
1871.97 986.932
1871.96 984.779
1871.97 982.598
1871.69 980.449
1871.52 978.312
1871.41 976.15
1871.08 974.024
1870.33 971.948
1869.81 969.817
1869.38 967.675
1868.69 965.599
1867.84 963.562
1866.75 961.62
1865.81 959.612
1865.18 957.485
1864.23 955.476
1863.13 953.537
1861.83 951.695
1860.94 949.627
1860.03 947.567
1858.84 945.62
1857.86 943.557
1857.16 941.389
1856.07 939.375
1855 937.357
1853.71 935.426
1852.72 933.319
1851.47 931.368
1850.18 929.453
1849 927.427
1847.41 925.637
1845.73 923.912
1844.49 921.876
1843.14 919.855
1841.29 918.38
1839.36 916.979
1837.24 915.81
1835.29 914.4
1833.4 912.903
1831.54 911.283
1829.87 909.408
1828.39 907.456
1826.77 905.602
1825.3 903.612
1823.52 901.903
1821.49 900.501
1819.65 898.904
1817.77 897.338
1815.92 895.665
1814.2 893.943
1812.32 892.5
1810.48 890.96
1809.02 889.092
1807.37 887.301
1805.68 885.458
1804.25 883.477
1802.73 881.545
1801.4 879.456
1799.66 877.68
1797.91 875.977
1796.58 873.969
1795.4 871.844
1793.82 870.103
1791.86 868.8
1789.99 867.444
1788.28 865.976
1786.75 864.284
1784.89 863.048
1783.02 861.828
1780.82 861.31
1778.7 860.668
1776.64 859.842
1774.66 858.827
1772.71 857.725
1771.23 856.097
1770.44 854.059
1770.18 851.879
1769.93 849.704
1769.55 847.547
1769.2 845.399
1768.63 843.294
1767.85 841.225
1767.31 839.064
1765.84 837.303
1764.82 835.348
1763.8 833.41
1762.7 831.488
1761.52 829.652
1759.83 828.219
1758.52 826.445
1756.63 825.424
1754.6 824.691
1752.63 823.729
1750.54 823.253
1748.41 822.956
1746.26 823.12
1744.17 823.466
1742.09 823.775
1740 823.762
1737.94 823.58
1735.95 823.127
1734.66 821.531
1733.22 820.085
1732.09 818.413
1730.85 816.788
1729.76 815.07
1729.37 813.051
1728.94 811.063
1728.02 809.208
1727.22 807.312
1725.92 805.631
1725.41 803.673
1725.05 801.678
1724.36 799.739
1723.4 797.908
1722.57 796.022
1721.92 794.065
1721.46 792.086
1720.87 790.117
1719.85 788.286
1719.24 786.307
1718.18 784.508
1717.39 782.598
1716.95 780.572
1716.59 778.517
1716.13 776.476
1715.37 774.515
1714.53 772.608
1713.83 770.639
1713.32 768.593
1712.57 766.596
1711.74 764.611
1711.04 762.594
1710.02 760.682
1709.45 758.618
1709.21 756.47
1708.96 754.325
1708.71 752.176
1708.2 750.09
1707.31 748.122
1706.5 746.124
1705.9 744.072
1705.13 742.119
1704.03 740.312
1703.1 738.431
1701.94 736.66
1701.23 734.685
1700.66 732.647
1699.87 730.686
1698.74 728.88
1697.64 727.059
1697.01 724.972
1695.83 723.164
1694.57 721.407
1693.63 719.49
1692.94 717.468
1692.16 715.49
1691.03 713.666
1690.05 711.763
1689.34 709.776
1688.66 707.8
1687.7 705.936
1687.21 703.922
1686.32 702.024
1685.67 700.064
1685.36 698.011
1685 695.966
1684.28 694.011
1683.49 692.091
1682.74 690.153
1682.14 688.181
1681.58 686.221
1681.41 684.199
1681.29 682.172
1681.05 680.152
1680.32 678.224
1679.69 676.262
1679.23 674.259
1678.47 672.313
1677.93 670.336
1677.75 668.313
1677.63 666.3
1677.49 664.291
1677.13 662.302
1676.89 660.289
1676.73 658.246
1676.59 656.181
1676.51 654.103
1676.49 652.019
1676.49 649.928
1676.45 647.83
1676.4 645.717
1676.41 643.593
1676.41 641.462
1676.22 639.334
1675.65 637.256
1674.89 635.225
1674.24 633.177
1673.54 631.125
1673 629.004
1672.13 626.954
1671.56 624.803
1671.42 622.593
1671.42 620.366
1671.45 618.12
1671.5 615.86
1671.13 613.674
1669.59 611.995
1667.91 610.47
1665.93 609.309
1664.22 607.697
1662.02 607.093
1659.88 606.337
1657.72 605.723
1655.54 605.14
1653.54 604.113
1651.58 602.983
1649.47 602.271
1647.35 601.652
1645.18 601.354
1642.99 601.146
1640.85 600.624
1638.79 599.84
1636.62 599.392
1634.59 598.588
1632.61 597.692
1630.57 596.957
1628.53 596.237
1626.58 595.261
1624.62 594.327
1622.61 593.49
1620.55 592.797
1618.7 591.659
1616.91 590.445
1615.03 589.366
1612.98 588.541
1611.08 587.438
1609.22 586.269
1607.24 585.272
1605.37 584.074
1603.62 582.693
1601.68 581.669
1599.63 580.816
1597.79 579.554
1596.01 578.271
1594.17 577.058
1592.57 575.473
1591.06 573.812
1589.07 572.77
1587.16 571.648
1585.3 570.436
1583.35 569.358
1581.51 568.076
1579.52 567.101
1578.01 565.393
1576.15 564.114
1574.74 562.418
1573.07 560.927
1571.85 559.073
1570.77 557.111
1569.65 555.216
1568.14 553.552
1567.37 551.477
1566.07 549.711
1564.9 547.928
1563.75 546.147
1562.52 544.411
1561.54 542.553
1560.87 540.554
1559.75 538.769
1558.59 537.024
1557.58 535.196
1557.02 533.174
1556.63 531.112
1556.03 529.109
1555.16 527.187
1554.54 525.189
1554.07 523.159
1553.39 521.21
1551.99 519.575
1551.46 517.576
1550.91 515.603
1549.95 513.786
1549.38 511.853
1548.66 509.98
1548.04 508.072
1547.77 506.077
1548.03 504.068
1548.37 502.08
1548.72 500.105
1549.09 498.153
1549.49 496.195
1550.22 494.345
1551.11 492.544
1551.55 490.61
1551.76 488.615
1551.96 486.609
1552.56 484.678
1553.08 482.732
1553.32 480.734
1553.71 478.767
1553.97 476.764
1554.14 474.754
1554.26 472.737
1554.42 470.721
1554.64 468.704
1555.06 466.714
1555.63 464.745
1556.18 462.778
1556.51 460.777
1556.73 458.755
1557.03 456.755
1557.52 454.795
1557.79 452.778
1558.27 450.801
1559.06 448.891
1559.36 446.873
1559.57 444.828
1560.17 442.862
1560.98 440.954
1561.49 438.977
1561.87 436.977
1562.19 434.962
1562.58 432.947
1563.34 431.023
1564.24 429.136
1564.78 427.126
1565.19 425.096
1565.67 423.081
1565.97 421.015
1566.33 418.957
1567.01 416.966
1567.84 415.053
1569.07 413.28
1569.69 411.276
1570.3 409.276
1570.84 407.235
1571.35 405.152
1571.93 403.086
1572.35 400.99
1572.5 398.867
1572.43 396.741
1572.27 394.611
1572.06 392.477
1571.75 390.366
1571.56 388.254
1571.38 386.142
1571.26 384.028
1571.21 381.886
1571.47 379.757
1571.73 377.626
1571.53 375.502
1571.02 373.423
1570.61 371.336
1570.24 369.248
1569.66 367.211
1569.35 365.111
1569.1 363.008
1568.51 360.967
1567.91 358.932
1567.69 356.796
1567.17 354.756
1565.96 352.99
1564.97 351.115
1564.06 349.135
1562.97 347.242
1562.22 345.219
1561.6 343.171
1561.36 341.044
1561.15 338.914
1560.6 336.846
1559.63 334.92
1558.6 332.984
1557.94 330.915
1557.52 328.786
1556.77 326.756
1555.9 324.765
1554.86 322.845
1554.01 320.856
1553.1 318.879
1551.87 317.055
1550.77 315.172
1549.79 313.225
1549.03 311.164
1548.21 309.102
1547.1 307.167
1546.23 305.142
1545.41 303.096
1544.57 301.039
1543.44 299.109
1542.28 297.207
1541.42 295.176
1540.66 293.104
1539.69 291.111
1538.51 289.225
1537.37 287.31
1536.17 285.402
1534.7 283.666
1533.78 281.626
1533.11 279.456
1531.88 277.549
1530.47 275.767
1529.16 273.903
1527.57 272.203
1525.99 270.535
1525.06 268.443
1524.06 266.402
1522.72 264.542
1521.36 262.684
1519.79 260.914
1518.35 259.082
1516.7 257.438
1515.24 255.586
1513.92 253.623
1512.69 251.624
1511.21 249.78
1509.67 247.925
1507.87 246.379
1506.14 244.747
1504.21 243.319
1502.62 241.566
1501.06 239.727
1499.6 237.83
1498.22 235.903
1496.97 233.865
1495.48 231.953
1493.46 230.626
1491.8 228.885
1489.94 227.411
1487.87 226.209
1485.95 224.869
1484.27 223.238
1482.81 221.354
1481.2 219.651
1479.41 218.1
1477.28 217.042
1475.37 215.67
1473.45 214.324
1471.32 213.314
1469.21 212.287
1467.22 211.023
1465.11 210.059
1463 209.098
1460.97 207.936
1458.8 207.169
1456.79 206.042
1454.65 205.271
1452.45 204.741
1450.25 204.192
1448.12 203.472
1445.99 202.766
1443.81 202.384
1441.62 202.099
1439.46 201.706
1437.28 201.467
1435.08 201.401
1432.89 201.358
1430.71 201.263
1428.55 201.185
1426.4 201.239
1424.28 201.486
1422.21 202.014
1420.11 202.293
1418 202.438
1415.89 202.516
1413.78 202.561
1411.67 202.564
1409.57 202.56
1407.48 202.659
1405.44 203.047
1403.51 203.836
1401.57 204.54
1399.61 205.187
1397.61 205.615
1395.58 205.758
1393.55 205.82
1391.51 205.871
1389.48 206.007
1387.5 206.524
1385.54 207.085
1383.52 207.261
1381.51 207.307
1379.51 207.401
1377.51 207.568
1375.53 207.84
1373.71 208.715
1371.83 209.37
1369.87 209.658
1367.88 209.897
1365.94 210.251
1363.97 210.331
1362 210.311
1360.05 210.069
1358.12 209.679
1356.16 209.546
1354.19 209.46
1352.23 209.363
1350.29 209.157
1348.36 208.77
1346.51 208.068
1344.59 207.607
1342.63 207.366
1340.63 207.286
1338.64 207.175
1336.69 206.813
1334.81 206.084
1332.84 205.83
1330.86 205.753
1328.88 205.618
1326.94 205.185
1325.03 204.604
1323.15 203.867
1321.35 202.93
1319.48 202.15
1317.52 201.64
1315.5 201.429
1313.46 201.283
1311.43 200.985
1309.53 200.199
1307.67 199.323
1305.86 198.306
1303.91 197.653
1301.94 197.091
1299.93 196.734
1297.9 196.452
1295.88 196.059
1293.95 195.279
1291.97 194.686
1289.93 194.325
1287.91 193.886
1285.92 193.394
1283.87 193.203
1281.83 192.938
1279.86 192.286
1277.9 191.638
1275.9 191.082
1273.97 190.312
1271.99 189.729
1269.97 189.246
1267.92 188.967
1265.86 188.696
1263.87 188.178
1261.96 187.341
1260.03 186.629
1258.01 186.191
1256 185.767
1253.99 185.36
1251.96 185.068
1249.98 184.461
1248.01 183.779
1246 183.285
1243.99 182.779
1242.04 182.112
1240.03 181.642
1238.03 181.151
1235.99 180.867
1233.94 180.712
1231.88 180.61
1229.83 180.319
1227.87 179.649
1225.97 178.789
1224.02 178.077
1222.08 177.408
1220.06 177.018
1218.08 176.427
1216.11 175.767
1214.05 175.44
1211.99 175.332
1209.94 175.119
1207.91 174.567
1205.88 174.095
1203.81 173.868
1201.75 173.654
1199.74 173.264
1197.85 172.436
1196.02 171.478
1194.13 170.621
1192.16 170.046
1190.14 169.604
1188.08 169.432
1186.01 169.363
1183.93 169.309
1181.87 169.156
1179.86 168.71
1177.93 167.951
1175.9 167.547
1173.86 167.269
1171.8 167.091
1169.74 167.016
1167.68 167.222
1165.68 166.944
1164.01 165.532
1162.02 164.992
1159.98 164.736
1157.93 164.405
1155.95 163.759
1154.04 162.901
1152.01 162.508
1149.97 162.319
1147.92 162.176
1145.87 162.001
1143.83 161.666
1141.84 161.242
1139.85 160.748
1137.95 159.938
1135.95 159.511
1133.92 159.212
1131.9 158.937
1129.86 158.818
1127.83 159.075
1125.83 159.006
1124.25 157.507
1122.33 156.912
1120.29 156.711
1118.27 156.436
1116.31 155.898
1114.43 155.053
1112.5 154.406
1110.56 153.787
1108.55 153.535
1106.51 153.445
1104.47 153.402
1102.44 153.319
1100.41 153.285
1098.39 153.212
1096.36 153.029
1094.4 152.456
1092.45 151.824
1090.45 151.405
1088.45 150.991
1086.52 150.324
1084.53 149.938
1082.53 149.8
1080.54 149.652
1078.57 149.451
1076.6 149.611
1074.64 149.639
1072.7 149.234
1070.74 148.973
1068.76 148.854
1066.77 148.759
1064.76 148.609
1062.76 148.343
1060.72 148.116
1058.69 147.79
1056.67 147.377
1054.66 146.938
1052.63 146.667
1050.58 146.51
1048.54 146.391
1046.51 146.25
1044.48 146.138
1042.46 146.018
1040.44 145.775
1038.44 145.416
1036.42 145.283
1034.39 145.207
1032.35 145.177
1030.32 145.25
1028.29 145.242
1026.26 145.2
1024.22 145.165
1022.19 145.118
1020.15 144.985
1018.16 144.474
1016.18 143.911
1014.17 143.654
1012.14 143.476
1010.12 143.286
1008.1 143.198
1006.07 143.2
1004.04 143.237
1002.03 143.334
1000.02 143.474
998.023 143.594
996.022 143.636
994.027 143.69
992.039 143.769
990.054 143.842
988.07 143.831
986.086 143.728
984.098 143.659
982.103 143.641
980.106 143.621
978.101 143.598
976.089 143.591
974.073 143.594
972.052 143.596
970.027 143.594
967.997 143.583
965.962 143.561
963.923 143.555
961.881 143.556
959.838 143.575
957.802 143.618
955.762 143.674
953.726 143.839
951.738 144.334
949.763 144.864
947.736 145.075
945.704 145.128
943.673 145.154
941.646 145.169
939.619 145.183
937.592 145.187
935.563 145.18
933.546 145.209
931.527 145.264
929.508 145.365
927.508 145.68
925.531 146.153
923.517 146.358
921.49 146.462
919.461 146.48
917.432 146.456
915.403 146.443
913.376 146.436
911.351 146.429
909.343 146.518
907.348 146.822
905.405 147.418
903.461 148.015
901.46 148.351
899.453 148.567
897.459 148.729
895.469 148.801
893.463 148.827
891.464 148.912
889.472 149.059
887.509 149.446
885.532 149.738
883.535 149.945
881.562 150.392
879.59 150.916
877.589 151.245
875.567 151.376
873.542 151.456
871.515 151.533
869.472 151.584
867.438 151.667
865.416 151.934
863.416 152.418
861.415 152.888
859.385 153.122
857.353 153.224
855.324 153.256
853.304 153.273
851.281 153.317
849.253 153.424
847.25 153.787
845.255 154.224
843.232 154.516
841.198 154.798
839.181 155.212
837.183 155.749
835.178 156.233
833.147 156.551
831.111 156.753
829.056 156.847
827.013 156.98
824.986 157.266
822.992 157.797
821.027 158.426
819.053 159.048
817.063 159.623
815.126 160.358
813.142 160.919
811.108 161.176
809.069 161.36
807.076 161.824
805.035 162.198
802.967 162.334
800.898 162.476
798.858 162.851
796.897 163.573
794.941 164.311
792.94 164.872
790.935 165.459
788.883 165.786
786.792 165.961
784.757 166.441
782.79 167.207
780.757 167.836
778.825 168.687
776.805 169.273
774.757 169.735
772.662 169.981
770.557 170.041
768.46 170.066
766.353 170.126
764.248 170.248
762.235 170.833
760.447 172
758.582 172.97
756.537 173.407
754.489 173.877
752.686 175.121
750.662 175.868
748.892 177.177
746.815 177.652
744.7 177.974
742.633 178.575
740.559 179.189
738.471 179.808
736.355 180.271
734.209 180.573
732.091 180.972
730.07 181.725
728.37 183.199
726.386 184.027
724.37 184.842
722.252 185.273
720.134 185.64
718.12 186.433
716.207 187.439
714.272 188.425
712.219 189.14
710.227 189.954
708.486 191.255
706.673 192.427
704.73 193.346
702.741 194.175
700.752 195.044
698.855 196.131
696.851 196.946
694.822 197.725
692.918 198.777
691.005 199.797
689.159 200.976
687.101 201.677
685.075 202.442
683.154 203.469
681.255 204.542
679.25 205.391
677.108 205.922
675.1 206.812
673.147 207.802
671.345 209.118
669.26 209.835
667.095 210.312
665.042 211.083
663.163 212.312
661.086 213.114
658.985 213.79
657.152 215.113
655.024 215.808
653.227 217.257
651.219 218.22
649.188 219.134
647.133 220.078
644.958 220.72
642.917 221.626
641.17 223.176
638.953 223.66
636.884 224.563
634.929 225.649
633.107 226.93
631.398 228.458
629.337 229.377
627.157 229.899
625.086 230.747
623.065 231.712
621.261 233.2
619.199 234.139
617.142 235.066
615.072 236.04
612.892 236.709
610.809 237.567
609.04 239.109
606.844 239.758
604.913 241.015
602.811 241.764
600.904 242.862
599.242 244.447
597.234 245.465
595.14 246.228
593.175 247.283
591.171 248.29
589.254 249.554
587.214 250.499
585.267 251.623
583.214 252.589
581.167 253.57
579.534 255.238
577.538 256.289
575.617 257.514
573.616 258.583
571.645 259.699
569.606 260.665
567.489 261.48
565.401 262.36
563.45 263.549
561.499 264.738
559.398 265.607
557.303 266.517
555.363 267.737
553.459 269.017
551.482 270.243
549.607 271.641
548.013 273.399
546.025 274.606
543.871 275.577
541.671 276.457
539.596 277.529
537.825 279.177
535.534 279.949
533.778 281.62
531.944 283.122
529.948 284.446
527.742 285.424
525.657 286.619
523.689 287.979
521.747 289.407
519.718 290.787
517.889 292.395
515.969 293.85
514.125 295.486
511.921 296.588
509.886 297.938
507.885 299.296
505.93 300.747
503.838 302.043
501.967 303.664
500.384 305.593
498.486 307.171
496.5 308.657
494.297 309.812
492.12 311.035
490.073 312.531
487.749 313.575
485.828 315.18
484.03 316.939
481.861 318.161
479.699 319.459
477.783 321.099
475.935 322.738
474.074 324.391
471.925 325.724
470.425 327.686
468.957 329.722
467.324 331.599
465.472 333.268
463.602 334.973
461.403 336.15
459.722 337.997
457.946 339.729
455.959 341.267
454.521 343.314
452.75 345.024
450.856 346.546
449.041 348.161
447.028 349.594
445.192 351.298
443.476 353.079
441.651 354.677
439.649 356.105
437.801 357.674
436.37 359.632
434.918 361.598
433.236 363.319
431.27 364.765
429.162 366.064
427.315 367.702
425.708 369.648
423.673 371.138
421.94 372.886
420.758 375.044
419.347 376.97
417.732 378.681
415.888 380.203
414.543 382.107
412.924 383.814
411.688 385.857
410.217 387.709
408.576 389.425
407.201 391.378
405.682 393.227
404.303 395.13
402.695 396.904
401.602 399.003
400.347 400.94
399.194 402.925
397.701 404.715
396.683 406.778
395.45 408.709
394.191 410.598
392.79 412.38
391.143 413.97
389.561 415.683
388.443 417.719
387.158 419.635
385.995 421.609
384.807 423.589
383.533 425.536
382.335 427.511
381.346 429.592
380.422 431.731
379.23 433.715
378.124 435.721
377.033 437.731
375.525 439.545
374.232 441.499
373.335 443.636
372.33 445.708
370.945 447.608
369.624 449.52
367.816 451.012
366.44 452.829
365.105 454.682
363.8 456.519
362.566 458.422
361.325 460.299
359.768 461.997
359.162 464.241
357.683 466.094
356.848 468.207
356.141 470.368
355.163 472.447
354.466 474.622
353.994 476.855
353.443 479.057
352.382 481.029
350.982 482.829
349.954 484.805
349.418 486.978
348.558 488.998
347.71 491.02
346.827 493.031
346.098 495.087
345.42 497.119
344.968 499.216
344.215 501.247
343.383 503.239
342.416 505.159
341.874 507.214
341.646 509.329
341.324 511.427
340.762 513.463
340.307 515.539
339.623 517.561
338.804 519.531
338.278 521.565
337.991 523.654
337.687 525.75
337.105 527.779
336.178 529.709
335.289 531.643
334.167 533.446
333.361 535.389
332.612 537.363
331.909 539.355
331.084 541.315
330.63 543.371
330.39 545.461
330.169 547.547
329.882 549.623
329.356 551.658
328.682 553.651
327.882 555.604
327.453 557.664
326.79 559.663
326.012 561.628
325.738 563.692
325.566 565.764
325.191 567.804
324.67 569.823
324.06 571.825
323.214 573.753
322.596 575.751
322.292 577.81
322.047 579.871
321.704 581.91
321.092 583.895
320.11 585.76
319.547 587.744
318.989 589.73
317.869 591.54
317.252 593.531
316.925 595.589
316.62 597.649
316.133 599.681
315.393 601.659
314.674 603.635
314.149 605.653
313.606 607.664
313.318 609.719
313.233 611.804
313.051 613.879
312.253 615.814
311.453 617.776
310.537 619.673
309.816 621.64
309.332 623.673
308.906 625.715
308.627 627.789
308.13 629.81
306.927 631.579
305.998 633.463
305.66 635.521
305.507 637.609
305.285 639.679
304.749 641.689
303.845 643.598
303.454 645.648
303.041 647.712
301.794 649.505
301.4 651.552
301.213 653.636
300.726 655.663
300.045 657.661
299.188 659.601
298.475 661.579
297.822 663.571
297.441 665.617
297.19 667.692
296.698 669.725
295.883 671.661
295.592 673.739
295.187 675.783
294.241 677.678
293.516 679.647
292.996 681.678
292.573 683.739
291.92 685.742
290.774 687.562
289.933 689.493
289.662 691.589
289.282 693.658
288.119 695.494
287.562 697.528
287.035 699.581
285.997 701.455
285.358 703.458
284.757 705.49
284.079 707.505
283.019 709.369
282.063 711.273
281.381 713.263
280.985 715.338
280.373 717.382
279.515 719.349
278.605 721.273
277.978 723.307
277.732 725.413
277.389 727.483
276.846 729.511
276.235 731.532
275.351 733.473
274.619 735.467
274.206 737.542
273.959 739.653
273.708 741.764
273.188 743.821
272.394 745.787
271.425 747.673
270.298 749.462
269.51 751.393
268.972 753.414
268.652 755.475
268.374 757.552
267.942 759.609
267.352 761.64
266.817 763.683
266.488 765.76
266.304 767.846
266.184 769.927
265.947 772.004
265.244 773.953
263.754 775.541
262.822 777.436
262.155 779.439
261.722 781.497
261.289 783.558
260.766 785.608
260.461 787.685
260.258 789.77
260.064 791.847
259.832 793.917
259.469 795.967
259.062 798.001
258.715 800.04
258.482 802.098
258.196 804.127
257.81 806.137
257.158 808.079
256.344 809.988
255.741 811.96
255.322 813.983
254.625 815.922
254.001 817.903
253.82 819.954
253.681 821.999
253.316 824.01
253.069 826.049
252.939 828.094
252.834 830.14
252.723 832.188
252.44 834.215
251.828 836.179
250.868 838.024
249.89 839.868
249.468 841.873
249.335 843.927
249.243 845.98
249.019 848.021
248.531 850.046
247.905 852.036
247.637 854.079
247.471 856.139
247.132 858.19
246.253 860.096
245.757 862.096
245.516 864.141
245.428 866.196
245.382 868.249
245.284 870.3
245.034 872.34
244.9 874.4
244.826 876.47
244.746 878.546
244.66 880.623
244.559 882.702
244.438 884.782
244.24 886.859
243.944 888.909
243.855 890.969
243.876 893.03
244.039 895.083
244.329 897.144
244.515 899.212
244.611 901.281
244.682 903.347
244.748 905.409
244.84 907.466
244.996 909.513
245.372 911.534
245.65 913.549
245.768 915.588
245.87 917.643
246.125 919.69
246.786 921.666
247.352 923.645
247.717 925.675
248.381 927.647
249.027 929.621
249.246 931.666
249.423 933.705
249.791 935.719
250.233 937.724
250.511 939.772
250.802 941.823
251.229 943.853
251.813 945.849
252.386 947.843
252.789 949.871
253.344 951.855
253.617 953.897
253.756 955.959
253.946 958.024
254.361 960.067
254.98 962.088
255.381 964.158
255.649 966.257
256.127 968.307
256.763 970.345
257.154 972.425
257.372 974.525
257.832 976.572
258.315 978.61
258.975 980.614
260.088 982.437
261.15 984.31
261.549 986.396
261.802 988.509
262.394 990.569
263.205 992.562
263.655 994.687
264.33 996.738
265.261 998.701
266.021 1000.71
266.529 1002.82
267.097 1004.93
267.756 1007.04
268.189 1009.21
268.489 1011.41
268.815 1013.6
269.383 1015.75
269.982 1017.9
270.906 1019.99
271.507 1022.21
272.264 1024.37
273.118 1026.53
273.474 1028.81
273.982 1031.08
275.469 1032.9
276.887 1034.74
278.355 1036.57
279.813 1038.43
281.851 1039.76
283.463 1041.59
285.3 1043.14
287.288 1044.56
289.351 1045.82
291.24 1047.31
293.131 1048.78
295.28 1049.88
296.909 1051.64
298.471 1053.41
300.046 1055.17
302.054 1056.31
304.231 1057.01
306.538 1057.13
308.84 1057.12
311.127 1057.22
313.371 1057.53
315.557 1058.05
317.666 1058.82
319.751 1059.66
321.911 1060.31
324.105 1060.77
326.238 1061.37
328.222 1062.37
330.217 1063.34
332.293 1064.08
334.24 1065.13
336.267 1065.91
338.262 1066.77
340.14 1067.89
342.07 1068.83
344.107 1069.49
346.21 1069.9
348.264 1070.57
350.32 1071.22
352.427 1071.45
354.556 1071.56
356.583 1072.02
358.396 1073.16
360.346 1073.96
362.249 1074.85
363.988 1076.04
365.777 1077.06
367.563 1078.1
369.278 1079.3
371.079 1080.25
372.924 1081.11
374.906 1081.48
376.86 1081.91
378.832 1082.11
380.802 1082.22
382.731 1082.46
384.576 1083.04
386.376 1083.71
388.204 1084.27
390.091 1084.68
391.772 1085.62
392.881 1087.22
393.267 1089.09
393.233 1091.01
393.066 1092.93
392.567 1094.81
391.89 1096.65
391.608 1098.58
391.442 1100.53
391.255 1102.51
390.907 1104.48
390.442 1106.45
389.938 1108.41
389.459 1110.37
388.694 1112.26
388.244 1114.24
387.903 1116.26
387.601 1118.3
387.247 1120.34
386.678 1122.35
386.013 1124.32
385.518 1126.34
385.209 1128.4
385.115 1130.49
385.249 1132.57
385.587 1134.61
386.379 1136.53
387.239 1138.44
388.155 1140.33
388.816 1142.3
389.427 1144.27
389.907 1146.27
390.71 1148.19
391.472 1150.15
392.235 1152.12
392.935 1154.11
393.216 1156.18
393.416 1158.25
393.834 1160.28
394.201 1162.33
394.447 1164.39
394.604 1166.47
394.807 1168.55
395.412 1170.55
396.16 1172.51
396.573 1174.54
396.794 1176.59
396.859 1178.64
396.856 1180.7
396.849 1182.75
396.884 1184.8
396.968 1186.85
397.163 1188.88
397.524 1190.9
398.316 1192.77
399.27 1194.58
399.96 1196.48
400.75 1198.36
401.036 1200.36
401.115 1202.39
401.21 1204.4
401.355 1206.41
401.748 1208.38
402.067 1210.36
402.283 1212.37
402.471 1214.39
402.587 1216.41
402.609 1218.44
402.607 1220.47
402.616 1222.5
402.605 1224.53
402.593 1226.57
402.583 1228.6
402.611 1230.64
402.826 1232.66
403.466 1234.6
404.169 1236.52
404.588 1238.51
404.853 1240.5
404.937 1242.52
404.943 1244.56
404.893 1246.58
404.868 1248.6
404.86 1250.61
404.921 1252.62
405.162 1254.62
405.596 1256.59
405.899 1258.58
406.515 1260.52
407.225 1262.44
407.569 1264.44
407.631 1266.48
407.646 1268.53
407.666 1270.58
407.724 1272.64
407.934 1274.68
408.762 1276.58
409.329 1278.55
409.765 1280.56
409.997 1282.6
410.126 1284.66
410.247 1286.71
410.329 1288.76
410.348 1290.81
410.319 1292.88
410.29 1294.95
410.435 1297.02
410.96 1299.02
411.786 1300.94
412.353 1302.94
412.772 1304.95
412.953 1306.99
413.097 1309.05
413.385 1311.11
413.693 1313.16
413.777 1315.22
413.885 1317.28
414.203 1319.34
414.837 1321.36
415.525 1323.35
416.109 1325.37
416.459 1327.47
416.611 1329.59
416.951 1331.7
417.179 1333.81
417.548 1335.91
418.039 1337.99
418.587 1340.07
419.591 1341.98
420.694 1343.85
421.204 1345.96
421.405 1348.12
421.811 1350.24
423.085 1352.06
424.021 1354.08
424.913 1356.09
425.548 1358.19
426.468 1360.21
427.54 1362.16
428.557 1364.14
429.481 1366.14
430.765 1367.98
431.75 1370
432.784 1371.99
433.458 1374.11
434.377 1376.15
435.434 1378.17
436.544 1380.16
437.727 1382.09
439.33 1383.78
440.528 1385.75
441.544 1387.8
442.448 1389.9
443.859 1391.78
445.03 1393.78
446.117 1395.8
447.673 1397.53
449.126 1399.39
450.454 1401.31
451.941 1403.09
453.512 1404.81
455.334 1406.32
456.93 1408.01
458.081 1410.05
459.26 1412.07
460.561 1414.02
461.753 1416.08
463.344 1417.89
465.141 1419.49
466.695 1421.25
468.136 1423.15
469.989 1424.58
471.731 1426.18
473.623 1427.62
475.323 1429.24
476.873 1431.06
479.073 1432
480.781 1433.62
482.523 1435.15
484.19 1436.77
485.729 1438.52
487.596 1439.96
489.328 1441.59
490.913 1443.33
492.723 1444.84
494.845 1445.87
496.67 1447.39
498.562 1448.79
500.381 1450.24
501.873 1452.06
503.634 1453.64
505.319 1455.33
506.979 1456.98
508.927 1458.23
511.063 1459.18
513.178 1460.16
515.204 1461.24
516.955 1462.79
519.072 1463.72
520.74 1465.29
522.517 1466.64
524.348 1467.92
526.342 1468.92
528.356 1469.91
530.15 1471.27
531.87 1472.75
533.708 1474.01
535.637 1475.17
537.525 1476.46
539.42 1477.67
541.131 1479.19
543.3 1479.94
545.186 1481.24
547.16 1482.27
549.065 1483.42
550.96 1484.6
552.939 1485.58
554.933 1486.44
556.845 1487.5
558.695 1488.7
560.61 1489.77
562.563 1490.73
564.467 1491.82
566.443 1492.76
568.426 1493.68
570.363 1494.71
572.458 1495.41
574.567 1495.99
576.257 1497.45
578.19 1498.47
580.149 1499.42
582.067 1500.42
584.047 1501.3
586.167 1501.69
588.247 1502.18
590.169 1503.18
592.045 1504.24
593.925 1505.37
596.014 1506.04
597.866 1507.19
599.536 1508.67
601.522 1509.56
603.649 1510.07
605.726 1510.74
607.822 1511.36
609.938 1511.95
611.67 1513.43
613.712 1514.15
615.838 1514.63
617.946 1515.26
619.991 1516.09
622.066 1516.77
624.07 1517.63
626.075 1518.54
627.989 1519.62
629.875 1520.75
631.908 1521.54
634.049 1522.01
636.21 1522.36
638.328 1522.86
640.329 1523.75
642.389 1524.47
644.521 1524.92
646.588 1525.54
648.501 1526.58
650.552 1527.3
652.61 1527.94
654.498 1529.03
656.522 1529.76
658.564 1530.39
660.574 1531.14
662.518 1532.07
664.573 1532.63
666.657 1533.05
668.636 1533.8
670.263 1535.3
672.23 1536.08
674.215 1536.9
676.328 1537.23
678.459 1537.42
680.552 1537.86
682.382 1538.95
683.987 1540.44
685.849 1541.41
687.922 1541.84
690.068 1542.12
692.162 1542.61
694.229 1543.16
696.274 1543.77
698.269 1544.52
700.285 1545.12
702.367 1545.43
704.421 1545.89
706.489 1546.25
708.564 1546.47
710.653 1546.53
712.738 1546.48
714.814 1546.55
716.89 1546.69
718.97 1546.74
721.04 1546.86
723.051 1547.39
725.028 1548.06
727.076 1548.42
729.11 1548.69
731.158 1548.87
733.209 1549.09
735.252 1549.45
737.286 1549.8
739.341 1550.07
741.34 1550.65
743.213 1551.65
745.105 1552.52
747.149 1552.94
749.211 1553.22
751.2 1553.72
753.036 1554.66
754.881 1555.59
756.827 1556.32
758.813 1556.88
760.832 1557.34
762.885 1557.63
764.952 1557.87
767.028 1558.15
769.056 1558.58
771.035 1559.24
772.99 1559.99
774.964 1560.64
776.994 1561.03
779.054 1561.21
781.114 1561.32
783.163 1561.58
785.163 1562.09
787.202 1562.3
789.248 1562.44
791.264 1562.79
793.208 1563.48
795.169 1564.13
797.185 1564.51
799.234 1564.67
801.285 1564.73
803.33 1564.83
805.367 1564.93
807.407 1564.99
809.43 1565.02
811.455 1565.07
813.486 1565.18
815.518 1565.34
817.535 1565.42
819.547 1565.4
821.553 1565.4
823.548 1565.58
825.547 1565.79
827.556 1565.9
829.575 1565.96
831.594 1566.04
833.6 1566.32
835.57 1566.82
837.551 1567.23
839.563 1567.43
841.59 1567.65
843.617 1567.82
845.64 1567.93
847.656 1568.11
849.665 1568.41
851.659 1568.81
853.668 1569.07
855.693 1569.11
857.715 1569.13
859.723 1569.21
861.719 1569.31
863.687 1569.6
865.655 1569.96
867.642 1570.17
869.644 1570.29
871.655 1570.26
873.64 1570.2
875.625 1570.21
877.617 1570.19
879.613 1570.2
881.598 1570.22
883.585 1570.23
885.573 1570.25
887.563 1570.34
889.564 1570.43
891.571 1570.44
893.579 1570.45
895.588 1570.51
897.603 1570.61
899.618 1570.77
901.635 1570.96
903.66 1571
905.678 1571.1
907.678 1571.41
909.682 1571.7
911.692 1571.88
913.702 1572.05
915.706 1572.25
917.708 1572.4
919.71 1572.47
921.698 1572.52
923.686 1572.55
925.677 1572.58
927.669 1572.58
929.65 1572.5
931.629 1572.37
933.614 1572.26
935.6 1572.35
937.571 1572.56
939.534 1572.77
941.487 1573
943.43 1573.31

832

895.159 1340.85
893.178 1340.56
891.194 1340.33
889.223 1340.02
887.271 1339.6
885.326 1339.19
883.371 1338.83
881.39 1338.64
879.396 1338.62
877.406 1338.7
875.412 1338.78
873.421 1338.66
871.463 1338.27
869.584 1337.57
867.774 1336.66
865.845 1336.1
863.825 1336.04
861.8 1336.15
859.776 1336.34
857.743 1336.45
855.703 1336.47
853.66 1336.53
851.616 1336.69
849.567 1336.82
847.52 1336.64
845.493 1336.22
843.46 1335.83
841.415 1335.56
839.362 1335.56
837.323 1335.68
835.3 1335.67
833.286 1335.5
831.288 1335.13
829.327 1334.58
827.334 1334.19
825.318 1333.98
823.289 1333.99
821.267 1333.98
819.247 1333.91
817.23 1333.81
815.223 1333.58
813.211 1333.37
811.193 1333.28
809.179 1333.21
807.17 1333.01
805.142 1332.83
803.103 1332.69
801.079 1332.43
799.113 1331.86
797.182 1331.12
795.251 1330.4
793.308 1329.76
791.354 1329.16
789.356 1328.65
787.289 1328.55
785.207 1328.61
783.119 1328.67
781.036 1328.56
778.993 1328.09
776.938 1327.83
774.869 1327.85
772.887 1327.22
770.895 1326.69
768.895 1326.25
766.913 1325.72
764.887 1325.4
762.842 1325.13
760.821 1324.74
758.815 1324.22
756.895 1323.46
755.008 1322.62
753.147 1321.75
751.28 1320.86
749.334 1320.15
747.284 1319.89
745.207 1319.92
743.118 1319.97
741.014 1319.97
738.907 1319.97
736.799 1319.92
734.694 1319.75
732.615 1319.29
730.578 1318.73
728.577 1318.03
726.563 1317.41
724.557 1316.84
722.596 1316.15
720.788 1315.1
718.944 1314.08
717.129 1313.03
715.208 1312.15
713.11 1312.09
711.04 1312.65
708.948 1312.93
706.839 1312.79
704.758 1312.36
702.718 1311.75
700.705 1310.96
698.637 1310.38
696.528 1309.93
694.434 1309.4
692.297 1309.05
690.164 1308.62
688.131 1307.84
686.209 1306.79
684.235 1305.87
682.284 1304.89
680.41 1303.73
678.542 1302.6
676.566 1301.69
674.401 1301.5
672.197 1301.7
670.018 1301.57
667.834 1301.38
665.678 1300.99
663.625 1300.24
661.754 1299
659.771 1298
657.691 1297.22
655.821 1295.97
653.801 1295.07
651.799 1294.19
649.983 1293.02
648.721 1291.11
646.966 1289.81
645.08 1288.65
643.163 1287.58
641.364 1286.38
639.51 1285.24
637.547 1284.33
635.726 1283.16
633.838 1282.08
631.867 1281.14
629.856 1280.24
627.697 1279.82
625.662 1279.15
624.262 1277.47
623.044 1275.65
621.309 1274.25
619.655 1272.77
617.68 1271.78
615.475 1271.33
613.392 1270.43
611.221 1269.76
609.026 1269.09
606.809 1268.33
604.616 1267.5
602.74 1266.13
601.783 1264
601.283 1261.64
600.327 1259.44
599.39 1257.27
598.348 1255.15
597.172 1253.08
596.091 1250.93
594.862 1248.82
593.795 1246.63
593.166 1244.29
593.047 1241.87
593.398 1239.47
594.091 1237.18
594.852 1234.92
595.711 1232.72
596.314 1230.43
596.987 1228.18
598.368 1226.34
600.336 1225.04
602.375 1223.82
604.36 1222.55
606.166 1221.11
607.705 1219.4
609.104 1217.58
610.074 1215.5
611.375 1213.6
612.361 1211.54
612.244 1209.24
611.97 1206.93
612.509 1204.7
613.67 1202.71
615.437 1201.15
617.099 1199.48
618.412 1197.53
619.825 1195.68
621.327 1193.92
623.089 1192.38
624.836 1190.88
626.239 1189.05
627.884 1187.5
629.814 1186.39
631.975 1185.8
634.053 1185.04
635.779 1183.59
637.626 1182.38
639.436 1181.08
641.121 1179.59
642.686 1177.94
644.552 1176.59
646.449 1175.24
647.952 1173.48
649.059 1171.42
650.261 1169.44
651.617 1167.55
653.334 1166
655.499 1165.28
657.826 1165.76
660.142 1166.51
662.547 1166.62
664.946 1166.55
667.299 1166.85
669.646 1167.04
671.933 1167.41
674 1168.4
675.768 1169.88
677.593 1171.25
679.517 1172.49
681.655 1173.24
683.897 1173.71
685.855 1174.94
687.875 1175.97
690.127 1176.49
692.389 1176.88
694.64 1177.32
696.807 1178.07
698.849 1179.11
700.491 1180.69
701.738 1182.62
703.363 1184.15
705.154 1185.42
707.215 1186.1
709.417 1186.13
711.605 1186.24
713.686 1186.85
715.551 1187.97
717.19 1189.37
718.486 1191.11
719.831 1192.74
721.619 1193.81
723.532 1194.58
725.444 1195.35
727.378 1196.05
729.305 1196.69
731.159 1197.46
732.91 1198.47
734.867 1198.23
736.81 1197.75
738.801 1197.56
740.811 1197.49
742.817 1197.34
744.802 1197.05
746.781 1197.11
748.69 1197.62
750.477 1198.59
752.393 1198.68
754.114 1197.65
755.819 1196.62
757.612 1195.71
759.414 1194.8
761.299 1194.08
763.261 1193.63
765.197 1193.08
766.878 1191.85
768.798 1191.21
770.308 1189.84
771.92 1188.66
773.491 1187.44
775.11 1186.23
776.244 1184.57
777.717 1183.16
778.639 1181.31
779.658 1179.5
780.618 1177.64
781.529 1175.74
782.946 1174.09
783.679 1172.08
784.866 1170.29
785.801 1168.37
786.844 1166.51
787.905 1164.6
788.809 1162.61
789.771 1160.63
791.213 1158.88
791.965 1156.74
792.954 1154.68
793.818 1152.57
795.155 1150.68
796.464 1148.79
797.674 1146.82
799.207 1145.03
799.857 1142.73
801.425 1140.91
802.85 1139.04
804.445 1137.31
805.912 1135.45
807.563 1133.71
809.405 1132.18
810.925 1130.36
812.318 1128.43
813.691 1126.51
815.385 1124.82
817.123 1123.18
818.432 1121.24
819.621 1119.18
820.946 1117.21
822.788 1115.73
824.771 1114.44
826.646 1113.06
828.382 1111.45
830.257 1110.03
832.115 1108.63
833.956 1107.2
835.835 1105.86
837.602 1104.35
839.585 1103.13
841.253 1101.44
842.958 1099.86
844.891 1098.55
847.035 1097.6
849.137 1096.61
851.258 1095.7
853.523 1095.2
855.659 1094.32
857.566 1093.03
859.436 1091.69
861.374 1090.47
863.472 1089.58
865.65 1088.95
867.896 1088.66
870.048 1089.27
871.791 1090.86
873.775 1091.88
875.753 1091.04
877.133 1089.15
878.822 1087.73
881.046 1087.39
883.211 1086.91
885.051 1085.55
887.15 1084.89
889.315 1084.58
891.474 1084.31
893.603 1083.96
895.687 1083.47
897.768 1083.01
899.845 1082.65
901.928 1082.41
903.942 1081.86
906.007 1081.45
908.083 1081.18
910.171 1081.08
912.256 1081.15
914.334 1081.12
916.414 1081.04
918.5 1080.94
920.599 1080.84
922.712 1080.86
924.827 1081.06
926.932 1081.46
928.961 1082.19
930.956 1083.14
933.085 1083.6
935.185 1083.16
936.871 1081.78
938.258 1080.07
939.833 1078.67
941.829 1078.08
943.948 1077.99
946.069 1077.68
948.165 1077.32
950.267 1077.22
952.355 1077.34
954.43 1077.6
956.511 1077.7
958.588 1077.54
960.663 1077.32
962.74 1077.06
964.824 1077.02
966.901 1077.22
968.961 1077.32
970.986 1077.03
972.955 1076.48
974.913 1075.9
976.887 1075.33
978.896 1074.88
980.942 1074.61
983.009 1074.52
985.079 1074.54
987.148 1074.65
989.21 1074.88
991.255 1075.28
993.29 1075.75
995.361 1076.01
997.449 1076.15
999.545 1076.28
1001.64 1076.45
1003.74 1076.66
1005.82 1076.88
1007.85 1077.36
1009.79 1078.19
1011.77 1078.98
1013.87 1079.02
1015.97 1078.6
1018.05 1078.9
1019.99 1079.72
1021.85 1080.73
1023.85 1081.3
1025.89 1081.54
1027.94 1081.39
1029.97 1081.08
1032.02 1080.89
1034.08 1080.93
1036.13 1081.09
1038.17 1081.29
1040.16 1081.83
1042.19 1082.3
1044.21 1082.79
1046.13 1083.58
1048.02 1084.46
1049.97 1085.18
1051.93 1085.87
1053.96 1086.24
1056.03 1085.8
1058.11 1085.71
1060.02 1086.55
1061.9 1087.47
1063.76 1088.37
1065.66 1089.08
1067.65 1089.29
1069.66 1089.12
1071.68 1088.98
1073.69 1089.01
1075.71 1089.13
1077.74 1089.32
1079.75 1089.75
1081.74 1090.28
1083.77 1090.68
1085.8 1091.17
1087.8 1091.74
1089.82 1092.24
1091.84 1092.7
1093.84 1093.23
1095.82 1093.85
1097.84 1094.38
1099.9 1094.76
1101.93 1095.21
1103.81 1096.05
1105.54 1097.24
1107.17 1098.59
1109.1 1099.37
1111.17 1099.07
1113.06 1098.04
1115.04 1097.32
1117.11 1097.09
1119.2 1097.07
1121.26 1097.14
1123.32 1097.22
1125.37 1097.21
1127.41 1097.38
1129.45 1097.64
1131.5 1097.71
1133.55 1097.76
1135.58 1097.99
1137.63 1098.21
1139.69 1098.34
1141.73 1098.58
1143.71 1099.12
1145.67 1099.76
1147.64 1100.31
1149.6 1100.88
1151.49 1101.57
1153.28 1102.56
1155.2 1103.17
1157.2 1103.43
1159.22 1103.56
1161.25 1103.5
1163.3 1103.44
1165.37 1103.4
1167.44 1103.31
1169.51 1103.28
1171.58 1103.38
1173.66 1103.48
1175.74 1103.31
1177.83 1103.12
1179.92 1103.11
1181.97 1103.31
1183.88 1104.08
1185.67 1105.19
1187.23 1106.65
1188.96 1107.91
1191.07 1108.24
1193.24 1108.2
1195.43 1108.16
1197.62 1107.99
1199.69 1107.3
1201.52 1106.05
1203.49 1105.25
1205.59 1105.14
1207.68 1105.53
1209.76 1105.99
1211.85 1106.31
1213.93 1106.57
1216.01 1106.86
1218.12 1107.01
1220.24 1107.11
1222.33 1107.4
1224.38 1107.96
1226.39 1108.67
1228.43 1109.25
1230.5 1109.76
1232.55 1110.35
1234.58 1111.04
1236.65 1111.58
1238.51 1112.66
1240.33 1113.82
1242.16 1115.06
1244.24 1115.78
1246.45 1115.89
1248.68 1115.48
1250.93 1115.14
1253.16 1114.77
1255.41 1114.83
1257.51 1115.64
1259.56 1116.54
1261.56 1117.53
1263.32 1118.98
1265.42 1119.74
1267.61 1120.28
1269.87 1120.63
1272.13 1121.05
1274.35 1121.59
1276.29 1122.74
1277.45 1124.74
1278.34 1126.9
1278.97 1129.22
1280.32 1131.1
1282.53 1131.75
1284.87 1131.23
1287.1 1130.16
1289.43 1129.68
1291.82 1129.81
1294.18 1130.25
1296.44 1131.08
1298.64 1132.03
1300.87 1132.91
1302.92 1134.13
1304.86 1135.55
1306.64 1137.19
1308.75 1138.29
1310.93 1139.23
1313.21 1140
1315.52 1140.64
1317.8 1141.39
1319.86 1142.7
1322.12 1143.65
1323.81 1145.39
1325.41 1147.19
1327.04 1149
1327.97 1151.23
1329.19 1153.31
1330.82 1155.05
1332.69 1156.57
1334.69 1157.93
1336.77 1159.18
1338.98 1160.19
1341.05 1161.49
1343.15 1162.69
1345.19 1164.03
1347.41 1165.06
1349.66 1166.04
1351.84 1167.26
1353.96 1168.57
1355.77 1170.27
1357.35 1172.16
1359.15 1173.88
1360.83 1175.7
1362.52 1177.53
1364.45 1179.11
1366.2 1180.88
1367.83 1182.82
1370.08 1184.11
1371.88 1185.96
1373.64 1187.86
1375.39 1189.82
1376.71 1192.14
1378.11 1194.5
1379.7 1196.78
1381.02 1199.22
1381.72 1201.89
1381.74 1204.67
1381.16 1207.35
1379.75 1209.7
1377.9 1211.71
1375.61 1213.12
1373.41 1214.6
1371.33 1216.11
1369.7 1218.11
1367.91 1219.95
1366.11 1221.69
1364.51 1223.62
1362.76 1225.37
1360.59 1226.51
1358.49 1227.76
1356.74 1229.41
1355.46 1231.47
1354.43 1233.7
1353.13 1235.74
1351.34 1237.44
1349.59 1239.22
1348.07 1241.17
1346.28 1242.83
1344.32 1244.31
1342.09 1245.23
1339.69 1245.6
1337.33 1246.08
1335.4 1247.57
1333.45 1249.03
1332.09 1251.03
1330.54 1252.88
1328.81 1254.56
1326.89 1255.99
1324.95 1257.48
1322.77 1258.55
1320.57 1259.57
1318.45 1260.76
1316.41 1262.01
1314.36 1263.24
1312.27 1264.4
1310.24 1265.61
1308.26 1266.86
1306.38 1268.26
1304.42 1269.53
1302.71 1271.17
1300.64 1272.29
1298.89 1273.9
1296.86 1275.09
1294.83 1276.3
1292.64 1277.11
1290.33 1277.43
1288.02 1277.48
1285.78 1277.03
1283.67 1275.93
1281.49 1276.29
1279.68 1277.7
1278.11 1279.43
1276.5 1281.12
1274.6 1282.39
1272.53 1283.41
1270.5 1284.5
1268.33 1285.14
1266.08 1285.25
1263.88 1284.89
1261.74 1284.1
1259.61 1284.46
1257.72 1285.57
1255.83 1286.64
1254.05 1287.83
1252.47 1289.33
1250.65 1290.45
1248.76 1291.45
1246.77 1292.29
1244.7 1293
1242.58 1293.48
1240.43 1293.61
1238.3 1293.62
1236.22 1293.82
1234.22 1294.44
1232.28 1295.27
1230.41 1296.26
1228.71 1297.59
1226.8 1298.56
1224.84 1299.44
1222.86 1300.26
1220.79 1300.71
1218.67 1301
1216.57 1301.33
1214.47 1301.74
1212.35 1301.94
1210.26 1302.3
1208.24 1302.94
1206.2 1303.55
1204.13 1304.05
1202.14 1304.78
1200.16 1305.5
1198.16 1306.15
1196.17 1306.79
1194.2 1307.58
1192.25 1308.39
1190.22 1308.92
1188.14 1309.14
1186.08 1309.27
1184.01 1309.51
1182 1309.96
1180.06 1310.64
1178.2 1311.58
1176.23 1312.17
1174.16 1312.05
1172.11 1312.44
1170.02 1312.35
1167.95 1312.31
1166.09 1313.19
1164.24 1314.1
1162.39 1315.06
1160.65 1316.22
1158.83 1317.29
1156.79 1317.8
1154.67 1317.94
1152.56 1317.81
1150.46 1317.62
1148.36 1317.76
1146.29 1318.12
1144.23 1318.54
1142.2 1319.14
1140.15 1319.54
1138.08 1319.66
1135.97 1319.71
1133.89 1319.85
1131.92 1320.58
1130.09 1321.65
1128.1 1322.27
1125.98 1322.55
1124 1323.32
1122.16 1324.45
1120.2 1325.22
1118.12 1325.62
1116.01 1325.79
1113.89 1325.81
1111.77 1325.85
1109.66 1325.94
1107.56 1325.96
1105.47 1326
1103.4 1326.04
1101.34 1325.95
1099.33 1325.51
1097.32 1325.09
1095.47 1325.84
1093.82 1327.16
1091.91 1327.95
1089.88 1328.38
1087.79 1328.28
1085.7 1327.94
1083.59 1327.85
1081.52 1328.12
1079.66 1329.11
1077.79 1329.98
1075.81 1330.55
1073.8 1330.97
1071.78 1331.42
1069.77 1331.86
1067.76 1332.24
1065.75 1332.56
1063.76 1333.01
1061.78 1333.56
1059.74 1333.81
1057.69 1333.92
1055.63 1333.91
1053.56 1333.86
1051.49 1333.83
1049.41 1333.85
1047.33 1333.72
1045.27 1333.33
1043.23 1332.69
1041.16 1332.05
1039.08 1331.4
1036.94 1330.96
1034.76 1330.99
1032.7 1331.71
1031.01 1333.13
1029.53 1334.77
1028.08 1336.39
1026.15 1337.19
1024.04 1337.33
1021.89 1337.3
1019.76 1337.35
1017.65 1337.31
1015.6 1336.95
1013.62 1336.12
1011.54 1335.93
1009.44 1335.92
1007.34 1335.87
1005.24 1335.8
1003.16 1335.87
1001.09 1336.18
999.041 1336.64
996.991 1337.14
994.887 1337.32
992.767 1337.36
990.655 1337.39
988.624 1336.93
986.653 1336.22
984.625 1335.8
982.584 1335.53
980.653 1336.04
979.141 1337.48
977.499 1338.69
975.654 1339.54
973.673 1340.02
971.631 1340.18
969.581 1340.2
967.536 1340.18
965.502 1340.16
963.498 1339.92
961.506 1339.61
959.508 1339.66
957.557 1340.18
955.584 1340.59
953.568 1340.81
951.547 1341.08
949.525 1341.26
947.491 1341.27
945.454 1341.25
943.415 1341.24
941.376 1341.23
939.337 1341.21
937.3 1341.19
935.264 1341.21
933.237 1341.25
931.216 1341.25
929.2 1341.22
927.192 1341.16
925.179 1341.1
923.166 1341.07
921.154 1341.11
919.144 1341.16
917.134 1341.19
915.124 1341.2
913.116 1341.21
911.11 1341.2
909.107 1341.17
907.106 1341.15
905.109 1341.19
903.115 1341.25
901.122 1341.31
899.126 1341.3
897.131 1341.2

