CONTOUR

2

2249

903.209 1591.71
905.238 1591.67
907.279 1591.47
909.318 1591.28
911.346 1591.19
913.366 1591.02
915.364 1590.72
917.352 1590.33
919.362 1590.1
921.384 1590.08
923.405 1590.04
925.422 1589.94
927.442 1589.84
929.47 1589.75
931.497 1589.68
933.517 1589.57
935.518 1589.29
937.514 1588.93
939.538 1588.76
941.572 1588.66
943.613 1588.67
945.643 1588.67
947.679 1588.58
949.728 1588.49
951.786 1588.51
953.84 1588.62
955.875 1588.55
957.879 1588.16
959.876 1587.68
961.877 1587.27
963.855 1586.91
965.813 1586.61
967.724 1586.18
969.548 1585.56
971.415 1585.26
973.288 1585.74
975.208 1586
977.166 1585.84
979.149 1585.74
981.145 1585.67
983.147 1585.51
985.162 1585.29
987.203 1585.17
989.25 1584.98
991.277 1584.55
993.31 1584.1
995.311 1583.51
997.328 1583
999.403 1582.98
1001.47 1582.97
1003.49 1582.49
1005.49 1581.98
1007.51 1581.6
1009.52 1581.28
1011.55 1581.11
1013.58 1580.96
1015.6 1580.88
1017.64 1580.87
1019.68 1580.87
1021.71 1580.85
1023.74 1580.67
1025.77 1580.45
1027.8 1580.17
1029.81 1579.78
1031.81 1579.33
1033.81 1578.86
1035.82 1578.52
1037.84 1578.24
1039.83 1577.89
1041.86 1577.7
1043.89 1577.59
1045.93 1577.56
1047.95 1577.39
1049.97 1577.25
1052 1577.04
1053.98 1576.53
1055.92 1575.86
1057.86 1575.15
1059.8 1574.43
1061.8 1573.93
1063.82 1573.53
1065.88 1573.3
1067.95 1573.18
1070.02 1573.01
1072.06 1572.76
1074.13 1572.6
1076.21 1572.43
1078.26 1572.1
1080.23 1571.44
1082.22 1570.84
1084.24 1570.42
1086.24 1569.96
1088.23 1569.4
1090.27 1569.07
1092.3 1568.71
1094.27 1568.1
1095.97 1566.86
1097.82 1565.87
1099.88 1565.62
1101.94 1565.47
1103.98 1565.19
1106.04 1564.91
1108.11 1564.74
1110.18 1564.58
1112.23 1564.17
1114.21 1563.51
1116.19 1562.81
1118.17 1562.22
1120.13 1561.53
1122.17 1561.24
1124.23 1561.07
1126.14 1560.37
1127.87 1559.23
1129.78 1558.46
1131.83 1558.16
1133.88 1557.98
1135.91 1557.6
1137.93 1557.12
1139.98 1556.83
1142.04 1556.59
1144.07 1556.17
1146.02 1555.43
1148 1554.72
1150 1554.18
1151.96 1553.49
1154.04 1553.16
1156.08 1552.73
1158.08 1552.06
1160.04 1551.29
1161.95 1550.37
1163.98 1549.86
1166.07 1549.68
1168.11 1549.2
1170.19 1548.77
1172.27 1548.34
1174.31 1547.76
1176.32 1547.08
1178.4 1546.65
1180.48 1546.31
1182.56 1545.91
1184.56 1545.25
1186.47 1544.39
1188.27 1543.26
1190.07 1542.15
1192.04 1541.42
1194.08 1540.87
1196.11 1540.27
1198 1539.29
1199.91 1538.36
1201.95 1537.8
1204.04 1537.34
1205.91 1536.27
1207.83 1535.38
1209.58 1534.09
1211.64 1533.63
1213.74 1533.43
1215.8 1533.06
1217.86 1532.53
1219.84 1531.73
1221.81 1530.87
1223.92 1530.51
1226.06 1530.25
1228.05 1529.48
1229.66 1527.93
1231.72 1527.26
1233.58 1526.07
1235.65 1525.59
1237.77 1525.33
1239.83 1524.84
1241.88 1524.2
1243.86 1523.3
1245.88 1522.51
1247.94 1521.86
1250.05 1521.29
1251.85 1519.98
1253.87 1519.1
1255.7 1517.84
1257.72 1516.98
1259.74 1516.17
1261.62 1515.05
1263.64 1514.24
1265.74 1513.76
1267.86 1513.36
1269.77 1512.34
1271.68 1511.32
1273.4 1509.93
1275.47 1509.37
1277.57 1508.94
1279.66 1508.34
1281.7 1507.55
1283.68 1506.61
1285.59 1505.56
1287.31 1504.13
1289.38 1503.43
1291.41 1502.6
1293.35 1501.57
1295.28 1500.47
1297.2 1499.38
1299.19 1498.35
1301.19 1497.32
1303.05 1495.97
1305.33 1495.93
1307.5 1495.52
1309.28 1494.09
1311.26 1493.05
1313.17 1491.9
1314.88 1490.47
1316.83 1489.46
1318.68 1488.27
1320.39 1486.91
1322.2 1485.63
1324.26 1484.88
1326.28 1484.04
1328.2 1482.94
1330.2 1482.01
1332.1 1480.86
1333.98 1479.66
1336.05 1478.84
1337.79 1477.37
1339.67 1476.17
1341.46 1474.83
1343.34 1473.62
1344.86 1471.94
1346.66 1470.68
1348.46 1469.37
1350.54 1468.57
1352.66 1467.8
1354.74 1466.87
1356.87 1466
1358.96 1465.02
1360.63 1463.45
1362.28 1461.83
1364.13 1460.46
1365.78 1458.87
1367.51 1457.31
1369.17 1455.65
1370.85 1454.05
1372.93 1453.08
1375.16 1452.4
1377.32 1451.51
1379.31 1450.32
1381.31 1449.12
1383.11 1447.55
1384.84 1445.91
1386.79 1444.59
1388.43 1442.89
1390.03 1441.19
1391.68 1439.47
1393.46 1437.83
1395.28 1436.3
1397.04 1434.69
1398.91 1433.2
1400.45 1431.34
1402.26 1429.74
1404.06 1428.15
1405.54 1426.23
1407.47 1424.82
1409.38 1423.35
1411.07 1421.67
1412.85 1420.09
1414.47 1418.3
1416.33 1416.83
1418.25 1415.34
1419.92 1413.56
1421.65 1411.88
1423.36 1410.13
1424.46 1407.91
1426.29 1406.32
1428.16 1404.81
1429.89 1403.15
1431.7 1401.53
1433.41 1399.79
1434.83 1397.86
1436.45 1396.11
1437.95 1394.27
1439.59 1392.52
1441.36 1390.89
1442.62 1388.84
1443.99 1386.88
1445.4 1385
1447.1 1383.31
1447.94 1381.06
1449.62 1379.34
1450.94 1377.42
1451.92 1375.27
1452.82 1373.11
1454.12 1371.18
1455.73 1369.49
1457.38 1367.78
1458.65 1365.81
1459.9 1363.86
1460.75 1361.72
1461.54 1359.56
1462.61 1357.55
1464 1355.72
1465.04 1353.73
1465.79 1351.6
1466.98 1349.69
1468.16 1347.78
1468.91 1345.68
1469.6 1343.55
1470.42 1341.47
1471.54 1339.53
1472.66 1337.62
1473.6 1335.62
1474.67 1333.67
1475.86 1331.8
1476.72 1329.77
1477.37 1327.67
1477.8 1325.52
1478.13 1323.36
1478.68 1321.23
1479.64 1319.22
1480.56 1317.21
1481.12 1315.12
1481.11 1312.98
1480.55 1310.87
1480.89 1308.78
1481.85 1306.84
1482.48 1304.8
1482.97 1302.71
1483.43 1300.6
1483.89 1298.49
1484.24 1296.38
1484.46 1294.26
1484.62 1292.15
1484.75 1290.05
1484.79 1287.96
1484.79 1285.87
1484.78 1283.79
1484.91 1281.72
1485.35 1279.69
1485.8 1277.68
1485.98 1275.64
1486.06 1273.59
1486.09 1271.54
1486.05 1269.48
1485.93 1267.44
1485.84 1265.4
1485.84 1263.38
1485.88 1261.35
1485.95 1259.32
1486.07 1257.3
1486.16 1255.26
1486.17 1253.23
1486.2 1251.2
1486.23 1249.18
1486.16 1247.16
1486.07 1245.14
1486.04 1243.12
1485.96 1241.12
1485.88 1239.12
1485.85 1237.14
1485.87 1235.15
1485.96 1233.17
1485.97 1231.17
1486.02 1229.16
1486.08 1227.15
1486.05 1225.14
1485.98 1223.13
1485.91 1221.11
1485.87 1219.1
1485.89 1217.08
1486 1215.07
1486.19 1213.05
1486.26 1211.03
1486.29 1209.01
1486.31 1206.98
1486.31 1204.95
1486.3 1202.92
1486.25 1200.89
1486.23 1198.85
1486.2 1196.8
1485.99 1194.75
1485.47 1192.77
1484.23 1191.03
1483.35 1189.11
1483.21 1187.01
1483.79 1184.98
1485 1183.18
1485.76 1181.26
1486.07 1179.22
1486.15 1177.18
1486.08 1175.13
1486.02 1173.1
1486.04 1171.06
1486.11 1169.03
1486.26 1167.01
1486.41 1165
1486.35 1162.98
1486.27 1160.97
1486.33 1158.95
1486.35 1156.94
1486.32 1154.92
1486.27 1152.91
1486.14 1150.9
1486.2 1148.88
1486.23 1146.88
1486.19 1144.87
1486.18 1142.86
1486.07 1140.85
1485.95 1138.86
1485.88 1136.87
1485.88 1134.88
1486 1132.91
1486.19 1130.94
1486.27 1128.96
1486.21 1126.96
1486.14 1124.95
1486.26 1122.94
1486.4 1120.94
1486.33 1118.93
1486.28 1116.92
1486.26 1114.91
1486.28 1112.88
1486.36 1110.86
1486.42 1108.82
1486.48 1106.78
1486.39 1104.75
1486.1 1102.73
1485.99 1100.7
1486 1098.67
1486.06 1096.65
1486.14 1094.62
1485.99 1092.59
1485.83 1090.58
1485.66 1088.59
1485.33 1086.62
1485.13 1084.63
1485.07 1082.64
1485.04 1080.67
1484.95 1078.72
1484.8 1076.78
1484.56 1074.87
1484.23 1072.99
1483.73 1071.16
1483.25 1069.34
1482.94 1067.51
1482.71 1065.69
1482.47 1063.89
1482.12 1062.12
1481.79 1060.36
1481.83 1058.6
1482.78 1057.17
1484.48 1056.59
1486.26 1056.23
1488.06 1056.63
1489.84 1057.19
1491.73 1057.4
1493.67 1057.44
1495.66 1057.55
1497.69 1057.69
1499.76 1057.67
1501.87 1057.49
1504 1057.13
1506.01 1056.33
1507.9 1055.16
1509.86 1054.13
1511.93 1053.31
1513.97 1052.4
1515.89 1051.22
1517.79 1050.02
1519.66 1048.73
1521.59 1047.48
1523.29 1045.91
1525.4 1045.15
1527.64 1044.82
1529.89 1044.51
1532.11 1044.02
1534.27 1043.19
1536.47 1042.51
1538.69 1041.92
1540.84 1041.07
1542.63 1039.56
1544.21 1037.82
1546.1 1036.45
1547.75 1034.84
1549.33 1033.18
1550.89 1031.48
1551.45 1029.29
1551.95 1027.1
1553.56 1025.38
1554.36 1023.3
1554.69 1021.08
1554.92 1018.86
1555.38 1016.71
1556.1 1014.62
1556.91 1012.6
1558.07 1010.79
1559.77 1009.5
1561.68 1008.45
1563.5 1007.29
1565.1 1005.72
1567.12 1004.95
1569.19 1004.3
1571.12 1003.3
1573.08 1002.32
1575.09 1001.45
1577.13 1000.54
1579.33 1000.03
1581.59 999.851
1583.8 999.397
1585.58 997.942
1587.22 996.346
1588.66 994.565
1590 992.692
1591.68 991.054
1593.29 989.274
1594.64 987.323
1596.04 985.397
1597.24 983.352
1598.2 981.194
1599.28 979.088
1599.86 976.825
1599.98 974.408
1601.22 972.313
1601.91 970.082
1602.12 967.763
1602.13 965.445
1601.91 963.175
1601.42 960.977
1600.63 958.87
1599.9 956.757
1598.92 954.778
1598.12 952.763
1597.53 950.718
1597.1 948.657
1596.68 946.639
1596.35 944.61
1596.03 942.597
1595.88 940.581
1595.87 938.567
1595.85 936.563
1595.88 934.57
1596.07 932.595
1596.4 930.633
1596.88 928.7
1597.7 926.88
1598.88 925.233
1599.87 923.489
1600.97 921.784
1601.69 919.875
1602.51 918.011
1603.43 916.199
1604.29 914.349
1604.75 912.372
1604.94 910.338
1605.02 908.285
1605.15 906.232
1605.42 904.19
1605.91 902.2
1606.52 900.238
1607.13 898.274
1607.51 896.251
1607.83 894.233
1608.17 892.226
1608.46 890.224
1608.34 888.204
1608.56 886.233
1609.67 884.506
1610.34 882.601
1610.96 880.688
1611.81 878.838
1612.41 876.913
1612.79 874.925
1613.19 872.945
1614.02 871.103
1615.39 869.493
1616.71 867.847
1618.3 866.471
1620.09 865.381
1621.71 864.012
1623.62 863.098
1625.25 861.632
1627.25 860.903
1629.35 860.352
1631.4 859.6
1633.47 858.87
1635.64 858.483
1637.82 858.157
1639.9 857.436
1641.66 855.947
1643.75 854.986
1645.03 853.156
1645.86 851.059
1647.16 849.174
1647.76 847.021
1648.5 844.895
1649.06 842.739
1649.25 840.525
1649.47 838.324
1649.65 836.125
1650.04 833.946
1650.99 831.983
1652.85 830.771
1654.43 829.222
1655.97 827.663
1657.79 826.298
1659.11 824.494
1660.23 822.539
1660.77 820.356
1660.9 818.098
1660.77 815.807
1660.61 813.514
1660.44 811.22
1660.27 808.917
1660.21 806.603
1660 804.289
1659.6 801.988
1659.14 799.687
1658.73 797.372
1658.29 795.067
1657.57 792.854
1656.26 790.848
1655.32 788.651
1654.35 786.471
1653.67 784.189
1652.95 781.929
1652.2 779.672
1651.09 777.557
1650 775.427
1648.65 773.453
1647.17 771.576
1645.31 770.005
1643.77 768.125
1641.81 766.77
1639.96 765.209
1638.03 763.802
1636.18 762.366
1634.21 761.114
1632.28 759.712
1630 759.031
1628.24 757.418
1626.32 756.102
1624.44 754.727
1622.44 753.543
1620.38 752.498
1618.32 751.501
1616.23 750.561
1614.45 749.194
1612.77 747.671
1611.05 746.183
1609.08 745.109
1607.23 743.748
1604.98 743.066
1603.45 741.266
1601.67 739.819
1599.64 738.675
1597.77 737.38
1596.48 735.489
1595.2 733.589
1593.6 732.021
1591.74 730.717
1589.87 729.444
1588.71 727.524
1587.51 725.647
1585.92 724.157
1584.06 722.986
1582.1 722.027
1580.48 720.632
1579.03 719.074
1577.8 717.285
1576.18 715.84
1575.19 713.94
1573.72 712.331
1572.87 710.39
1572.16 708.397
1571.17 706.509
1570.3 704.578
1569.45 702.638
1568.54 700.705
1567.8 698.707
1567.47 696.579
1566.89 694.502
1566.4 692.397
1565.96 690.288
1565.56 688.151
1564.85 686.092
1564.31 683.986
1563.66 681.896
1563.01 679.794
1562.45 677.657
1561.47 675.707
1559.93 674.036
1559.3 671.845
1557.72 670.264
1556.66 668.386
1555.79 666.397
1554.83 664.443
1553.73 662.564
1552.05 661.139
1550.59 659.576
1549.07 658.089
1547.84 656.371
1546.72 654.58
1545.53 652.87
1543.9 651.528
1542.6 649.933
1541.31 648.324
1540.44 646.481
1539.6 644.638
1538.8 642.779
1538.19 640.878
1537.52 638.995
1537.27 637.005
1537.15 635.003
1536.93 633.005
1536.56 631.03
1536.17 629.029
1535.72 627.034
1535.26 625.025
1535.11 622.961
1534.93 620.894
1534.22 618.94
1533.66 616.942
1533.09 614.95
1532.58 612.944
1532.08 610.925
1531.35 608.961
1530.81 606.938
1530.37 604.894
1529.58 602.989
1528.11 601.428
1527.52 599.449
1526.9 597.476
1526.3 595.533
1525.81 593.576
1525.39 591.607
1524.84 589.68
1524.52 587.697
1524.13 585.722
1523.48 583.824
1522.63 582.023
1521.49 580.395
1519.96 578.985
1520.01 577.137
1521.37 575.578
1522.33 573.825
1523.46 572.201
1524.68 570.617
1526.01 569.127
1527.47 567.647
1528.88 566.109
1530.2 564.52
1531.45 562.86
1532.61 561.123
1533.51 559.185
1534.37 557.2
1535.63 555.465
1537.35 554.066
1538.5 552.243
1539.45 550.292
1540.34 548.322
1540.93 546.238
1541.42 544.141
1541.95 542.054
1542.47 539.968
1542.96 537.869
1543.48 535.753
1544.03 533.67
1545.58 532.042
1546.26 530.045
1546.49 527.922
1546.64 525.794
1546.81 523.677
1547.06 521.572
1547.41 519.491
1547.85 517.434
1548.24 515.379
1548.5 513.318
1548.74 511.264
1548.93 509.206
1549.15 507.154
1549.42 505.106
1549.86 503.077
1550.14 501.033
1550.28 498.973
1550.47 496.913
1550.95 494.902
1551.68 492.934
1552.39 490.966
1552.63 488.92
1551.98 486.884
1551.89 484.795
1552.3 482.707
1552.65 480.601
1552.62 478.452
1552.81 476.313
1553.21 474.195
1553.43 472.06
1553.36 469.92
1552.86 467.824
1552.35 465.72
1552.2 463.566
1552.21 461.413
1552.19 459.259
1552.4 457.137
1553.07 455.09
1553 453.005
1552.58 450.938
1551.96 448.906
1551.2 446.923
1550.47 444.922
1550.12 442.83
1549.74 440.773
1549.14 438.771
1548.51 436.762
1547.77 434.79
1546.91 432.861
1546.22 430.867
1545.22 429.03
1543.83 427.377
1543.27 425.338
1542.26 423.502
1541.28 421.657
1540.62 419.69
1539.85 417.769
1538.81 415.968
1537.91 414.129
1537.56 412.128
1537.23 410.104
1536.15 408.333
1535.41 406.457
1534.88 404.475
1534.09 402.585
1533.35 400.688
1532.25 398.975
1531.15 397.241
1530.18 395.429
1529.18 393.633
1527.87 391.987
1527.2 390.062
1526.58 388.124
1526.02 386.177
1525.87 384.152
1525.83 382.115
1525.82 380.066
1525.77 378.013
1525.56 375.964
1525.01 373.954
1524.54 371.916
1523.95 369.897
1522.95 368.02
1521.85 366.228
1520.83 364.398
1519.58 362.655
1518.76 360.659
1517.66 358.79
1517.08 356.713
1516.66 354.585
1516.16 352.473
1515.31 350.446
1514.54 348.387
1513.61 346.393
1512.04 344.742
1511.41 342.663
1510.98 340.489
1510.37 338.386
1509.59 336.347
1508.67 334.364
1507.57 332.468
1506.4 330.61
1505.24 328.749
1503.95 326.928
1503.28 324.778
1501.7 323.134
1500.65 321.212
1499.72 319.21
1498.67 317.25
1497.54 315.349
1496.18 313.57
1495.61 311.431
1494.87 309.387
1493.52 307.692
1492.05 306.121
1490.36 304.715
1489.21 302.894
1488.21 300.941
1487.21 298.987
1486.02 297.101
1485.21 295.028
1484.39 292.94
1483.22 291.013
1482.2 289.006
1481.23 286.944
1479.71 285.164
1478.47 283.219
1477.14 281.324
1476.18 279.199
1475.06 277.121
1473.57 275.314
1471.67 273.855
1470.16 272.043
1469.02 270.009
1467.97 267.936
1466.82 265.901
1465.86 263.758
1464.52 261.841
1463.24 259.913
1461.45 258.36
1459.96 256.567
1458.56 254.662
1457.22 252.703
1455.38 251.192
1453.28 249.996
1451.47 248.415
1449.47 247.098
1447.75 245.349
1445.73 244.06
1443.64 242.944
1441.39 242.251
1439.16 241.539
1436.88 241.261
1434.6 241.118
1432.33 240.995
1430.06 240.983
1427.84 240.775
1425.67 240.258
1423.59 239.463
1421.48 238.799
1419.38 238.132
1417.23 237.744
1415.08 237.35
1412.93 237.067
1410.77 236.912
1408.63 236.804
1406.51 236.865
1404.49 237.343
1402.63 238.341
1400.66 238.522
1398.92 237.381
1397.12 236.334
1395.19 235.522
1393.17 234.945
1391.07 234.785
1388.95 234.7
1386.85 234.527
1384.75 234.374
1382.66 234.256
1380.57 234.117
1378.5 233.905
1376.44 233.638
1374.42 233.231
1372.39 233.052
1370.35 232.955
1368.3 232.857
1366.25 232.755
1364.22 232.489
1362.26 231.916
1360.33 231.224
1358.4 230.548
1356.4 230.095
1354.33 229.815
1352.31 229.325
1350.47 228.277
1348.66 227.166
1346.73 226.27
1344.83 225.312
1343.16 223.832
1341.07 223.026
1339.42 221.535
1337.65 220.195
1335.77 218.932
1333.69 218.097
1331.72 217.064
1330.01 215.498
1327.94 214.52
1325.97 213.36
1323.92 212.417
1321.86 211.464
1319.71 210.686
1317.5 210.116
1315.44 209.192
1313.75 207.577
1311.75 206.419
1309.98 204.965
1308.5 203.236
1306.93 201.572
1305.45 199.781
1303.49 198.494
1301.73 196.955
1300.06 195.346
1298.13 194.072
1296.03 193.008
1294.28 191.443
1292.63 189.747
1290.81 188.306
1289.09 186.756
1287.15 185.46
1285.21 184.084
1283.05 183.167
1281.35 181.498
1279.29 180.405
1277.25 179.257
1275.26 178.059
1273.3 176.816
1271.4 175.418
1269.56 173.918
1267.53 172.769
1265.48 171.687
1263.37 170.712
1261.13 170.054
1259.03 169.133
1257.38 167.467
1255.66 165.866
1253.57 164.898
1251.48 163.97
1249.54 162.761
1247.49 161.769
1245.36 161.028
1243.26 160.24
1241.19 159.339
1239.27 158.122
1237.28 157.042
1235.25 156.081
1233.37 154.859
1231.44 153.752
1229.34 153.108
1227.15 152.782
1225 152.312
1223.03 151.334
1221.1 150.173
1219.11 149.216
1217.06 148.489
1215.06 147.633
1213.03 146.838
1210.94 146.235
1209.02 145.307
1207.3 143.901
1205.17 143.509
1203.06 142.99
1201.35 141.497
1199.28 140.866
1197.15 140.449
1195.11 139.71
1193.2 138.669
1191.27 137.68
1189.17 137.159
1187.01 136.868
1184.9 136.366
1182.94 135.405
1180.92 134.606
1178.81 134.14
1176.73 133.639
1174.69 132.955
1172.61 132.395
1170.57 131.746
1168.58 130.954
1166.52 130.46
1164.42 130.223
1162.32 130.022
1160.25 129.673
1158.21 129.2
1156.16 128.838
1154.13 128.381
1152.13 127.727
1150.26 126.787
1148.32 126.023
1146.28 125.621
1144.22 125.306
1142.2 124.87
1140.15 124.587
1138.11 124.232
1136.13 123.614
1134.17 122.89
1132.15 122.415
1130.08 122.085
1128.03 121.681
1125.98 121.28
1123.9 121.05
1121.8 120.782
1119.69 120.618
1117.57 120.713
1115.45 120.948
1113.32 121.132
1111.18 121.245
1109.04 121.216
1106.9 121.101
1104.75 120.973
1102.61 120.837
1100.46 120.773
1098.32 120.75
1096.17 120.683
1094.04 120.556
1091.91 120.545
1089.79 120.727
1087.71 121.146
1085.65 121.594
1083.57 121.856
1081.53 122.162
1079.64 122.859
1077.97 124.045
1076.15 124.854
1074.16 125.131
1072.14 125.099
1070.1 125.148
1068.14 125.637
1066.49 126.975
1064.51 127.447
1062.54 127.894
1060.6 128.442
1058.69 128.976
1056.75 129.319
1054.83 129.769
1052.87 130.104
1050.91 130.275
1048.95 130.242
1046.99 129.939
1045.01 129.744
1043.03 129.653
1041.04 129.591
1039.04 129.558
1037.02 129.561
1034.99 129.564
1032.96 129.564
1030.91 129.562
1028.87 129.57
1026.82 129.59
1024.77 129.604
1022.72 129.584
1020.67 129.56
1018.62 129.584
1016.58 129.683
1014.56 130.025
1012.52 130.248
1010.48 130.393
1008.46 130.631
1006.48 131.051
1004.5 131.473
1002.53 131.887
1000.56 132.224
998.6 132.54
996.643 132.82
994.681 132.941
992.718 132.907
990.75 132.861
988.767 132.91
986.785 133.019
984.807 133.204
982.847 133.567
980.876 133.728
978.893 133.758
976.907 133.75
974.914 133.784
972.899 133.958
970.876 133.849
968.843 133.788
966.812 133.93
964.8 134.121
962.779 134.229
960.748 134.222
958.717 134.186
956.684 134.311
954.664 134.638
952.639 134.981
950.601 135.257
948.546 135.325
946.491 135.297
944.438 135.26
942.384 135.239
940.328 135.231
938.275 135.241
936.23 135.333
934.211 135.622
932.268 136.219
930.368 136.945
928.389 137.308
926.369 137.217
924.351 137.007
922.326 136.976
920.292 137.038
918.257 137.096
916.209 137.142
914.163 137.237
912.126 137.472
910.135 138.024
908.107 138.461
906.073 138.914
904.058 139.486
902.054 140.065
900.007 140.434
897.953 140.71
895.908 140.968
893.905 141.41
891.962 142.132
889.931 142.083
887.911 141.562
885.868 141.634
883.836 141.85
881.897 142.457
880.145 143.521
878.481 144.726
876.541 145.195
874.519 145.111
872.499 144.833
870.465 144.546
868.408 144.545
866.36 144.854
864.316 145.223
862.29 145.707
860.227 146.002
858.164 146.211
856.103 146.431
854.065 146.816
852.096 147.497
850.101 148.089
848.042 148.381
845.982 148.604
843.922 148.851
841.869 149.145
839.822 149.509
837.828 150.041
835.851 150.671
833.84 151.167
831.782 151.469
829.777 152.032
827.79 152.65
825.774 153.099
823.744 153.457
821.758 153.964
819.729 154.306
817.683 154.595
815.649 154.959
813.636 155.457
811.634 156.031
809.609 156.51
807.573 156.95
805.518 157.242
803.446 157.387
801.385 157.659
799.424 158.398
797.531 159.375
795.638 160.321
793.651 160.983
791.603 161.406
789.573 161.862
787.534 162.2
785.478 162.461
783.411 162.77
781.394 163.305
779.416 163.989
777.42 164.597
775.447 165.294
773.404 165.703
771.345 165.996
769.342 166.555
767.427 167.422
765.515 168.315
763.485 168.826
761.417 169.127
759.362 169.491
757.331 169.982
755.277 170.386
753.259 170.938
751.333 171.824
749.346 172.55
747.335 173.2
745.453 174.161
743.626 175.284
741.668 176.142
739.609 176.642
737.549 177.073
735.489 177.498
733.447 178.025
731.354 178.379
729.303 178.908
727.368 179.821
725.367 180.531
723.286 180.99
721.266 181.647
719.509 182.95
717.5 183.663
715.46 184.307
713.468 185.026
711.453 185.63
709.531 186.469
707.668 187.443
705.763 188.358
703.794 189.128
701.824 189.91
699.956 190.956
697.88 191.42
695.784 191.858
694.041 193.179
692.074 193.886
690.06 194.413
688.055 195.019
686.118 195.845
684.188 196.65
682.292 197.548
680.645 198.941
678.649 199.618
676.862 200.773
674.927 201.552
672.951 202.215
671.06 203.182
669.155 204.163
667.106 204.775
665.107 205.48
663.378 206.787
661.446 207.709
659.513 208.608
657.488 209.221
655.44 209.811
653.532 210.776
651.726 211.938
649.877 213.023
648.002 214.094
646.102 215.085
644.089 215.831
642.372 217.187
640.367 217.912
638.419 218.796
636.548 219.868
634.578 220.759
632.657 221.752
630.966 223.197
628.829 223.844
627.156 225.34
625.284 226.46
623.322 227.472
621.289 228.357
619.168 229.002
617.132 229.855
615.316 231.237
613.096 231.828
611.419 233.376
609.546 234.549
607.548 235.552
605.517 236.493
603.608 237.598
601.99 239.211
599.937 240.132
598.105 241.457
596.059 242.322
594.017 243.21
592.101 244.367
590.128 245.401
587.99 245.936
585.88 246.61
583.878 247.586
582.158 249.056
580.065 249.747
577.938 250.418
575.918 251.427
573.897 252.386
571.729 252.942
569.606 253.666
567.772 255.066
565.757 256.043
563.617 256.716
561.435 257.216
559.27 257.791
557.166 258.579
555.117 259.547
553.114 260.591
551.128 261.693
549.26 263.051
547.379 264.374
545.272 265.24
543.115 266.037
541.066 267.115
539.173 268.459
537.326 269.853
535.532 271.384
533.596 272.671
531.695 273.96
529.717 275.101
527.676 276.184
525.457 276.865
523.406 277.879
521.517 279.286
519.23 279.946
517.485 281.582
515.659 283.047
513.747 284.434
511.703 285.658
510.041 287.374
508.366 289.026
506.429 290.309
504.44 291.531
502.532 292.87
500.733 294.382
498.857 295.794
497.276 297.606
495.262 298.87
493.182 300.081
491.234 301.451
489.488 303.14
487.195 303.956
485.337 305.584
483.393 307.042
481.399 308.428
479.224 309.58
477.438 311.294
475.751 313.074
473.664 314.254
471.369 315.093
469.2 316.22
467.195 317.588
465.541 319.435
463.718 321.113
461.657 322.444
459.705 323.902
457.758 325.367
455.895 327.013
453.557 327.772
451.766 329.42
449.817 330.826
447.797 332.195
445.896 333.696
444.345 335.563
442.877 337.517
441.275 339.308
439.247 340.655
437.094 341.837
435.335 343.571
433.634 345.388
431.452 346.552
429.299 347.771
427.367 349.281
425.765 351.196
423.793 352.681
421.906 354.212
420.097 355.788
418.256 357.312
416.695 359.145
415.095 360.909
413.099 362.247
411.249 363.743
409.493 365.341
407.843 367.098
406.153 368.701
404.209 369.985
402.231 371.207
400.328 372.579
398.378 373.876
396.568 375.396
394.928 377.103
393.235 378.704
391.286 380.038
389.258 381.282
387.757 383.138
386.141 384.839
384.354 386.343
382.573 387.856
380.704 389.288
379.119 391.066
377.295 392.499
375.406 393.904
373.496 395.275
371.876 396.935
370.534 398.866
369.078 400.653
367.334 402.2
365.45 403.611
363.859 405.288
362.538 407.225
361.113 409.033
359.281 410.424
357.356 411.738
355.739 413.366
354.469 415.32
353.222 417.277
351.309 418.587
349.288 419.79
347.53 421.283
346.238 423.23
344.99 425.193
343.145 426.612
341.205 427.955
339.54 429.573
338.104 431.452
336.506 433.188
334.656 434.624
332.87 436.149
331.367 437.927
330.297 440.045
329.146 442.121
327.358 443.707
325.489 445.233
324.129 447.219
322.666 449.093
321.198 450.917
319.647 452.722
318.57 454.873
316.655 456.277
314.979 457.942
313.388 459.673
311.645 461.3
310.249 463.242
308.718 465.043
307.247 466.868
306.17 468.943
305.251 471.113
303.676 472.879
302.234 474.709
300.759 476.499
299.379 478.348
298.277 480.374
297.252 482.459
295.605 484.124
293.907 485.717
292.749 487.694
291.789 489.793
290.744 491.833
289.986 493.971
289.099 496.068
287.451 497.72
285.867 499.395
284.865 501.435
283.775 503.465
282.515 505.381
281.236 507.245
279.641 508.923
278.89 511.095
277.604 512.995
276.605 515.004
275.552 516.984
274.451 518.937
273.383 520.9
272.299 522.815
271.534 524.874
270.751 526.94
269.028 528.384
267.7 530.138
266.63 532.071
265.892 534.155
265.085 536.23
263.654 538.012
262.57 540.01
260.966 541.652
259.69 543.558
258.473 545.516
257.099 547.343
255.455 549.003
253.931 550.783
252.676 552.714
251.5 554.688
250.424 556.722
249.465 558.812
247.948 560.551
246.742 562.49
245.874 564.581
245.26 566.768
243.998 568.646
242.663 570.46
241.837 572.539
241.08 574.669
239.606 576.423
238.711 578.492
237.972 580.611
237.352 582.747
236.323 584.712
235.265 586.657
234.428 588.704
233.766 590.811
233.132 592.912
232.35 594.958
231.321 596.909
230.309 598.86
229.413 600.852
228.829 602.932
228.364 605.051
227.679 607.105
226.866 609.111
226.372 611.2
225.97 613.307
225.422 615.38
224.667 617.381
223.686 619.288
223.181 621.364
222.824 623.486
221.6 625.292
220.75 627.253
219.98 629.248
219.18 631.229
218.579 633.269
218.191 635.35
217.907 637.443
217.505 639.5
217.269 641.556
217.123 643.607
216.904 645.649
216.52 647.672
215.973 649.668
215.367 651.624
214.501 653.491
213.646 655.371
212.99 657.332
212.66 659.388
212.376 661.466
211.982 663.528
211.394 665.553
210.812 667.584
210.376 669.64
209.931 671.68
209.662 673.746
209.554 675.822
209.435 677.898
209.121 679.949
208.656 681.979
208.006 683.959
207.518 685.968
206.971 687.948
206.406 689.924
206.004 691.926
205.799 693.961
205.333 695.947
205.016 697.961
204.87 699.994
204.769 702.035
204.695 704.079
204.518 706.105
204.103 708.1
203.451 710.051
202.764 711.991
202.463 714.039
202.292 716.107
202.082 718.177
201.619 720.219
201.345 722.297
201.17 724.394
201.144 726.509
201.2 728.613
201.115 730.705
200.909 732.799
200.634 734.893
200.443 736.996
200.322 739.089
200.62 741.142
201.316 743.079
202.498 744.829
202.501 746.761
201.206 748.355
199.933 749.97
199.097 751.849
198.318 753.765
197.896 755.81
197.552 757.883
196.958 759.931
196.642 762.064
196.85 764.21
197.334 766.326
197.841 768.438
198.488 770.505
199.051 772.575
199.193 774.676
198.673 776.678
197.416 778.388
196.608 780.269
196.335 782.297
196.353 784.352
196.279 786.397
196.114 788.443
195.946 790.493
195.75 792.54
195.303 794.55
194.862 796.557
194.723 798.597
194.716 800.641
194.63 802.676
194.481 804.705
194.36 806.73
194.302 808.744
194.342 810.759
194.438 812.78
194.563 814.807
194.672 816.83
194.72 818.855
194.734 820.879
194.746 822.901
194.724 824.921
194.714 826.939
194.721 828.956
194.748 830.971
194.755 832.983
194.758 834.993
194.763 837.003
194.726 839.012
194.574 841.01
194.331 842.994
194.125 844.973
194.002 846.96
193.912 848.945
193.89 850.94
193.887 852.936
193.871 854.936
193.91 856.938
193.928 858.944
193.912 860.951
193.796 862.957
193.592 864.937
193.548 866.927
193.531 868.924
193.434 870.924
193.224 872.918
193.155 874.926
193.097 876.941
192.957 878.963
192.704 880.992
192.604 883.034
192.654 885.08
192.847 887.12
193.041 889.155
193.067 891.198
193.079 893.24
193.198 895.279
193.371 897.323
193.455 899.358
193.56 901.369
193.784 903.356
194.175 905.323
194.611 907.287
195.242 909.21
195.913 911.135
196.286 913.117
196.422 915.128
196.516 917.134
196.54 919.134
196.509 921.144
196.499 923.156
196.494 925.171
196.445 927.187
196.323 929.215
196.124 931.24
195.802 933.255
195.416 935.265
195.107 937.292
194.992 939.344
194.993 941.404
195.075 943.47
195.18 945.544
195.197 947.626
195.091 949.71
194.854 951.791
194.857 953.876
195.194 955.945
195.689 957.99
196.153 960.04
196.418 962.12
196.619 964.205
196.917 966.276
197.48 968.29
197.716 970.351
197.974 972.395
198.722 974.315
199.611 976.179
200.357 978.121
200.791 980.155
201.088 982.226
201.514 984.281
201.858 986.356
202.058 988.462
202.309 990.558
202.766 992.625
203.635 994.573
204.363 996.58
204.811 998.662
205.214 1000.75
205.631 1002.85
206.511 1004.84
207.365 1006.85
208.18 1008.84
208.838 1010.9
209.197 1013.03
209.686 1015.11
210.637 1017.05
211.649 1018.97
212.495 1020.96
213.19 1023.01
214.024 1024.96
215.179 1026.76
216.342 1028.57
217.145 1030.54
217.801 1032.55
218.503 1034.55
219.441 1036.46
220.542 1038.29
221.589 1040.15
222.425 1042.14
223.476 1044.04
224.588 1045.9
225.519 1047.85
226.209 1049.93
226.986 1051.97
227.968 1053.94
228.686 1056.04
229.677 1057.99
231.288 1059.61
232.221 1061.62
233.299 1063.58
234.068 1065.68
234.877 1067.74
236.065 1069.62
237.158 1071.56
238.006 1073.61
239.176 1075.51
240.405 1077.37
241.325 1079.4
242.153 1081.47
243.16 1083.44
244.322 1085.35
245.303 1087.36
246.238 1089.38
247.37 1091.31
248.646 1093.18
249.596 1095.21
250.436 1097.3
251.418 1099.31
252.455 1101.31
253.494 1103.3
255.104 1104.95
255.925 1107.04
257.561 1108.64
258.778 1110.51
259.887 1112.46
260.913 1114.42
262.183 1116.22
263.631 1117.9
265.2 1119.52
266.409 1121.4
267.771 1123.12
269.222 1124.76
270.962 1126.15
271.831 1128.13
273.133 1129.92
274.186 1131.8
275.286 1133.64
276.419 1135.48
277.077 1137.51
277.312 1139.65
277.698 1141.74
278.753 1143.64
279.425 1145.7
280.226 1147.71
281.037 1149.71
281.597 1151.81
282.204 1153.89
282.845 1155.98
283.769 1157.98
284.655 1160.01
285.157 1162.17
285.647 1164.33
286.802 1166.26
287.635 1168.31
289.043 1170.1
289.815 1172.16
290.286 1174.32
290.906 1176.42
291.852 1178.41
292.671 1180.46
293.622 1182.43
295.127 1184.08
295.9 1186.15
297.264 1187.91
298.186 1189.88
299.163 1191.86
300.288 1193.75
301.549 1195.51
303.124 1197.07
303.798 1199.18
305.359 1200.67
306.664 1202.31
307.942 1203.97
309.001 1205.75
310.004 1207.59
311.329 1209.2
312.502 1210.89
313.144 1212.81
313.492 1214.81
314.043 1216.76
314.224 1218.78
314.236 1220.8
314.234 1222.81
314.253 1224.83
314.327 1226.85
314.443 1228.86
314.671 1230.87
315.064 1232.85
315.552 1234.82
316.049 1236.77
316.422 1238.75
316.802 1240.71
317.015 1242.69
317.021 1244.68
316.922 1246.68
316.898 1248.69
316.933 1250.71
316.97 1252.75
317.083 1254.8
317.275 1256.84
317.342 1258.9
317.65 1260.9
318.613 1262.72
319.6 1264.51
320.441 1266.34
321.19 1268.18
321.482 1270.13
321.141 1272.1
320.889 1274.1
320.957 1276.12
321.073 1278.15
321.076 1280.21
321.145 1282.27
321.24 1284.33
321.399 1286.39
321.807 1288.43
322.021 1290.5
322.062 1292.59
322.078 1294.67
322.109 1296.75
322.273 1298.82
322.583 1300.87
323.049 1302.91
323.713 1304.89
324.287 1306.9
324.676 1308.96
324.99 1311.03
325.529 1313.03
326.663 1314.85
327.031 1316.83
326.02 1318.76
325.73 1320.8
325.714 1322.87
325.759 1324.94
325.977 1326.98
326.673 1328.93
327.909 1330.69
328.378 1332.73
328.565 1334.83
328.785 1336.92
328.953 1339.01
329.098 1341.11
329.4 1343.19
329.879 1345.26
330.157 1347.37
330.365 1349.49
330.602 1351.63
330.791 1353.79
330.902 1355.98
331.121 1358.17
331.669 1360.32
332.311 1362.44
333.101 1364.5
334.298 1366.38
335.118 1368.45
336.027 1370.51
336.717 1372.65
337.272 1374.82
337.87 1376.99
338.354 1379.19
338.894 1381.4
339.663 1383.56
340.48 1385.7
341.483 1387.75
343.061 1389.49
343.71 1391.73
345.116 1393.55
346.408 1395.39
347.872 1397.08
349.307 1398.78
350.593 1400.57
351.426 1402.63
351.919 1404.86
352.94 1406.93
353.894 1409.02
354.927 1411.07
356.162 1413.06
357.348 1415.09
359.27 1416.5
360.659 1418.39
362.176 1420.17
363.762 1421.88
365.225 1423.73
366.809 1425.54
368.169 1427.48
369.724 1429.3
370.76 1431.46
371.972 1433.51
373.48 1435.31
375.373 1436.78
377.197 1438.32
378.765 1440.08
380.092 1442.13
381.68 1443.94
383.53 1445.52
385.198 1447.32
386.724 1449.19
388.33 1450.96
389.847 1452.8
391.51 1454.55
393.339 1456.14
394.704 1458.17
396.47 1459.8
398.673 1460.8
400.842 1461.85
402.567 1463.54
404.224 1465.29
406.119 1466.69
408.068 1468.05
410.116 1469.31
411.735 1471.11
413.659 1472.43
415.501 1473.92
417.216 1475.55
418.727 1477.35
420.358 1479.01
422.231 1480.36
423.982 1481.91
426.14 1482.85
428.241 1483.9
430.375 1484.84
432.435 1485.92
434.164 1487.52
435.719 1489.28
437.541 1490.7
439.502 1491.98
441.451 1493.25
443.034 1495.02
445.194 1495.91
447.053 1497.39
449.164 1498.35
451.309 1499.22
453.405 1500.2
455.592 1500.95
457.57 1502.1
459.295 1503.63
460.925 1505.31
462.971 1506.36
465.13 1507.18
467.165 1508.23
469.263 1509.11
471.278 1510.16
473.032 1511.64
474.714 1513.17
476.73 1514.16
478.706 1515.29
480.686 1516.38
482.876 1516.83
485.111 1517.11
487.27 1517.7
489.223 1518.79
491.171 1519.83
492.71 1521.49
494.606 1522.56
496.585 1523.5
498.638 1524.22
500.772 1524.62
502.907 1524.97
504.883 1525.7
506.492 1527.15
508.312 1528.24
510.142 1529.33
512.159 1530.02
514.229 1530.51
516.305 1531.01
518.323 1531.72
520.37 1532.37
522.381 1533.04
524.277 1534
525.94 1535.44
527.916 1536.32
529.935 1537.24
532.106 1537.57
534.271 1537.86
536.321 1538.59
538.281 1539.55
540.281 1540.42
542.347 1541.07
544.457 1541.61
546.61 1541.85
548.743 1542.2
550.763 1542.94
552.595 1543.99
554.131 1545.61
556.126 1546.39
558.237 1546.89
560.318 1547.53
562.383 1548.17
564.479 1548.62
566.54 1549.13
568.562 1549.76
570.604 1550.34
572.725 1550.62
574.812 1551.08
576.714 1551.98
578.418 1553.33
580.461 1553.98
582.438 1554.83
584.285 1556
586.36 1556.54
588.515 1556.75
590.628 1557.11
592.586 1557.95
594.369 1559.2
596.335 1559.97
598.28 1560.85
600.351 1561.2
602.462 1561.2
604.564 1561.22
606.604 1561.56
608.597 1562.18
610.646 1562.49
612.698 1562.78
614.68 1563.34
616.612 1564.06
618.561 1564.63
620.542 1565.11
622.539 1565.54
624.546 1566
626.59 1566.32
628.591 1566.83
630.522 1567.54
632.33 1568.49
633.956 1569.79
635.859 1570.58
637.85 1571.19
639.917 1571.57
642.044 1571.58
644.108 1571.93
646.072 1572.62
648.006 1573.37
650.064 1573.71
652.164 1573.71
654.252 1573.64
656.321 1573.75
658.347 1574.21
660.251 1575.11
662.206 1575.89
664.18 1576.58
666.217 1576.98
668.283 1577.16
670.317 1577.42
672.333 1577.73
674.349 1577.44
676.364 1576.92
678.344 1577.37
680.225 1578.2
682.137 1579
684.039 1579.84
686.036 1580.46
688.129 1580.74
690.242 1580.81
692.355 1580.9
694.435 1581.17
696.435 1581.74
698.446 1582.02
700.47 1581.87
702.491 1581.52
704.466 1581.8
706.241 1582.74
707.837 1584.04
709.615 1585.03
711.593 1585.59
713.614 1586.05
715.691 1586.11
717.779 1586.08
719.864 1586.1
721.932 1586.12
723.992 1586.07
726.051 1585.91
728.1 1585.8
730.128 1585.84
732.142 1586.09
734.156 1586.35
736.179 1586.56
738.207 1586.74
740.22 1587.06
742.203 1587.55
744.168 1588.1
746.194 1588.41
748.238 1588.55
750.287 1588.62
752.332 1588.62
754.368 1588.69
756.395 1588.83
758.407 1589.04
760.418 1589.41
762.469 1589.6
764.52 1589.71
766.575 1589.79
768.613 1589.87
770.65 1589.93
772.688 1589.94
774.732 1589.94
776.772 1590.07
778.814 1590.27
780.871 1590.31
782.921 1590.15
784.963 1590.06
787.005 1590.15
789.048 1590.28
791.093 1590.36
793.133 1590.16
795.171 1590.04
797.174 1590.42
799.147 1590.94
801.17 1590.78
803.19 1590.52
805.217 1590.45
807.216 1590.77
809.164 1591.33
811.118 1591.82
813.02 1592.52
814.977 1593.03
816.991 1593.15
819.007 1593.15
821.008 1592.97
822.92 1592.34
824.746 1591.42
826.689 1590.88
828.693 1591.04
830.628 1591.69
832.54 1592.38
834.508 1592.91
836.543 1593.1
838.596 1593.08
840.667 1593.02
842.739 1593.12
844.815 1593.15
846.856 1592.8
848.799 1591.8
850.857 1591.71
852.725 1592.79
854.615 1593.75
856.68 1594.05
858.73 1593.69
860.556 1592.54
862.524 1591.79
864.645 1591.8
866.775 1591.91
868.898 1591.89
870.998 1591.79
873.088 1591.79
875.168 1591.77
877.233 1591.7
879.277 1591.84
881.24 1592.36
883.23 1592.6
885.232 1592.59
887.221 1592.38
889.188 1592.05
891.168 1591.85
893.155 1591.8
895.132 1591.68
897.124 1591.54
899.141 1591.59
901.174 1591.69

821

866.659 1360.81
864.715 1360.36
862.782 1359.87
860.834 1359.47
858.851 1359.4
856.911 1359.88
854.989 1360.46
853.02 1360.83
851.023 1361.05
849.012 1361.11
846.995 1361.14
844.977 1361.16
842.954 1361.13
840.928 1361.13
838.899 1361.13
836.868 1361.14
834.835 1361.14
832.8 1361.13
830.766 1361.12
828.731 1361.13
826.699 1361.15
824.668 1361.17
822.643 1361.18
820.625 1361.13
818.635 1360.81
816.787 1360.01
815.07 1358.87
813.084 1358.46
811.048 1358.4
809.019 1358.32
806.992 1358.3
804.969 1358.37
802.95 1358.47
800.938 1358.47
798.936 1358.21
796.922 1358.15
794.901 1358.3
792.882 1358.53
790.859 1358.71
788.834 1358.48
786.805 1358.24
784.769 1358.2
782.733 1358.14
780.7 1357.86
778.669 1357.67
776.631 1357.64
774.601 1357.71
772.579 1357.76
770.556 1357.81
768.529 1357.79
766.492 1357.68
764.444 1357.62
762.405 1357.48
760.376 1357.23
758.405 1356.74
756.4 1356.5
754.385 1356.3
752.399 1355.9
750.486 1355.2
748.501 1354.8
746.488 1354.61
744.471 1354.55
742.447 1354.63
740.423 1354.58
738.408 1354.4
736.415 1354.08
734.436 1353.6
732.408 1353.37
730.363 1353.33
728.317 1353.53
726.298 1353.88
724.268 1353.96
722.226 1353.9
720.185 1353.68
718.174 1353.32
716.153 1353.03
714.232 1352.34
712.421 1351.27
710.386 1350.97
708.342 1350.73
706.327 1350.33
704.33 1349.85
702.334 1349.37
700.288 1349.1
698.239 1348.89
696.183 1348.73
694.155 1348.51
692.12 1348.3
690.079 1348.05
688.026 1347.86
685.973 1347.7
683.928 1347.39
681.898 1347.02
679.86 1346.71
677.843 1346.34
675.892 1345.75
674.037 1344.86
672.032 1344.74
670.036 1345.19
668.016 1345.15
666.031 1344.57
664.023 1344.02
661.914 1343.9
659.886 1343.39
657.872 1342.86
655.853 1342.32
653.8 1341.98
651.718 1341.92
649.643 1341.81
647.587 1341.48
645.569 1340.98
643.502 1340.78
641.421 1340.63
639.374 1340.26
637.379 1339.62
635.446 1338.77
633.442 1338.15
631.437 1337.52
629.364 1337.11
627.29 1336.69
625.245 1336.13
623.269 1335.35
621.342 1334.4
619.264 1333.88
617.138 1333.62
615.042 1333.19
613.002 1332.64
611.014 1331.88
609.173 1330.79
607.276 1329.78
605.206 1329.26
603.061 1329.04
600.949 1328.63
598.913 1327.92
596.838 1327.22
594.736 1326.63
592.702 1325.86
590.66 1325.1
588.689 1324.14
586.786 1322.97
584.755 1322.06
582.648 1321.28
580.55 1320.44
578.448 1319.55
576.309 1318.64
574.106 1317.86
571.788 1317.56
569.55 1317
567.612 1315.67
565.892 1314
564.048 1312.55
562.087 1311.18
560.357 1309.42
558.192 1308.28
556.139 1306.96
554.252 1305.4
552.628 1303.49
550.836 1301.74
548.614 1300.57
546.435 1299.29
544.84 1297.37
543.463 1295.22
542.903 1292.78
543.334 1290.19
544.098 1287.61
545.333 1285.37
547.651 1284.53
550.146 1284.4
552.61 1284.4
555.038 1284.34
557.433 1284.42
559.771 1284.8
562.103 1285.01
564.236 1284.22
565.79 1282.43
567.57 1280.99
569.27 1279.37
571.073 1277.93
573.207 1277.13
575.311 1276.23
577.294 1275.09
579.465 1274.6
581.674 1274.43
583.877 1274.37
586.05 1274.41
588.218 1274.53
590.382 1274.64
592.539 1274.72
594.685 1274.65
596.812 1274.48
598.928 1274.36
601.034 1274.27
603.131 1274.19
605.215 1274.06
607.289 1273.81
609.39 1273.58
611.488 1273.41
613.542 1273.03
615.467 1272.13
617.452 1271.43
619.438 1270.75
621.289 1269.74
623.198 1268.84
625.012 1267.76
626.879 1266.79
628.914 1266.24
630.95 1265.75
633.008 1265.34
635.101 1265.28
637.195 1265.33
639.292 1265.38
641.396 1265.41
643.498 1265.4
645.599 1265.27
647.706 1265.19
649.812 1265.1
651.945 1265.08
654.072 1265.19
656.112 1265.7
658.088 1266.39
659.982 1267.3
661.888 1268.2
663.945 1268.62
666.012 1268.87
668.026 1269.3
669.845 1270.29
671.68 1271.23
673.72 1271.51
675.765 1271.66
677.808 1271.72
679.839 1271.8
681.847 1272.13
683.799 1272.74
685.796 1273.07
687.813 1273.17
689.824 1273.22
691.829 1273.29
693.825 1273.45
695.775 1273.92
697.701 1274.49
699.672 1274.94
701.587 1275.59
703.451 1276.36
705.342 1277.12
707.347 1277.36
709.371 1277.44
711.393 1277.47
713.393 1277.47
715.393 1277.48
717.393 1277.45
719.387 1277.27
721.369 1277.02
723.368 1276.98
725.375 1276.99
727.381 1277.15
729.337 1277.68
730.996 1279.04
733.003 1279.26
735.046 1279.17
736.972 1278.54
738.747 1277.49
740.731 1277.19
742.746 1277.14
744.771 1277.15
746.796 1277.13
748.811 1277.09
750.811 1276.95
752.794 1276.55
754.748 1275.94
756.726 1275.45
758.729 1275.12
760.757 1274.98
762.804 1274.87
764.85 1274.72
766.893 1274.63
768.933 1274.66
770.977 1274.82
773.03 1274.93
775.094 1274.89
777.143 1274.8
779.173 1275.04
781.147 1275.66
783.15 1276.17
785.18 1276.21
787.164 1275.68
789.121 1274.99
791.148 1274.74
793.184 1274.91
795.174 1275.45
797.152 1276.05
799.168 1276.44
801.18 1276.72
803.183 1276.95
805.179 1277.19
807.141 1277.54
809.011 1278.25
810.944 1278.26
812.831 1277.63
814.793 1277.39
816.768 1277.17
818.755 1276.95
820.745 1276.71
822.743 1276.46
824.715 1276.01
826.593 1275.22
828.51 1274.53
830.468 1273.99
832.428 1273.39
834.343 1272.69
836.106 1271.62
837.806 1270.41
839.67 1269.53
841.673 1268.93
843.697 1268.39
845.626 1267.56
847.483 1266.55
849.434 1265.79
851.4 1265.09
853.133 1263.82
855.209 1263.22
856.713 1261.69
858.445 1260.56
860.192 1259.46
861.909 1258.34
863.677 1257.25
865.142 1255.73
866.607 1254.3
868.134 1252.91
869.448 1251.37
870.677 1249.77
871.597 1247.92
873.247 1246.7
874.443 1245.12
875.513 1243.44
876.353 1241.65
876.76 1239.71
876.996 1237.74
877.189 1235.75
877.218 1233.72
877.092 1231.68
877.117 1229.63
877.465 1227.62
877.834 1225.61
877.506 1223.6
877.106 1221.61
876.929 1219.6
877.092 1217.58
877.528 1215.59
877.694 1213.58
877.479 1211.56
877.295 1209.52
877.25 1207.46
877.315 1205.38
877.422 1203.29
877.459 1201.21
877.323 1199.11
877.57 1197.06
878.992 1195.36
879.5 1193.34
879.468 1191.21
879.517 1189.11
879.831 1187.02
880.383 1184.98
880.868 1182.93
881.089 1180.82
881.229 1178.71
881.49 1176.61
882.137 1174.58
882.678 1172.52
883.281 1170.47
883.943 1168.42
884.46 1166.33
884.749 1164.2
884.944 1162.05
885.313 1159.93
885.831 1157.85
886.57 1155.81
887.423 1153.79
888.11 1151.69
888.968 1149.65
889.24 1147.46
889.481 1145.27
890.156 1143.16
891.137 1141.15
892.349 1139.23
893.612 1137.34
895.266 1135.71
897.046 1134.23
897.804 1132.12
898.082 1129.86
898.398 1127.62
899.127 1125.49
900.373 1123.58
901.69 1121.71
903.266 1119.97
904.129 1117.86
904.833 1115.68
905.451 1113.47
906.852 1111.71
908.969 1110.72
910.928 1109.45
912.961 1108.41
914.754 1107.02
916.418 1105.48
917.682 1103.57
919.033 1101.71
919.952 1099.62
921.788 1098.25
923.747 1096.99
925.512 1095.43
927.207 1093.77
927.974 1091.52
929.249 1089.56
930.74 1087.76
932.872 1086.92
935.129 1086.77
937.38 1087.27
939.646 1087.43
941.906 1087.42
944.146 1087.31
946.365 1087.1
948.574 1086.89
950.777 1086.94
952.961 1087.11
955.129 1087.29
957.287 1087.43
959.432 1087.61
961.551 1087.86
963.645 1088.22
965.734 1088.55
967.839 1088.67
969.919 1088.89
971.984 1089.07
974.035 1089.23
976.055 1089.62
978.094 1089.93
980.131 1090.18
982.169 1090.4
984.221 1090.51
986.278 1090.47
988.323 1090.35
990.356 1090.32
992.379 1090.46
994.402 1090.63
996.422 1090.87
998.403 1091.31
1000.37 1091.83
1002.38 1092.05
1004.41 1092.03
1006.44 1092.02
1008.46 1092.13
1010.47 1092.31
1012.49 1092.48
1014.49 1092.71
1016.46 1093.2
1018.47 1093.44
1020.49 1093.6
1022.53 1093.71
1024.55 1093.79
1026.57 1093.77
1028.58 1093.71
1030.59 1093.67
1032.59 1093.69
1034.6 1093.75
1036.58 1094.02
1038.49 1094.72
1040.4 1095.43
1042.43 1095.79
1044.43 1096.18
1046.41 1096.71
1048.44 1097.03
1050.49 1097.13
1052.52 1097.24
1054.55 1097.36
1056.59 1097.49
1058.65 1097.56
1060.7 1097.58
1062.76 1097.67
1064.81 1097.94
1066.87 1098.09
1068.93 1098.13
1070.98 1098.15
1073.04 1098.23
1075.1 1098.33
1077.17 1098.43
1079.24 1098.66
1081.25 1099.18
1083.24 1099.85
1085.25 1100.45
1087.23 1101.15
1089.12 1101.98
1090.93 1103.01
1092.92 1103.61
1094.99 1103.84
1097.05 1104.11
1099.1 1104.54
1101.14 1104.98
1103.2 1105.23
1105.28 1105.42
1107.36 1105.51
1109.46 1105.55
1111.55 1105.79
1113.54 1106.38
1115.45 1107.2
1117.33 1108.15
1119.37 1108.59
1121.45 1108.75
1123.55 1108.78
1125.65 1108.89
1127.72 1109.34
1129.82 1109.61
1131.91 1109.87
1133.91 1110.56
1135.91 1111.25
1138.04 1111.59
1140.1 1112.16
1142.02 1113.16
1143.94 1114.17
1145.91 1115.21
1147.8 1116.35
1149.82 1117.17
1151.84 1118.02
1153.78 1119.11
1155.76 1120
1157.68 1121.07
1159.77 1121.65
1161.93 1122.06
1163.98 1122.77
1165.72 1124.1
1167.54 1125.33
1169.47 1126.34
1171.35 1127.48
1173.45 1128.1
1175.58 1128.6
1177.74 1128.97
1179.91 1129.21
1181.99 1129.73
1183.82 1130.99
1185.58 1132.35
1187.44 1133.54
1189.14 1135.08
1191.33 1135.49
1193.56 1135.71
1195.72 1136.27
1197.8 1137.04
1199.89 1137.72
1202 1138.47
1203.99 1139.5
1205.89 1140.67
1207.84 1141.82
1209.71 1143.16
1211.6 1144.44
1213.67 1145.34
1215.76 1146.24
1217.75 1147.4
1219.72 1148.58
1221.71 1149.74
1223.52 1151.24
1225.7 1152.02
1227.92 1152.72
1230.16 1153.3
1232.31 1154.17
1234.18 1155.56
1235.84 1157.19
1237.23 1159.11
1239.09 1160.48
1240.94 1161.86
1242.84 1163.11
1244.67 1164.51
1246.53 1165.87
1248.17 1167.57
1249.96 1169.15
1252.12 1170.04
1254.44 1170.47
1256.75 1170.99
1258.87 1172.04
1260.96 1173.14
1262.88 1174.56
1264.96 1175.63
1266.65 1177.25
1268.37 1178.76
1269.94 1180.43
1271.78 1181.87
1273.39 1183.61
1274.4 1185.76
1275.64 1187.77
1276.8 1189.81
1277.92 1191.91
1279.51 1193.74
1281.09 1195.57
1282.36 1197.58
1283.61 1199.66
1284.77 1201.79
1286.02 1203.87
1287.76 1205.67
1289.27 1207.71
1290.36 1210.04
1291.27 1212.51
1292.5 1214.89
1293.16 1217.4
1292.67 1219.86
1290.94 1221.82
1289.63 1223.98
1289.23 1226.5
1288.66 1228.92
1287.51 1231.14
1285.99 1233.09
1285.36 1235.4
1284.72 1237.68
1283.43 1239.69
1281.82 1241.43
1279.75 1242.54
1277.59 1243.49
1275.48 1244.5
1273.43 1245.59
1271.66 1247.17
1269.7 1248.4
1268.2 1250.11
1266.81 1251.9
1265.74 1253.88
1264.55 1255.8
1263.22 1257.64
1261.38 1259.04
1259.81 1260.67
1258.4 1262.46
1256.98 1264.2
1255.35 1265.8
1253.33 1266.89
1251.39 1268.08
1249.3 1268.87
1247.13 1269.42
1244.9 1269.68
1242.7 1270.05
1240.72 1271.04
1238.94 1272.34
1237.3 1273.86
1236.07 1275.76
1234.55 1277.4
1232.81 1278.78
1230.83 1279.87
1229.14 1281.45
1227.27 1282.71
1225.49 1284.1
1223.65 1285.41
1222.03 1287.02
1220.04 1288
1218.28 1289.41
1216.26 1290.36
1214.3 1291.47
1212.27 1292.4
1210.11 1292.94
1207.94 1293.44
1205.86 1294.16
1203.9 1295.18
1202.1 1296.47
1200.13 1297.38
1198.06 1298.09
1195.98 1298.73
1193.94 1299.56
1191.87 1300.29
1189.78 1300.88
1187.73 1301.63
1185.96 1303.08
1183.84 1303.51
1181.67 1303.6
1179.54 1303.91
1177.78 1305.29
1175.79 1306.12
1173.75 1306.86
1171.74 1307.68
1169.68 1308.31
1167.56 1308.65
1165.42 1308.89
1163.33 1309.36
1161.43 1310.39
1159.65 1311.63
1157.95 1313
1155.89 1313.54
1153.76 1313.82
1151.69 1314.3
1149.69 1315.09
1147.78 1316.05
1145.78 1316.78
1143.74 1317.36
1141.68 1317.78
1139.59 1318.1
1137.54 1318.67
1135.52 1319.28
1133.43 1319.65
1131.52 1320.59
1129.65 1321.54
1127.63 1322.16
1125.65 1322.9
1123.72 1323.75
1121.71 1324.35
1119.62 1324.61
1117.52 1324.72
1115.43 1324.86
1113.36 1325.16
1111.33 1325.7
1109.38 1326.49
1107.53 1327.53
1105.55 1328.23
1103.46 1328.58
1101.51 1329.42
1099.49 1330
1097.44 1330.33
1095.37 1330.55
1093.29 1330.72
1091.21 1330.97
1089.17 1331.42
1087.16 1331.99
1085.13 1332.4
1083.08 1332.68
1081.06 1332.98
1079.1 1333.54
1077.07 1333.91
1075.1 1334.49
1073.14 1335.14
1071.18 1335.79
1069.37 1336.87
1067.4 1337.47
1065.35 1337.75
1063.33 1338.2
1061.3 1338.68
1059.32 1339.32
1057.38 1340.08
1055.36 1340.54
1053.32 1340.79
1051.26 1340.95
1049.22 1341.17
1047.21 1341.61
1045.17 1341.9
1043.14 1342.24
1041.13 1342.69
1039.12 1343.07
1037.1 1343.53
1035.1 1344.04
1033.07 1344.3
1031.02 1344.35
1028.96 1344.46
1026.95 1344.89
1024.96 1345.41
1023.01 1346.06
1021.01 1346.54
1018.98 1346.92
1017.01 1347.46
1015.05 1348.08
1013.02 1348.37
1010.97 1348.54
1008.93 1348.77
1006.94 1349.25
1004.9 1349.55
1002.85 1349.73
1000.8 1349.84
998.759 1349.89
996.723 1349.93
994.684 1349.97
992.646 1350.06
990.618 1350.25
988.636 1350.74
986.72 1351.48
984.77 1352.09
982.789 1352.58
980.776 1352.89
978.754 1353.09
976.732 1353.09
974.712 1352.87
972.682 1352.82
970.683 1353.16
968.691 1353.59
966.746 1354.2
964.744 1354.56
962.716 1354.8
960.686 1355.07
958.655 1355.29
956.614 1355.36
954.572 1355.41
952.551 1355.67
950.564 1356.14
948.551 1356.4
946.529 1356.56
944.504 1356.67
942.483 1356.73
940.464 1356.75
938.445 1356.76
936.426 1356.72
934.403 1356.66
932.376 1356.73
930.356 1356.89
928.355 1357.18
926.381 1357.64
924.39 1357.98
922.414 1358.47
920.397 1358.8
918.347 1358.68
916.303 1358.48
914.265 1358.27
912.235 1358.07
910.206 1357.98
908.18 1357.97
906.157 1357.97
904.138 1358.05
902.123 1358.19
900.108 1358.1
898.101 1357.94
896.097 1357.93
894.095 1357.99
892.1 1358.03
890.108 1358.03
888.122 1358.01
886.135 1357.98
884.151 1358.07
882.173 1358.29
880.207 1358.57
878.266 1358.95
876.365 1359.51
874.493 1360.18
872.589 1360.73
870.625 1360.99
868.638 1361.02

