CONTOUR

3

2202

849.902 1641.28
851.864 1641.2
853.822 1641.03
855.711 1640.47
857.592 1639.9
859.539 1639.74
861.498 1639.73
863.459 1639.8
865.421 1639.99
867.333 1640.49
869.244 1641.03
871.222 1641.17
873.22 1641.07
875.193 1640.72
877.057 1639.94
878.87 1638.97
880.856 1638.55
882.903 1638.57
884.924 1638.36
886.952 1638.09
888.996 1638.16
891.041 1638.24
893.078 1638.1
895.119 1637.96
897.18 1637.91
899.243 1637.86
901.303 1637.78
903.363 1637.79
905.42 1637.83
907.479 1637.8
909.537 1637.66
911.587 1637.37
913.61 1637.09
915.646 1636.93
917.684 1636.79
919.721 1636.61
921.767 1636.45
923.811 1636.21
925.836 1635.84
927.816 1635.27
929.825 1634.8
931.849 1634.48
933.878 1634.3
935.904 1634.24
937.931 1634.1
939.876 1633.56
941.628 1632.39
943.632 1632.34
945.642 1632.61
947.641 1632.43
949.625 1632.02
951.624 1631.72
953.653 1631.57
955.659 1631.39
957.597 1630.82
959.55 1630.24
961.564 1629.94
963.594 1629.8
965.62 1629.7
967.643 1629.71
969.673 1629.73
971.7 1629.68
973.721 1629.57
975.721 1629.25
977.71 1628.86
979.716 1628.56
981.718 1628.21
983.699 1627.7
985.697 1627.23
987.716 1626.88
989.75 1626.69
991.79 1626.58
993.836 1626.49
995.866 1626.32
997.872 1625.98
999.835 1625.37
1001.8 1624.76
1003.73 1624.01
1005.76 1623.71
1007.83 1623.66
1009.89 1623.54
1011.9 1623.1
1013.83 1622.31
1015.79 1621.66
1017.85 1621.36
1019.91 1621.22
1021.97 1621.18
1024.02 1621.09
1026.06 1620.95
1028.09 1620.72
1030.1 1620.31
1032.02 1619.58
1033.97 1618.9
1035.98 1618.5
1038 1618.18
1039.96 1617.6
1042 1617.36
1044.03 1617.19
1046.03 1616.77
1047.92 1615.92
1049.92 1615.29
1051.95 1614.79
1053.95 1614.19
1055.96 1613.59
1058.04 1613.3
1060.13 1613.16
1062.22 1613.03
1064.32 1612.92
1066.41 1612.84
1068.5 1612.71
1070.56 1612.38
1072.56 1611.72
1074.55 1611.03
1076.57 1610.51
1078.58 1609.99
1080.58 1609.44
1082.59 1609.05
1084.56 1608.47
1086.34 1607.46
1087.93 1606.11
1089.9 1605.63
1091.94 1605.53
1093.95 1605.39
1095.95 1605.06
1097.98 1604.72
1100.02 1604.33
1102.02 1603.78
1104.03 1603.18
1106.06 1602.72
1108.13 1602.37
1110.17 1601.95
1112.16 1601.3
1114.2 1600.76
1116.19 1600.08
1118.2 1599.43
1120.15 1598.7
1122.12 1597.91
1124.19 1597.44
1126.19 1596.77
1128.24 1596.26
1130.32 1595.92
1132.39 1595.51
1134.44 1595.02
1136.53 1594.62
1138.61 1594.26
1140.59 1593.5
1142.23 1591.98
1144.32 1591.68
1146.44 1591.37
1148.46 1590.68
1150.48 1589.96
1152.55 1589.4
1154.65 1588.98
1156.75 1588.55
1158.75 1587.77
1160.58 1586.57
1162.61 1585.88
1164.76 1585.58
1166.86 1585.15
1168.75 1584.12
1170.58 1582.97
1172.29 1581.61
1174.38 1581.23
1176.52 1581.2
1178.57 1580.72
1180.38 1579.57
1182.11 1578.3
1184.06 1577.51
1186.11 1577.01
1188.01 1576.1
1189.7 1574.73
1191.61 1573.84
1193.67 1573.37
1195.75 1572.94
1197.78 1572.34
1199.75 1571.51
1201.74 1570.74
1203.75 1570.02
1205.64 1569.06
1207.4 1567.81
1209.43 1567.14
1211.46 1566.5
1213.47 1565.83
1215.51 1565.27
1217.47 1564.5
1219.36 1563.56
1221.26 1562.65
1223.23 1561.9
1225.14 1561.1
1226.81 1559.86
1228.51 1558.65
1230.43 1557.82
1232.47 1557.3
1234.54 1556.89
1236.6 1556.41
1238.53 1555.57
1240.3 1554.43
1242.09 1553.27
1243.69 1551.82
1245.73 1551.15
1247.51 1549.91
1249.45 1549
1251.46 1548.26
1253.38 1547.3
1255.3 1546.34
1257.24 1545.38
1259.21 1544.46
1261.31 1543.82
1263.43 1543.24
1265.32 1541.99
1267.48 1541.46
1269.61 1540.85
1271.55 1539.77
1273.35 1538.46
1275.1 1537.14
1276.79 1535.65
1278.9 1534.86
1280.76 1533.6
1282.8 1532.74
1284.8 1531.78
1286.52 1530.35
1288.03 1528.67
1289.99 1527.46
1291.73 1525.99
1293.6 1524.76
1295.45 1523.47
1297.14 1521.97
1299 1520.7
1301.18 1520.07
1303.47 1519.96
1305.78 1519.98
1307.97 1519.5
1309.88 1518.28
1311.77 1516.99
1313.66 1515.68
1315.14 1513.94
1316.37 1511.96
1317.93 1510.34
1319.74 1508.94
1321.78 1507.84
1323.77 1506.66
1325.77 1505.49
1327.66 1504.04
1329.92 1503.31
1331.71 1501.76
1333.53 1500.31
1335.5 1498.98
1337.43 1497.6
1338.92 1495.73
1340.53 1494
1342.59 1492.86
1344.67 1491.77
1346.47 1490.31
1348.13 1488.64
1349.87 1487.09
1351.49 1485.29
1353.37 1483.79
1355.09 1482.11
1356.71 1480.31
1358.78 1479.05
1360.73 1477.63
1362.68 1476.28
1364.44 1474.67
1366.15 1473.02
1367.91 1471.36
1369.81 1469.78
1371.72 1468.3
1373.47 1466.61
1375.29 1464.99
1377.07 1463.3
1378.76 1461.54
1380.63 1460.01
1382.32 1458.29
1383.94 1456.48
1385.97 1455.08
1387.56 1453.22
1389.11 1451.33
1390.84 1449.59
1392.04 1447.45
1393.79 1445.72
1395.56 1444.03
1397 1442.07
1398.32 1440
1399.88 1438.15
1401.73 1436.54
1403.07 1434.55
1404.26 1432.47
1405.59 1430.5
1407.25 1428.75
1408.55 1426.78
1410.03 1424.94
1411.39 1423.03
1412.62 1421.04
1413.91 1419.1
1415.56 1417.42
1417.06 1415.59
1418.22 1413.57
1419.52 1411.65
1420.71 1409.67
1421.83 1407.66
1423.33 1405.88
1424.58 1403.97
1426.13 1402.31
1427.56 1400.56
1428.83 1398.71
1429.52 1396.57
1430.19 1394.42
1431.28 1392.44
1431.96 1390.29
1433.39 1388.5
1434.23 1386.46
1434.77 1384.32
1435.38 1382.21
1436.11 1380.15
1436.66 1378.06
1437.23 1375.98
1437.91 1373.94
1439.12 1372.15
1440.24 1370.31
1441.19 1368.41
1441.99 1366.44
1442.88 1364.51
1443.93 1362.65
1444.73 1360.7
1445.34 1358.68
1445.62 1356.59
1445.81 1354.49
1445.94 1352.39
1446.09 1350.32
1446.2 1348.23
1446.46 1346.17
1447.05 1344.17
1447.78 1342.23
1448.82 1340.4
1449.5 1338.44
1449.83 1336.37
1450.23 1334.32
1450.43 1332.23
1450.56 1330.13
1450.67 1328.02
1450.68 1325.92
1450.64 1323.82
1450.68 1321.72
1451.08 1319.66
1451.86 1317.71
1452.51 1315.72
1452.81 1313.66
1452.87 1311.58
1452.8 1309.5
1452.65 1307.42
1452.44 1305.36
1452.24 1303.29
1452.09 1301.23
1452.01 1299.17
1452.01 1297.12
1452.06 1295.08
1452.16 1293.05
1452.19 1291.02
1452.19 1288.99
1452.25 1286.98
1452.38 1284.96
1452.52 1282.96
1452.64 1280.96
1452.68 1278.96
1452.56 1276.98
1452.33 1275
1452.06 1273.04
1452.02 1271.06
1452.23 1269.08
1452.47 1267.11
1452.74 1265.15
1453.17 1263.21
1453.27 1261.22
1453 1259.21
1452.73 1257.21
1452.71 1255.19
1452.73 1253.19
1452.78 1251.2
1452.99 1249.21
1453.48 1247.25
1453.74 1245.25
1453.83 1243.24
1453.79 1241.22
1453.48 1239.22
1453.16 1237.22
1453.05 1235.21
1453.03 1233.19
1452.93 1231.18
1452.86 1229.15
1452.84 1227.13
1452.8 1225.11
1452.8 1223.09
1452.78 1221.08
1452.81 1219.07
1452.85 1217.05
1452.9 1215.03
1452.92 1213.02
1452.96 1211.01
1452.98 1209
1452.94 1206.99
1452.88 1204.98
1452.84 1202.97
1452.76 1200.98
1452.6 1198.99
1452.44 1197
1452.33 1195.01
1452.33 1193.02
1452.56 1191.04
1452.72 1189.05
1452.78 1187.06
1452.82 1185.06
1452.83 1183.04
1452.83 1181.03
1452.81 1179.02
1452.79 1177.01
1452.79 1175
1452.79 1172.99
1452.79 1170.97
1452.81 1168.95
1452.81 1166.93
1452.71 1164.92
1452.57 1162.9
1452.46 1160.87
1452.44 1158.84
1452.54 1156.8
1452.66 1154.78
1452.72 1152.76
1452.67 1150.75
1452.53 1148.73
1452.35 1146.71
1452.15 1144.68
1451.96 1142.65
1451.87 1140.61
1451.86 1138.56
1451.85 1136.5
1451.8 1134.45
1451.77 1132.39
1451.78 1130.33
1451.81 1128.26
1451.84 1126.18
1451.81 1124.1
1451.68 1122.02
1451.39 1119.95
1451 1117.88
1450.73 1115.8
1450.51 1113.72
1450.18 1111.64
1449.8 1109.57
1449.67 1107.48
1449.57 1105.37
1449.29 1103.28
1448.83 1101.2
1448.04 1099.2
1447.16 1097.22
1446.42 1095.18
1445.87 1093.08
1445.65 1090.89
1445.36 1088.73
1444.71 1086.64
1443.91 1084.58
1442.94 1082.56
1442.16 1080.47
1441.29 1078.42
1440.38 1076.37
1439.28 1074.39
1438.06 1072.46
1437.21 1070.33
1436.42 1068.16
1435.43 1066.05
1434.5 1063.9
1433.44 1061.82
1431.66 1060.29
1429.89 1058.74
1428.34 1057.01
1426.89 1055.16
1425.96 1052.98
1425.3 1050.69
1423.99 1048.67
1423.03 1046.51
1421.6 1044.59
1420.22 1042.65
1418.5 1040.93
1417.19 1038.9
1415.61 1037.01
1413.87 1035.3
1412.32 1033.47
1410.91 1031.5
1409.58 1029.48
1407.7 1027.95
1405.86 1026.42
1404.24 1024.71
1402.57 1023.04
1401.2 1021.05
1399.4 1019.48
1397.38 1018.15
1395.54 1016.61
1393.69 1015.09
1392.24 1013.16
1391.39 1010.89
1389.79 1009.1
1388.37 1007.18
1386.94 1005.25
1385.28 1003.55
1383.45 1002.01
1381.3 1000.93
1379.4 999.522
1377.85 997.626
1375.79 996.371
1373.88 994.922
1372.21 993.284
1370.53 991.623
1368.66 990.18
1366.68 988.914
1364.58 987.856
1362.49 986.799
1360.27 986.056
1358.19 985.049
1356.66 983.313
1355.26 981.416
1353.59 979.82
1351.62 978.564
1349.65 977.35
1348.2 975.537
1346.7 973.795
1344.72 972.724
1342.67 971.797
1340.63 970.84
1338.53 970.11
1336.48 969.298
1334.81 967.848
1332.89 966.888
1330.86 966.258
1328.86 965.676
1327.05 964.683
1325.33 963.527
1323.65 962.392
1321.97 961.302
1320.53 959.889
1318.91 958.834
1317.46 957.499
1316.14 956.109
1315.09 954.501
1314.59 952.684
1314.59 950.787
1314.78 948.888
1315.16 947.012
1315.69 945.161
1316.22 943.307
1316.56 941.39
1316.83 939.455
1317.11 937.513
1317.51 935.581
1317.89 933.634
1318.32 931.681
1318.82 929.725
1319.39 927.747
1319.98 925.8
1321.38 924.19
1322.08 922.262
1322.46 920.238
1322.86 918.203
1323.34 916.18
1323.95 914.181
1324.42 912.163
1324.73 910.118
1324.94 908.065
1325.17 906.002
1325.5 903.953
1325.89 901.921
1326.22 899.878
1326.82 897.896
1327.65 895.991
1328.71 894.183
1329.45 892.252
1329.72 890.183
1330.05 888.133
1330.62 886.105
1331.17 884.065
1331.8 882.035
1332.31 879.974
1332.83 877.895
1333.4 875.839
1333.67 873.734
1333.81 871.621
1333.94 869.529
1333.87 867.447
1333.35 865.448
1332.25 863.596
1332.55 861.613
1333.69 859.82
1334.47 857.862
1335.17 855.858
1335.9 853.867
1336.6 851.865
1337.08 849.805
1337.45 847.724
1337.89 845.651
1338.04 843.547
1338.06 841.448
1337.91 839.367
1337.42 837.343
1336.49 835.441
1336.17 833.4
1336.44 831.348
1337.3 829.44
1338.11 827.534
1338.72 825.557
1339.24 823.546
1339.62 821.499
1339.78 819.421
1339.78 817.331
1339.74 815.239
1339.73 813.144
1339.7 811.051
1339.62 808.962
1339.36 806.891
1338.98 804.836
1338.65 802.781
1338.33 800.728
1337.93 798.694
1337.77 796.64
1337.71 794.59
1337.62 792.551
1337.4 790.519
1337.32 788.484
1337.3 786.45
1337.29 784.419
1337.24 782.395
1337.11 780.383
1336.77 778.407
1336.19 776.483
1335.47 774.609
1334.91 772.686
1334.52 770.713
1334.22 768.721
1333.75 766.756
1333.42 764.758
1333.21 762.77
1333.14 760.782
1333.11 758.802
1333.01 756.831
1332.86 754.869
1332.8 752.904
1332.79 750.945
1332.71 749.004
1332.57 747.069
1332.37 745.143
1332.1 743.23
1331.85 741.314
1331.66 739.402
1331.47 737.49
1331.44 735.568
1332.03 733.749
1333.26 732.282
1334.95 731.399
1336.86 730.994
1338.83 730.803
1340.82 730.592
1342.81 730.245
1344.62 729.382
1346.1 727.869
1347.85 726.724
1349.08 724.998
1350.51 723.428
1351.99 721.887
1353.78 720.574
1355.52 719.23
1357.14 717.669
1358.23 715.758
1359.24 713.776
1360.14 711.714
1361.59 709.955
1362.53 707.924
1363.4 705.846
1364.49 703.869
1365.53 701.877
1366.09 699.71
1366.64 697.526
1367.66 695.523
1369.06 693.702
1369.94 691.648
1370.65 689.527
1371.45 687.445
1372.24 685.365
1372.67 683.193
1372.98 681.011
1373.55 678.891
1373.79 676.729
1373.97 674.553
1374.18 672.368
1374.38 670.187
1374.41 668.003
1374.39 665.83
1374.37 663.668
1374.28 661.524
1374.19 659.392
1374.07 657.28
1373.79 655.201
1373.52 653.113
1373.8 651.045
1374.47 649.045
1375.15 647.044
1375.47 644.953
1375.56 642.835
1375.43 640.722
1374.99 638.651
1374.39 636.623
1373.88 634.583
1373.71 632.499
1373.89 630.418
1374.04 628.34
1373.91 626.284
1373.6 624.252
1372.97 622.276
1372.53 620.249
1372.05 618.212
1371.34 616.241
1370.73 614.244
1370.24 612.231
1369.47 610.329
1368.05 608.755
1367.32 606.875
1366.66 604.95
1366.2 602.988
1365.81 601.039
1365.3 599.123
1364.79 597.208
1364.41 595.266
1363.85 593.392
1363.07 591.6
1362.51 589.75
1361.98 587.912
1361.16 586.19
1360.36 584.449
1360.59 582.519
1360.63 580.585
1361.19 578.756
1361.9 576.972
1362.59 575.17
1363.26 573.313
1364.02 571.484
1364.51 569.563
1364.73 567.589
1364.78 565.596
1364.77 563.596
1364.76 561.591
1364.76 559.583
1364.8 557.571
1364.81 555.558
1364.81 553.544
1364.81 551.53
1364.84 549.512
1364.92 547.498
1365.11 545.497
1365.46 543.512
1365.73 541.506
1365.98 539.495
1366.35 537.497
1366.47 535.461
1366.55 533.423
1366.75 531.393
1366.72 529.344
1366.88 527.3
1367.39 525.328
1368.07 523.391
1368.61 521.422
1368.66 519.393
1368.24 517.318
1368.58 515.223
1368.61 513.117
1367.9 511.052
1367.9 508.966
1368.87 507.022
1369.68 505.046
1369.87 502.942
1369.54 500.844
1368.66 498.87
1367.93 496.855
1367.89 494.727
1367.79 492.607
1367.68 490.51
1367.88 488.445
1368.77 486.51
1368.96 484.49
1368.37 482.523
1367.62 480.606
1366.92 478.692
1366.32 476.767
1365.96 474.808
1365.83 472.828
1365.68 470.849
1365.61 468.855
1365.6 466.863
1365.62 464.866
1365.86 462.892
1367.12 461.263
1368.2 459.562
1369.71 458.224
1371.13 456.777
1372.46 455.166
1373.62 453.369
1375.3 451.965
1376.18 450.016
1377.19 448.111
1378.33 446.303
1379.54 444.545
1380.71 442.738
1381.91 440.956
1383.46 439.361
1384.52 437.423
1385.54 435.472
1386.47 433.469
1387.63 431.558
1388.54 429.554
1389 427.409
1389.38 425.254
1389.85 423.116
1389.92 420.95
1389.44 418.829
1388.88 416.724
1389.24 414.59
1389.46 412.469
1389.49 410.346
1389.56 408.223
1389.78 406.108
1389.93 403.985
1390.08 401.859
1390.17 399.724
1390.33 397.593
1390.5 395.471
1390.3 393.357
1390.14 391.243
1390.15 389.134
1390.18 387.03
1390.18 384.931
1390.13 382.838
1390.05 380.745
1389.97 378.654
1389.82 376.58
1389.58 374.515
1389.48 372.434
1389.45 370.35
1389.39 368.268
1389.17 366.19
1389.01 364.102
1388.89 362.006
1388.71 359.903
1388.44 357.808
1388.14 355.704
1387.64 353.627
1387.07 351.56
1386.58 349.47
1385.94 347.423
1385.08 345.455
1383.95 343.573
1383.53 341.463
1383.09 339.36
1382.06 337.466
1381.33 335.456
1380.62 333.454
1379.82 331.489
1378.83 329.609
1377.82 327.746
1376.68 325.981
1375.27 324.388
1374.37 322.488
1373.85 320.424
1373.35 318.329
1372.81 316.233
1372.21 314.136
1371.35 312.108
1370.36 310.149
1369.27 308.232
1367.78 306.499
1367.04 304.328
1365.67 302.485
1364.84 300.379
1364.18 298.187
1363.28 296.069
1362.05 294.145
1360.55 292.418
1359.14 290.609
1357.33 289.11
1356.14 287.102
1354.94 285.074
1353.45 283.285
1351.62 281.776
1350.03 280.031
1348.72 278.123
1347.44 276.199
1346.18 274.237
1344.99 272.212
1343.47 270.384
1341.81 268.662
1340.25 266.878
1338.44 265.354
1336.7 263.707
1334.72 262.377
1332.99 260.724
1331.42 258.916
1329.77 257.187
1328.04 255.477
1327.1 253.224
1325.48 251.483
1323.62 249.975
1321.72 248.5
1319.81 247.04
1318.4 245.046
1316.77 243.261
1315.15 241.49
1313.66 239.582
1311.9 237.909
1310.3 236.165
1308.68 234.448
1306.92 232.881
1305.14 231.307
1303.35 229.694
1301.2 228.703
1299.08 227.674
1297.08 226.432
1295.06 225.208
1293.26 223.607
1291.59 221.905
1289.78 220.419
1287.79 219.139
1285.86 217.83
1284.21 216.189
1282.21 215.048
1280.48 213.479
1278.59 212.143
1276.75 210.75
1274.93 209.35
1273.35 207.636
1271.59 206.115
1269.94 204.513
1268.59 202.665
1267.06 200.956
1265.43 199.311
1263.67 197.757
1261.66 196.582
1259.71 195.348
1257.71 194.218
1255.64 193.186
1253.77 191.787
1251.66 190.86
1249.85 189.379
1247.78 188.413
1245.72 187.431
1243.71 186.369
1241.75 185.239
1239.95 183.772
1237.77 183.039
1236.02 181.53
1233.98 180.564
1231.9 179.701
1229.9 178.683
1227.78 177.999
1225.72 177.158
1223.89 175.767
1221.74 175.369
1219.56 175.02
1217.94 173.392
1216.06 172.19
1214.16 171.047
1212.25 169.979
1210.36 168.857
1208.48 167.653
1206.31 167.21
1204.32 166.201
1202.42 165.052
1200.42 164.109
1198.45 163.09
1196.38 162.402
1194.2 162.011
1192.06 161.572
1189.95 161.106
1187.84 160.662
1185.78 160.029
1183.72 159.389
1181.57 159.234
1179.43 158.946
1177.56 157.79
1175.57 156.997
1173.55 156.298
1171.63 155.327
1169.7 154.41
1167.68 153.749
1165.56 153.416
1163.4 153.275
1161.24 153.149
1159.09 153.027
1156.94 152.978
1154.82 153.224
1152.76 153.799
1150.67 153.885
1148.68 153.152
1146.7 152.312
1144.65 151.69
1142.51 151.571
1140.38 151.99
1138.23 152.369
1136.07 152.583
1133.93 152.765
1131.8 152.959
1129.7 153.17
1127.62 153.507
1125.55 153.931
1123.46 154.059
1121.36 154.074
1119.27 154.143
1117.19 154.246
1115.11 154.366
1113.04 154.59
1111.02 155.032
1109.04 155.67
1107.08 156.334
1105.13 156.937
1103.21 157.59
1101.23 158.006
1099.24 157.585
1097.24 157.243
1095.2 157.444
1093.16 157.721
1091.15 158.15
1089.23 158.956
1087.35 159.869
1085.36 160.502
1083.31 160.831
1081.28 161.156
1079.27 161.561
1077.26 161.94
1075.23 162.104
1073.2 162.275
1071.22 162.681
1069.26 163.276
1067.32 163.914
1065.32 164.321
1063.29 164.531
1061.25 164.643
1059.21 164.749
1057.2 164.971
1055.22 165.475
1053.2 165.752
1051.16 165.808
1049.13 165.874
1047.12 166.107
1045.15 166.571
1043.28 167.38
1041.41 168.135
1039.54 168.8
1037.7 169.456
1035.83 169.879
1034.01 169.304
1032.26 168.457
1030.54 167.464
1028.67 166.761
1026.76 166.163
1024.87 165.569
1022.99 164.871
1021.03 164.266
1019.12 163.487
1017.23 162.67
1015.28 162.007
1013.25 161.644
1011.21 161.473
1009.14 161.344
1007.1 160.941
1005.13 160.208
1003.31 159.144
1001.49 158.109
999.525 157.382
997.567 156.596
995.638 155.721
993.736 154.756
991.774 153.926
989.717 153.354
987.615 152.979
985.529 152.488
983.593 151.565
981.758 150.432
979.806 149.559
977.688 149.184
975.616 148.619
973.666 147.698
971.75 146.73
969.728 146.078
967.709 145.479
965.66 145.078
963.576 144.985
961.495 144.858
959.532 144.17
957.677 143.179
955.736 142.372
953.712 141.814
951.679 141.281
949.732 140.432
947.828 139.492
945.905 138.58
943.925 137.835
941.878 137.312
939.776 137.161
937.657 137.104
935.55 136.933
933.441 136.635
931.401 136.001
929.444 135.048
927.31 134.974
925.153 134.997
923.122 134.345
921.277 133.234
919.302 132.456
917.235 131.847
915.228 131.074
913.164 130.521
911.047 130.284
908.919 130.195
906.794 130.134
904.67 130.057
902.56 129.949
900.459 129.858
898.36 129.825
896.261 129.845
894.168 129.889
892.081 129.962
890.002 130.097
887.923 130.224
885.869 130.41
883.821 130.65
881.769 130.901
879.701 130.901
877.636 130.752
875.564 130.695
873.487 130.715
871.407 130.8
869.319 130.872
867.228 130.887
865.142 131.006
863.094 131.421
861.062 131.896
859.025 132.304
857.013 132.777
855.029 133.33
853.031 133.773
850.996 133.593
848.961 133.292
846.916 133.513
844.872 133.735
842.841 134.064
840.924 134.802
839.184 135.913
837.437 137.008
835.472 137.485
833.432 137.354
831.39 137.06
829.33 137.005
827.273 137.101
825.223 137.303
823.207 137.747
821.195 138.257
819.141 138.638
817.114 139.146
815.119 139.773
813.088 140.252
811.043 140.597
809.012 140.956
807.066 141.598
805.106 142.213
803.21 142.988
801.328 143.765
799.518 144.728
797.617 145.356
795.64 145.559
793.672 145.722
791.734 146.061
789.807 146.5
787.861 146.818
785.907 147.103
783.945 147.33
781.972 147.309
780.007 147.054
778.051 146.744
776.087 146.476
774.122 146.24
772.145 146.093
770.166 145.929
768.197 145.65
766.236 145.299
764.249 145.217
762.255 145.221
760.257 145.215
758.256 145.176
756.249 145.141
754.235 145.134
752.218 145.089
750.194 145.032
748.168 145.045
746.141 145.086
744.118 145.214
742.1 145.48
740.078 145.579
738.054 145.528
736.028 145.346
734.011 145.058
731.977 144.902
729.937 144.817
727.89 144.808
725.841 144.876
723.791 144.959
721.735 144.979
719.672 144.981
717.61 145.038
715.55 145.068
713.495 145.083
711.439 145.116
709.386 145.145
707.33 145.172
705.273 145.246
703.229 145.575
701.164 145.945
699.068 146.078
696.958 146.094
694.839 146.155
692.699 146.19
690.551 146.199
688.397 146.236
686.248 146.462
684.127 146.95
682.069 147.74
679.937 148.337
677.778 148.798
675.628 149.319
673.571 150.184
671.531 151.134
669.383 151.834
667.187 152.335
664.99 152.833
662.811 153.439
660.606 154.005
658.472 154.773
656.597 156.061
654.872 157.553
653.087 159.028
651.014 160.016
649.293 161.602
647.171 162.508
645.052 163.427
643 164.482
640.97 165.549
639.034 166.851
636.949 167.906
634.788 168.779
632.63 169.655
630.736 171.065
628.739 172.343
626.747 173.618
625.109 175.368
623.234 176.838
621.142 177.986
619.023 179.069
617.004 180.325
614.882 181.441
612.976 182.932
610.936 184.166
609.267 185.909
607.256 187.212
605.159 188.411
603.172 189.732
601.46 191.442
599.606 192.981
597.454 194.027
595.283 195
593.287 196.311
591.239 197.557
589.382 199.136
587.239 200.215
585.322 201.682
583.17 202.76
581.154 204.073
579.396 205.69
577.895 207.599
576.197 209.334
574.168 210.63
572.12 211.888
569.982 212.998
567.882 214.198
565.883 215.548
564.039 217.113
561.953 218.249
559.791 219.271
557.796 220.538
555.939 221.959
554.294 223.679
552.717 225.495
550.75 226.835
548.695 228.082
546.724 229.435
545.033 231.168
543.063 232.505
540.941 233.66
538.798 234.741
536.957 236.29
535.043 237.774
533.228 239.407
531.711 241.297
530.059 243.015
528.39 244.724
526.748 246.453
524.605 247.551
522.691 249.002
520.596 250.083
518.514 251.16
516.653 252.576
514.954 254.188
513.253 255.809
511.612 257.552
509.865 259.149
508.139 260.717
506.35 262.209
504.554 263.719
503.029 265.547
501.048 266.887
499.423 268.583
497.982 270.445
496.173 271.961
494.532 273.629
492.54 274.86
490.736 276.333
489.087 277.986
487.392 279.667
485.861 281.518
484.488 283.451
483.009 285.31
481.695 287.3
480.006 288.966
478.228 290.462
476.403 291.909
474.705 293.498
473.354 295.417
471.777 297.182
471.096 299.414
469.973 301.457
468.73 303.429
467.423 305.363
466.15 307.307
465.001 309.35
463.534 311.216
462.474 313.31
461.073 315.174
459.756 317.085
458.571 319.093
457.172 320.901
455.399 322.366
453.667 323.882
452.479 325.805
451.488 327.876
450.48 329.945
449.329 331.911
447.736 333.604
446.676 335.654
445.236 337.492
444.172 339.527
443.168 341.606
442.457 343.798
442.001 346.033
441.741 348.322
441.408 350.602
440.698 352.779
439.908 354.924
439.446 357.144
439.015 359.36
438.179 361.452
437.796 363.634
437.697 365.85
437.641 368.056
437.619 370.246
437.671 372.424
437.717 374.592
437.723 376.737
437.861 378.857
438.309 380.926
439.007 382.934
439.402 384.99
439.891 387.012
440.636 388.954
441.069 390.949
441.141 392.969
441.128 394.987
440.955 397.004
440.378 398.955
439.457 400.741
438.302 402.411
436.893 403.895
435.586 405.474
434.507 407.269
433.475 409.112
431.783 410.42
430.287 411.92
428.792 413.428
427.641 415.244
426.545 417.101
425.259 418.811
423.621 420.272
422.115 421.858
420.844 423.653
419.581 425.454
418.266 427.205
417.039 429.035
415.656 430.806
414.605 432.782
413.078 434.41
411.585 436.065
410.158 437.779
408.922 439.669
407.526 441.473
405.92 443.131
404.879 445.125
404.048 447.243
402.957 449.237
401.885 451.229
400.548 453.082
399.369 455.024
397.859 456.73
396.609 458.575
395.363 460.428
394.24 462.343
393.404 464.392
393.001 466.558
392.767 468.769
392.266 470.923
391.573 473.016
391.161 475.184
390.14 477.138
389.324 479.135
388.539 481.142
387.468 483.004
386.469 484.902
385.742 486.899
385.204 488.948
384.876 491.042
384.294 493.073
383.589 495.096
383.047 497.156
381.799 498.904
380.668 500.701
379.57 502.518
378.617 504.419
377.912 506.428
376.903 508.29
375.415 509.878
374.233 511.698
373.357 513.71
372.292 515.614
370.747 517.231
369.731 519.172
368.874 521.202
367.552 522.988
366.695 525.023
365.489 526.877
364.226 528.661
362.653 530.214
361.609 532.093
360.702 534.052
359.476 535.869
358.465 537.835
357.571 539.855
356.754 541.901
355.436 543.701
354.18 545.54
353.283 547.549
352.093 549.43
351.189 551.475
349.605 553.101
348.227 554.841
347.033 556.726
346.141 558.778
345.192 560.797
343.965 562.666
343.122 564.719
341.969 566.627
340.813 568.501
339.696 570.404
338.631 572.329
337.884 574.38
337.268 576.481
336.7 578.579
335.81 580.558
334.496 582.303
333.366 584.142
332.557 586.165
331.65 588.147
330.613 590.068
329.613 592.014
328.853 594.041
327.997 596.043
327.229 598.088
325.74 599.773
324.746 601.727
323.844 603.719
322.833 605.663
322.144 607.745
321.343 609.801
319.886 611.532
318.869 613.512
317.325 615.165
316.035 616.991
314.77 618.812
313.709 620.774
312.382 622.592
311.19 624.465
309.625 626.12
308.402 628.008
307.164 629.889
306.161 631.899
305.629 634.059
305.394 636.302
304.828 638.462
303.668 640.421
303.04 642.624
301.862 644.578
301.214 646.688
300.653 648.821
300.172 650.969
299.611 653.097
299.054 655.201
298.654 657.324
298.311 659.436
297.981 661.532
297.491 663.582
297.152 665.651
296.883 667.724
296.487 669.777
295.798 671.753
295.031 673.699
294.434 675.696
293.848 677.676
293.3 679.667
292.666 681.632
292.04 683.6
291.201 685.501
290.591 687.473
290.249 689.516
289.974 691.578
289.673 693.64
289.166 695.669
288.496 697.664
287.606 699.587
286.477 701.382
285.62 703.301
284.969 705.316
284.347 707.337
283.554 709.305
282.784 711.28
282.37 713.344
282.114 715.432
281.834 717.514
281.344 719.548
280.814 721.587
280.094 723.563
279.344 725.522
278.505 727.443
277.891 729.426
277.727 731.496
277.61 733.573
277.236 735.621
276.707 737.637
276.331 739.692
275.808 741.722
275.117 743.714
274.669 745.764
274.443 747.856
274.138 749.934
273.526 751.958
273.194 754.04
273.044 756.14
272.962 758.258
272.895 760.384
272.804 762.522
272.978 764.651
273.652 766.667
275.08 768.403
275.734 770.444
275.453 772.563
274.378 774.446
273.066 776.153
271.792 777.875
270.984 779.872
269.82 781.683
269.219 783.712
268.74 785.815
268.06 787.859
267.321 789.867
266.916 791.941
266.786 794.043
266.771 796.139
266.74 798.218
266.647 800.286
266.49 802.348
266.332 804.404
266.188 806.458
266.088 808.511
266.099 810.564
266.113 812.608
266.02 814.641
265.809 816.668
265.723 818.699
265.675 820.72
265.625 822.732
265.605 824.736
265.597 826.74
265.573 828.746
265.477 830.751
265.304 832.747
265.232 834.746
265.146 836.75
265.047 838.755
264.982 840.762
264.871 842.772
264.705 844.782
264.611 846.799
264.522 848.816
264.31 850.824
263.985 852.821
263.738 854.829
263.588 856.854
263.517 858.888
263.468 860.925
263.397 862.963
263.336 864.993
263.325 867.025
263.343 869.059
263.364 871.096
263.369 873.134
263.357 875.173
263.34 877.214
263.381 879.256
263.557 881.3
263.829 883.337
264.106 885.373
264.31 887.418
264.562 889.449
264.892 891.472
265.074 893.504
265.105 895.539
265.117 897.563
265.185 899.581
265.309 901.589
265.599 903.577
265.958 905.565
266.14 907.573
266.238 909.587
266.316 911.598
266.411 913.604
266.536 915.602
266.741 917.591
267.122 919.549
267.676 921.466
268.191 923.39
268.523 925.347
268.623 927.331
268.517 929.329
268.388 931.335
268.295 933.353
268.271 935.382
268.312 937.414
268.32 939.452
268.358 941.5
268.501 943.549
268.687 945.608
268.83 947.671
268.956 949.739
269.171 951.801
269.299 953.875
269.371 955.954
269.665 957.995
270.778 959.753
272.077 961.438
273.088 963.302
274.306 965.044
275.526 966.824
275.915 968.918
275.803 971.081
275.554 973.241
275.078 975.359
274.095 977.309
273.27 979.282
272.922 981.37
272.869 983.492
272.978 985.604
273.097 987.707
273.23 989.8
273.454 991.881
273.599 993.972
273.69 996.061
273.859 998.139
274.322 1000.17
274.845 1002.2
275.49 1004.2
276.106 1006.19
276.577 1008.21
276.943 1010.26
277.203 1012.31
277.302 1014.39
277.584 1016.45
277.774 1018.51
278.045 1020.57
278.668 1022.55
279.62 1024.43
280.404 1026.38
280.958 1028.41
281.33 1030.47
281.89 1032.49
282.335 1034.55
282.765 1036.63
283.443 1038.64
284.112 1040.65
284.532 1042.73
284.981 1044.79
285.68 1046.78
286.684 1048.64
287.552 1050.57
288.369 1052.52
289.152 1054.46
289.874 1056.41
290.667 1058.33
291.565 1060.21
292.272 1062.15
292.726 1064.17
293.495 1066.04
294.991 1067.57
295.408 1069.56
295.731 1071.54
296.416 1073.43
296.809 1075.38
297.147 1077.32
297.625 1079.22
298.253 1081.08
298.475 1083.01
298.406 1084.96
298.007 1086.88
297.055 1088.58
295.849 1090.15
294.963 1091.93
293.418 1093.32
292.429 1095.11
291.321 1096.82
290.193 1098.5
289.013 1100.18
287.601 1101.75
286.752 1103.72
285.399 1105.44
284.288 1107.3
283.098 1109.13
282.084 1111.08
281.148 1113.06
279.937 1114.89
278.877 1116.8
277.648 1118.62
276.64 1120.57
275.712 1122.56
274.776 1124.56
274.292 1126.7
274.038 1128.89
273.708 1131.05
272.905 1133.1
271.608 1134.95
271.008 1137.08
269.746 1138.94
269.221 1141.07
268.746 1143.21
267.97 1145.27
266.952 1147.23
266.257 1149.3
265.654 1151.4
265.12 1153.51
264.517 1155.61
263.821 1157.69
262.994 1159.73
261.538 1161.48
260.779 1163.55
260.204 1165.68
259.404 1167.75
258.692 1169.84
258.249 1171.98
258.021 1174.15
258.018 1176.32
258.316 1178.45
258.881 1180.51
259.632 1182.51
260.2 1184.54
260.541 1186.62
260.885 1188.68
261.183 1190.74
261.324 1192.79
261.317 1194.85
261.313 1196.9
261.299 1198.97
261.269 1201.04
261.256 1203.11
261.272 1205.19
261.411 1207.25
261.631 1209.3
261.765 1211.36
261.856 1213.42
261.91 1215.47
262.145 1217.49
262.818 1219.41
263.695 1221.24
264.458 1223.11
264.745 1225.1
264.667 1227.12
264.66 1229.14
264.8 1231.17
264.998 1233.2
265.073 1235.24
265.13 1237.27
265.172 1239.31
265.182 1241.36
265.192 1243.41
265.256 1245.45
265.532 1247.48
265.922 1249.51
266.136 1251.56
266.315 1253.61
266.531 1255.65
266.68 1257.72
266.7 1259.78
266.71 1261.83
266.87 1263.86
267.376 1265.84
268.05 1267.76
268.601 1269.69
269.071 1271.62
269.355 1273.57
269.252 1275.53
269.066 1277.5
269.125 1279.48
269.274 1281.46
269.357 1283.47
269.451 1285.49
269.705 1287.5
270.181 1289.47
270.835 1291.4
271.516 1293.33
272.063 1295.3
272.469 1297.31
272.754 1299.33
272.895 1301.37
272.931 1303.41
272.949 1305.43
273.022 1307.45
273.105 1309.46
273.107 1311.46
273.116 1313.47
273.177 1315.46
273.289 1317.45
273.605 1319.41
274.097 1321.36
274.386 1323.35
274.581 1325.34
274.763 1327.34
274.909 1329.35
274.97 1331.36
274.964 1333.38
275.035 1335.4
275.172 1337.42
275.224 1339.44
275.249 1341.47
275.318 1343.5
275.548 1345.52
275.935 1347.51
276.276 1349.52
276.566 1351.53
276.949 1353.51
277.456 1355.47
277.949 1357.42
277.975 1359.45
277.8 1361.5
277.676 1363.57
277.612 1365.66
277.657 1367.77
278.015 1369.85
278.701 1371.9
278.892 1374.01
278.166 1376.08
278.183 1378.17
278.711 1380.22
279.432 1382.23
280.225 1384.21
280.689 1386.29
280.955 1388.41
281.192 1390.52
281.617 1392.6
281.905 1394.7
282.141 1396.8
282.573 1398.85
283.472 1400.75
284.479 1402.61
285.161 1404.61
285.592 1406.67
286.002 1408.75
286.669 1410.76
287.621 1412.7
288.563 1414.67
289.296 1416.71
289.812 1418.81
290.395 1420.89
291.129 1422.92
291.974 1424.93
292.689 1426.98
293.557 1428.99
294.836 1430.84
295.412 1432.99
296.089 1435.1
297.066 1437.13
297.806 1439.25
298.678 1441.33
299.853 1443.27
301.169 1445.14
302.611 1446.95
303.579 1449.06
305.138 1450.8
306.096 1452.86
306.79 1455.06
307.735 1457.19
309.07 1459.09
310.737 1460.79
311.824 1462.93
313.691 1464.41
315.046 1466.34
316.436 1468.26
317.858 1470.17
319.537 1471.93
320.853 1474
322.124 1476.06
323.907 1477.74
325.519 1479.57
327.201 1481.36
329.191 1482.75
331.057 1484.27
332.896 1485.81
334.752 1487.36
336.972 1488.34
338.813 1489.87
340.734 1491.27
342.714 1492.6
344.469 1494.18
346.07 1495.95
347.631 1497.82
349.386 1499.49
351.245 1501.06
352.947 1502.8
354.228 1504.85
355.614 1506.8
357.239 1508.58
359.092 1510.19
360.207 1512.35
361.723 1514.27
363.547 1515.94
365.449 1517.51
367.163 1519.29
368.764 1521.14
370.471 1522.82
372.391 1524.28
374.218 1525.78
375.892 1527.53
377.805 1529.03
379.913 1530.13
382.007 1531.21
384.077 1532.39
386.102 1533.62
387.713 1535.41
389.613 1536.79
391.723 1537.86
393.778 1539
395.703 1540.34
397.648 1541.63
399.477 1543.14
401.756 1543.77
403.608 1545.23
405.651 1546.27
407.758 1547.2
409.746 1548.36
411.545 1549.77
413.174 1551.42
415.167 1552.6
416.96 1554.04
418.726 1555.45
420.68 1556.57
422.785 1557.37
424.851 1558.24
426.785 1559.39
428.711 1560.47
430.687 1561.39
432.658 1562.33
434.54 1563.41
436.448 1564.45
438.467 1565.19
440.51 1565.9
442.36 1567.05
444.3 1567.98
446.242 1568.88
448.219 1569.66
450.189 1570.48
452.089 1571.47
453.92 1572.57
455.824 1573.57
457.736 1574.58
459.689 1575.5
461.664 1576.37
463.568 1577.44
465.568 1578.28
467.527 1579.19
469.404 1580.28
471.358 1581.21
473.388 1581.91
475.471 1582.44
477.618 1582.76
479.676 1583.48
481.679 1584.27
483.378 1585.67
485.351 1586.51
487.401 1587.17
489.415 1587.94
491.449 1588.59
493.507 1589.13
495.487 1589.9
497.359 1590.98
499.428 1591.55
501.311 1592.55
503.124 1593.71
505.147 1594.42
507.118 1595.24
509.019 1596.23
510.96 1597.06
512.987 1597.63
515.069 1597.96
517.111 1598.49
519.164 1599.04
521.239 1599.47
523.283 1600.01
525.277 1600.69
527.299 1601.27
529.332 1601.84
531.375 1602.34
533.391 1602.92
535.338 1603.72
537.301 1604.46
539.314 1604.98
541.35 1605.41
543.415 1605.71
545.533 1605.61
547.638 1605.63
549.436 1606.65
550.867 1608.22
552.488 1609.53
554.441 1610.25
556.488 1610.76
558.464 1611.5
560.414 1612.33
562.472 1612.73
564.574 1612.91
566.657 1613.19
568.74 1613.58
570.843 1613.78
572.951 1613.88
575.055 1614.02
577.068 1614.54
578.967 1615.41
580.838 1616.32
582.778 1617.05
584.763 1617.64
586.788 1618.03
588.834 1618.34
590.838 1618.8
592.785 1619.53
594.731 1620.22
596.739 1620.71
598.739 1621.21
600.737 1621.77
602.711 1622.45
604.629 1623.29
606.682 1623.66
608.769 1623.87
610.844 1624.14
612.885 1624.57
614.875 1625.2
616.832 1625.88
618.852 1626.33
620.911 1626.69
622.922 1627.26
624.931 1627.9
626.999 1628.3
629.098 1628.55
631.205 1628.72
633.331 1628.87
635.465 1629.05
637.605 1629.32
639.731 1629.79
641.871 1630.11
643.977 1629.78
645.801 1628.53
647.674 1627.33
649.737 1627.66
651.32 1629.27
653.013 1630.67
654.732 1631.99
656.716 1632.75
658.83 1633.05
660.958 1633.19
663.084 1633.26
665.168 1632.88
667.193 1632.11
669.295 1631.97
671.259 1632.74
673.062 1633.87
675.023 1634.57
677.077 1634.93
679.162 1635
681.239 1635
683.287 1635.29
685.306 1635.77
687.327 1636.22
689.349 1636.57
691.395 1636.76
693.433 1636.97
695.429 1637.41
697.445 1637.79
699.492 1637.94
701.555 1637.95
703.616 1637.93
705.693 1637.93
707.762 1638.03
709.822 1638.2
711.874 1638.18
713.854 1637.7
715.737 1636.85
717.711 1637.02
719.595 1637.82
721.571 1638.26
723.604 1638.45
725.653 1638.41
727.699 1638.22
729.747 1638.04
731.796 1637.95
733.835 1637.98
735.859 1638.1
737.877 1638.19
739.889 1638.24
741.898 1638.21
743.901 1638.2
745.912 1638.25
747.92 1638.43
749.922 1638.6
751.931 1638.59
753.914 1638.9
755.86 1639.41
757.837 1639.78
759.846 1640.05
761.848 1640.33
763.83 1640.75
765.828 1641.06
767.85 1641.11
769.875 1641.12
771.896 1641.13
773.919 1641.15
775.94 1641.19
777.958 1641.2
779.975 1641.2
781.989 1641.21
784.001 1641.25
786.01 1641.2
788.018 1641.09
790.014 1640.85
791.995 1640.49
793.983 1640.19
795.968 1640.31
797.915 1640.78
799.889 1641.08
801.882 1641.16
803.874 1641.2
805.863 1641.21
807.853 1641.2
809.844 1641.22
811.835 1641.28
813.825 1641.3
815.816 1641.26
817.825 1641.23
819.837 1641.23
821.851 1641.23
823.867 1641.25
825.886 1641.22
827.907 1641.13
829.929 1641.07
831.952 1641.13
833.966 1641.18
835.979 1641.19
837.988 1641.17
839.994 1641.1
841.99 1641.11
843.979 1641.18
845.961 1641.24
847.936 1641.29

354

939.175 1390.41
939.338 1388.11
940.898 1386.36
943.029 1385.19
945.001 1383.83
947.093 1382.74
948.961 1381.27
951.147 1380.43
953.299 1379.56
955.332 1378.49
957.298 1377.34
959.097 1375.87
961.232 1375.02
962.783 1373.32
964.618 1372.04
966.558 1370.91
968.493 1369.79
970.169 1368.31
971.578 1366.59
972.58 1364.55
973.73 1362.61
975.468 1361.08
977.084 1359.4
978.367 1357.46
979.826 1355.66
981.234 1353.81
982.549 1351.84
983.687 1349.79
985.354 1348.06
986.188 1345.87
986.777 1343.56
987.829 1341.44
989.337 1339.62
991.325 1338.29
993.413 1337.09
995.031 1335.3
996.648 1333.46
998.723 1332.19
1000.71 1330.83
1002.6 1329.37
1004.31 1327.64
1006.21 1326.17
1008.12 1324.72
1010.26 1323.61
1012.4 1322.5
1014.52 1321.39
1016.31 1319.74
1018.31 1318.4
1019.95 1316.64
1021.58 1314.9
1023.48 1313.4
1025.13 1311.62
1026.69 1309.81
1028.52 1308.32
1030.37 1306.85
1032.28 1305.43
1034.04 1303.77
1035.93 1302.33
1037.6 1300.65
1039.51 1299.2
1041.45 1297.8
1043.05 1295.99
1045.12 1294.84
1047 1293.36
1048.83 1291.91
1050.53 1290.31
1052.22 1288.7
1053.85 1287.03
1055.51 1285.29
1057.54 1284.02
1059.4 1282.57
1061.23 1281.1
1063.08 1279.62
1065.19 1278.68
1067.35 1277.92
1069.41 1276.97
1070.58 1275.08
1071.11 1272.84
1071.75 1270.64
1073.13 1268.73
1074.48 1266.82
1076.03 1265.05
1077.36 1263.08
1078.74 1261.11
1079.56 1258.87
1081.1 1257.09
1082.43 1255.17
1083.49 1253.04
1084.73 1251.04
1086.04 1249.09
1087.63 1247.28
1089.19 1245.42
1090.56 1243.45
1092.22 1241.68
1093.46 1239.6
1095.04 1237.83
1097 1236.5
1098.75 1234.9
1100.81 1233.89
1103.03 1233.22
1104.89 1231.86
1106.81 1230.66
1108.85 1229.68
1111.04 1229.02
1112.87 1227.71
1114.76 1226.54
1116.88 1225.9
1119.07 1225.4
1121.1 1224.53
1123.09 1223.55
1125.14 1222.72
1127.15 1221.83
1129.24 1221.16
1131.36 1220.7
1133.48 1220.2
1135.5 1219.37
1137.46 1218.41
1139.2 1217.13
1140.47 1215.33
1141.58 1213.38
1143.21 1211.82
1144.8 1210.23
1146.43 1208.68
1148.03 1207.06
1149.5 1205.25
1151.45 1203.96
1153.43 1202.67
1155.41 1201.38
1157.22 1199.78
1159.42 1198.7
1160.95 1196.78
1162.42 1194.83
1164.11 1193.05
1165.77 1191.19
1167.5 1189.32
1169.59 1187.86
1171.79 1186.56
1174.26 1186.05
1176.8 1186.23
1179.11 1187.28
1181.27 1188.68
1183.55 1189.84
1185.67 1191.3
1187.87 1192.59
1190.28 1193.38
1192.57 1194.43
1194.6 1195.92
1196.62 1197.41
1198.48 1199.15
1200.79 1200.01
1203.08 1200.91
1205.45 1201.47
1207.71 1202.41
1209.71 1203.84
1211.54 1205.46
1213.12 1207.36
1215.07 1208.83
1217 1210.25
1218.85 1211.72
1220.55 1213.36
1221.89 1215.33
1223.53 1217.05
1225.24 1218.69
1226.69 1220.53
1228.18 1222.33
1229.8 1224.01
1231.5 1225.69
1233.49 1227.01
1235.19 1228.64
1236.69 1230.46
1237.73 1232.59
1238.76 1234.72
1240.2 1236.63
1241.28 1238.74
1242.47 1240.77
1244.06 1242.52
1245.74 1244.19
1247.8 1245.43
1250.01 1246.49
1252.13 1247.67
1253.73 1249.57
1255.58 1251.25
1257.39 1253
1258.67 1255.17
1259.98 1257.32
1260.76 1259.67
1260.97 1262.14
1260.83 1264.64
1260.08 1267.01
1258.7 1269.13
1257.35 1271.27
1255.59 1273.09
1253.75 1274.76
1252.32 1276.74
1250.85 1278.68
1249.51 1280.67
1248.32 1282.7
1246.99 1284.65
1245.65 1286.59
1244.45 1288.61
1243.11 1290.51
1242.02 1292.55
1241.07 1294.68
1239.49 1296.38
1237.72 1297.93
1235.9 1299.33
1233.91 1300.49
1231.76 1301.31
1229.67 1302.27
1227.82 1303.66
1225.84 1304.8
1223.69 1305.58
1221.6 1306.47
1219.51 1307.31
1217.44 1308.21
1215.39 1309.13
1213.64 1310.53
1212.32 1312.36
1210.91 1314.14
1209.27 1315.69
1207.29 1316.85
1205.2 1317.88
1203.62 1319.6
1202.18 1321.48
1200.41 1323
1198.47 1324.28
1196.21 1324.92
1194 1325.66
1192.05 1327.06
1189.8 1327.61
1187.76 1328.65
1185.78 1329.77
1183.75 1330.84
1181.99 1332.27
1180.28 1333.7
1178.63 1335.24
1176.53 1336.13
1174.86 1337.72
1172.84 1338.76
1170.82 1339.8
1168.76 1340.71
1166.64 1341.5
1164.44 1341.98
1162.35 1342.83
1160.35 1343.85
1158.55 1345.24
1156.47 1346.11
1154.34 1346.82
1152.28 1347.71
1150.17 1348.43
1148.01 1348.88
1145.86 1349.35
1143.89 1350.3
1142.03 1351.47
1139.91 1351.98
1137.9 1352.75
1135.86 1353.45
1133.79 1354.06
1131.7 1354.57
1129.68 1355.33
1127.71 1356.16
1125.64 1356.69
1123.55 1357.12
1121.55 1357.91
1119.84 1359.31
1117.9 1360.23
1116.01 1361.3
1113.9 1361.7
1111.78 1362.07
1109.75 1362.76
1107.81 1363.69
1105.83 1364.54
1103.79 1365.24
1101.74 1365.82
1099.68 1366.39
1097.65 1367.11
1095.68 1367.99
1093.71 1368.79
1091.6 1369.1
1089.49 1369.39
1087.5 1370.12
1085.65 1371.2
1083.74 1372.1
1081.67 1372.51
1079.59 1372.63
1077.5 1372.61
1075.41 1372.58
1073.33 1372.72
1071.31 1373.28
1069.26 1373.64
1067.2 1373.89
1065.19 1374.38
1063.29 1375.26
1061.45 1376.35
1059.42 1376.9
1057.35 1377.21
1055.31 1377.62
1053.3 1378.13
1051.28 1378.6
1049.3 1379.27
1047.36 1380.05
1045.35 1380.55
1043.29 1380.85
1041.25 1381.12
1039.24 1381.59
1037.21 1381.96
1035.18 1382.36
1033.19 1382.96
1031.18 1383.44
1029.09 1383.59
1027.06 1384.04
1025.5 1385.57
1023.62 1386.41
1021.57 1386.92
1019.59 1387.64
1017.59 1388.29
1015.53 1388.64
1013.46 1388.78
1011.38 1388.8
1009.31 1388.82
1007.24 1388.88
1005.18 1389.02
1003.12 1389.21
1001.06 1389.44
999.032 1389.86
997.006 1390.25
994.95 1390.46
992.886 1390.68
990.844 1391.09
988.795 1391.38
986.736 1391.6
984.745 1392.15
983.017 1393.37
981.081 1394.06
979.054 1394.38
976.995 1394.54
974.926 1394.73
972.847 1394.98
970.782 1395.39
968.717 1395.86
966.684 1396.46
964.589 1396.79
962.453 1396.97
960.301 1397.22
958.137 1397.62
955.922 1397.84
953.67 1398
951.387 1398.22
949.094 1398.41
946.769 1398.54
944.443 1398.28
942.382 1397.24
941.408 1394.96
940.449 1392.61

38

766.626 1409.23
764.268 1408.22
761.827 1407.76
759.351 1407.84
756.897 1407.98
754.443 1408.03
751.99 1408.19
749.539 1408.34
747.114 1407.84
744.671 1407.27
742.145 1407.12
739.639 1406.75
737.404 1405.65
736.171 1403.42
735.517 1400.84
734.731 1398.29
734.487 1395.79
735.804 1393.83
738.153 1393.08
740.617 1392.59
743.098 1392.27
745.582 1392.32
748.042 1392.71
750.487 1393.1
752.927 1393.42
755.368 1393.6
757.797 1393.78
760.208 1394.12
762.637 1394.47
765.062 1394.95
767.47 1395.62
769.878 1396.34
772.064 1397.48
772.709 1399.86
772.361 1402.52
772.039 1405.2
770.923 1407.5
769.056 1409.15

