CONTOUR

2

2222

866.071 1692.53
868.091 1692.65
870.109 1692.74
872.133 1692.73
874.169 1692.7
876.205 1692.68
878.242 1692.66
880.276 1692.63
882.304 1692.62
884.332 1692.62
886.357 1692.61
888.382 1692.54
890.403 1692.39
892.409 1692.11
894.378 1691.63
896.324 1691.08
898.314 1690.75
900.319 1690.56
902.334 1690.46
904.352 1690.45
906.37 1690.57
908.394 1690.76
910.431 1690.92
912.481 1690.95
914.528 1690.8
916.575 1690.61
918.626 1690.42
920.633 1690.03
922.522 1689.26
924.179 1687.88
926.211 1687.65
928.29 1687.78
930.38 1687.84
932.473 1687.82
934.502 1688.17
936.384 1689.1
938.397 1689.21
940.424 1689.04
942.434 1688.66
944.442 1688.3
946.464 1687.97
948.472 1687.57
950.464 1687.1
952.393 1686.38
954.376 1685.86
956.405 1685.67
958.445 1685.64
960.491 1685.72
962.543 1685.8
964.597 1685.79
966.651 1685.76
968.71 1685.74
970.769 1685.67
972.822 1685.56
974.863 1685.36
976.861 1684.92
978.864 1684.57
980.853 1684.15
982.825 1683.61
984.803 1683.12
986.815 1682.82
988.831 1682.59
990.836 1682.3
992.814 1681.89
994.822 1681.73
996.844 1681.68
998.867 1681.78
1000.87 1682.11
1002.9 1682.21
1004.93 1682.18
1006.96 1681.88
1008.93 1681.36
1010.93 1680.94
1012.85 1680.18
1014.87 1679.69
1016.89 1679.16
1018.89 1678.61
1020.87 1678.03
1022.89 1677.66
1024.87 1677.14
1026.88 1676.82
1028.91 1676.59
1030.93 1676.31
1032.92 1675.93
1034.86 1675.3
1036.8 1674.72
1038.77 1674.28
1040.74 1673.9
1042.75 1673.77
1044.76 1673.71
1046.78 1673.63
1048.82 1673.53
1050.88 1673.48
1052.96 1673.43
1055.05 1673.34
1057.11 1673.09
1059.11 1672.52
1061.04 1671.69
1063.07 1671.12
1065.1 1670.58
1067.14 1670.09
1069.21 1669.81
1071.27 1669.5
1073.28 1668.93
1075.31 1668.43
1077.3 1667.75
1079.24 1666.95
1081.26 1666.46
1083.32 1666.25
1085.38 1666.02
1087.41 1665.56
1089.44 1665.07
1091.37 1664.26
1093.3 1663.44
1095.21 1662.56
1097.1 1661.61
1099.16 1661.26
1101.23 1661.08
1103.3 1660.9
1105.38 1660.75
1107.46 1660.64
1109.54 1660.44
1111.54 1659.85
1113.47 1658.99
1115.5 1658.51
1117.57 1658.16
1119.61 1657.66
1121.66 1657.3
1123.73 1656.99
1125.72 1656.31
1127.55 1655.25
1129.28 1653.96
1131.31 1653.51
1133.39 1653.29
1135.44 1652.83
1137.43 1652.09
1139.35 1651.19
1141.33 1650.47
1143.33 1649.82
1145.39 1649.38
1147.48 1649.15
1149.58 1648.86
1151.55 1648.1
1153.43 1647.04
1155.4 1646.2
1157.47 1645.76
1159.56 1645.38
1161.62 1644.88
1163.71 1644.47
1165.73 1643.82
1167.63 1642.79
1169.63 1642.07
1171.71 1641.72
1173.75 1641.28
1175.51 1640.09
1177.44 1639.28
1179.45 1638.68
1181.49 1638.16
1183.5 1637.62
1185.53 1637.07
1187.59 1636.64
1189.65 1636.2
1191.64 1635.45
1193.64 1634.73
1195.72 1634.26
1197.72 1633.59
1199.56 1632.47
1201.58 1631.75
1203.63 1631.12
1205.56 1630.18
1207.59 1629.55
1209.65 1629
1211.7 1628.43
1213.67 1627.58
1215.67 1626.75
1217.72 1626.13
1219.74 1625.39
1221.58 1624.19
1223.68 1623.71
1225.81 1623.37
1227.84 1622.66
1229.79 1621.72
1231.86 1621.07
1233.86 1620.29
1235.72 1619.19
1237.61 1618.14
1239.58 1617.19
1241.46 1616.06
1243.41 1615.1
1245.36 1614.12
1247.44 1613.46
1249.49 1612.73
1251.5 1611.87
1253.39 1610.73
1255.39 1609.83
1257.53 1609.35
1259.71 1609.07
1261.82 1608.47
1263.68 1607.25
1265.49 1605.87
1267.65 1605.29
1269.78 1604.63
1271.73 1603.48
1273.72 1602.41
1275.67 1601.32
1277.31 1599.73
1279.28 1598.69
1281.13 1597.44
1283.12 1596.52
1285.01 1595.4
1286.88 1594.26
1288.84 1593.36
1290.86 1592.54
1292.99 1591.94
1295.17 1591.56
1297.19 1590.7
1299.07 1589.51
1300.98 1588.34
1302.74 1586.86
1304.73 1585.8
1306.89 1585.06
1308.88 1583.81
1311.13 1583.1
1313.05 1581.71
1315.17 1580.81
1317.3 1579.86
1319.37 1578.74
1321.43 1577.61
1323.21 1575.97
1325.49 1575.49
1327.83 1575.11
1329.67 1573.57
1331.52 1572.06
1333.45 1570.62
1335.54 1569.39
1337.29 1567.67
1339.02 1565.95
1340.99 1564.56
1343 1563.17
1344.96 1561.75
1347.18 1560.86
1349.33 1559.76
1351.47 1558.61
1353.49 1557.2
1355.46 1555.75
1357.32 1554.14
1359.25 1552.57
1361.4 1551.35
1363.28 1549.71
1365.4 1548.49
1367.56 1547.26
1369.54 1545.77
1370.98 1543.73
1372.59 1541.84
1374.71 1540.61
1376.96 1539.58
1378.96 1538.19
1380.56 1536.33
1381.84 1534.21
1383.52 1532.39
1385.32 1530.69
1387.16 1529.08
1388.94 1527.34
1390.79 1525.63
1393.04 1524.51
1395.22 1523.26
1397.26 1521.79
1399.11 1520.05
1400.67 1518.14
1402.53 1516.52
1404.26 1514.77
1405.83 1512.86
1407.71 1511.18
1409.55 1509.39
1411.38 1507.63
1413.22 1505.87
1415.08 1504.09
1416.85 1502.31
1418.64 1500.6
1420.36 1498.82
1421.89 1496.89
1423.67 1495.13
1425.32 1493.22
1426.77 1491.18
1428.22 1489.16
1429.65 1487.12
1431.37 1485.27
1433.07 1483.44
1434.55 1481.5
1435.97 1479.48
1437.47 1477.53
1439.5 1476.14
1441.43 1474.63
1442.91 1472.73
1444.17 1470.65
1445.18 1468.44
1446.53 1466.42
1447.63 1464.28
1449.2 1462.48
1450.56 1460.56
1451.81 1458.58
1452.76 1456.46
1453.77 1454.39
1455.36 1452.69
1456.69 1450.81
1458.1 1449.02
1459.24 1447.04
1460.34 1445.03
1461.34 1442.99
1462.62 1441.09
1463.64 1439.08
1464.61 1437
1465.79 1435.05
1466.74 1433.03
1467.74 1431.03
1468.46 1428.94
1468.97 1426.82
1469.43 1424.7
1469.89 1422.6
1470.24 1420.5
1471.04 1418.59
1472.42 1416.99
1473.66 1415.31
1474.69 1413.46
1475.74 1411.6
1476.64 1409.66
1477.4 1407.67
1477.89 1405.61
1478.01 1403.48
1478.01 1401.34
1478.2 1399.22
1478.43 1397.09
1478.69 1394.97
1479.25 1392.92
1480.09 1390.96
1481.43 1389.24
1482.2 1387.26
1482.74 1385.19
1483.24 1383.1
1483.55 1380.99
1483.68 1378.87
1483.8 1376.76
1483.99 1374.66
1484.04 1372.58
1484.06 1370.5
1484.16 1368.43
1484.42 1366.39
1484.66 1364.36
1484.85 1362.32
1485.02 1360.27
1485.08 1358.22
1484.95 1356.2
1484.77 1354.18
1484.59 1352.17
1484.45 1350.16
1484.4 1348.15
1484.47 1346.15
1484.72 1344.16
1485.18 1342.2
1485.37 1340.2
1485.48 1338.19
1485.6 1336.18
1485.82 1334.17
1485.85 1332.16
1485.81 1330.14
1485.62 1328.14
1485.2 1326.15
1485.03 1324.12
1484.96 1322.09
1484.92 1320.07
1484.84 1318.05
1484.78 1316.04
1484.77 1314.03
1484.76 1312.03
1484.77 1310.03
1484.81 1308.03
1484.82 1306.02
1484.81 1304.01
1484.84 1302
1484.85 1300
1484.86 1298
1484.86 1296
1484.86 1294.02
1484.87 1292.04
1484.89 1290.05
1484.92 1288.06
1484.95 1286.07
1485.01 1284.07
1485 1282.07
1484.98 1280.06
1484.99 1278.05
1484.99 1276.04
1485.05 1274.02
1485.32 1272.03
1485.7 1270.06
1485.82 1268.06
1485.85 1266.06
1485.85 1264.05
1485.84 1262.05
1485.8 1260.04
1485.76 1258.03
1485.78 1256.02
1485.8 1254.02
1485.83 1252.03
1485.81 1250.05
1485.79 1248.08
1485.81 1246.1
1485.82 1244.13
1485.93 1242.16
1486.4 1240.24
1487.39 1238.53
1488.36 1236.77
1489.4 1235.06
1490.05 1233.16
1491.01 1231.38
1492.13 1229.67
1492.99 1227.84
1493.8 1225.96
1495.21 1224.35
1495.79 1222.4
1496.27 1220.4
1496.85 1218.42
1497.42 1216.44
1498.15 1214.5
1498.88 1212.56
1499.79 1210.68
1500.63 1208.77
1501.64 1206.94
1503.14 1205.36
1503.94 1203.4
1505.08 1201.6
1506.01 1199.66
1507.35 1197.98
1508.59 1196.26
1509.39 1194.28
1510.22 1192.28
1511.53 1190.56
1512.73 1188.75
1513.54 1186.75
1514.21 1184.71
1515.27 1182.82
1516.26 1180.89
1516.93 1178.83
1517.8 1176.87
1519.23 1175.18
1520.01 1173.11
1521.19 1171.25
1521.81 1169.18
1522.71 1167.23
1523.76 1165.31
1524.59 1163.3
1525.2 1161.24
1525.99 1159.24
1527.1 1157.34
1527.89 1155.3
1529.25 1153.56
1530.01 1151.54
1530.79 1149.52
1531.9 1147.65
1532.82 1145.7
1533.65 1143.69
1534.7 1141.8
1535.74 1139.92
1536.78 1138.02
1537.52 1135.99
1538.35 1134
1539.21 1132.04
1540.17 1130.09
1540.98 1128.09
1541.67 1126.08
1542.13 1124
1542.71 1121.92
1543.37 1119.87
1543.67 1117.74
1544.16 1115.67
1545.32 1113.81
1545.86 1111.73
1546.3 1109.63
1546.66 1107.52
1547.19 1105.43
1547.92 1103.41
1548.48 1101.34
1548.84 1099.25
1549.03 1097.13
1549.1 1095.02
1549.12 1092.89
1549.13 1090.77
1549.2 1088.66
1549.38 1086.56
1549.43 1084.47
1549.44 1082.39
1549.51 1080.32
1549.69 1078.27
1549.77 1076.23
1549.81 1074.19
1549.84 1072.17
1549.86 1070.16
1549.99 1068.16
1550.53 1066.23
1551.26 1064.34
1551.85 1062.46
1552.65 1060.64
1553.17 1058.75
1553.48 1056.81
1553.99 1054.89
1554.44 1052.96
1554.89 1051.01
1555.56 1049.11
1556.24 1047.19
1556.68 1045.22
1557.01 1043.21
1557.37 1041.2
1557.89 1039.21
1558.65 1037.28
1559.4 1035.35
1559.77 1033.32
1560.05 1031.25
1560.46 1029.2
1560.86 1027.16
1561.08 1025.09
1561.22 1023.02
1561.28 1020.93
1561.35 1018.85
1561.45 1016.77
1561.67 1014.71
1561.76 1012.65
1561.81 1010.59
1561.88 1008.51
1562.09 1006.44
1562.06 1004.37
1561.78 1002.31
1561.53 1000.25
1561.38 998.201
1561.34 996.161
1561.34 994.117
1561.44 992.069
1561.66 990.031
1561.53 988.008
1560.75 986.119
1559.68 984.297
1559.23 982.257
1559.26 980.151
1559.67 978.07
1560.25 976.037
1561.1 974.109
1561.67 972.12
1561.87 970.082
1561.86 968.039
1561.7 966.008
1561.67 963.977
1561.66 961.948
1561.55 959.926
1561.37 957.906
1561.35 955.884
1561.36 953.861
1561.48 951.841
1561.68 949.829
1561.72 947.81
1561.7 945.79
1561.57 943.774
1561.37 941.757
1561.33 939.733
1561.33 937.707
1561.34 935.68
1561.35 933.649
1561.35 931.617
1561.36 929.584
1561.37 927.55
1561.38 925.516
1561.34 923.482
1561.29 921.446
1561.22 919.414
1560.96 917.413
1560.31 915.497
1559.56 913.617
1558.81 911.735
1558.6 909.747
1559.09 907.759
1559.33 905.749
1559.11 903.716
1558.86 901.669
1558.96 899.613
1559.23 897.571
1559.4 895.522
1559.3 893.469
1559.05 891.422
1558.7 889.383
1558.39 887.339
1558.17 885.282
1558 883.233
1557.82 881.197
1557.43 879.196
1557 877.195
1556.7 875.172
1556.44 873.139
1556.21 871.097
1555.95 869.061
1555.62 867.033
1555.23 865.012
1554.8 863
1554.52 860.972
1554.26 858.944
1553.99 856.915
1553.46 854.929
1553.2 852.902
1552.98 850.876
1552.44 848.925
1551.61 847.067
1550.74 845.213
1550.11 843.276
1549.83 841.249
1549.7 839.199
1549.6 837.148
1549.51 835.113
1549.36 833.094
1549.01 831.1
1548.7 829.042
1548.34 826.984
1547.89 824.932
1547.41 822.876
1546.92 820.819
1546.54 818.739
1546.08 816.694
1545.43 814.693
1545.06 812.627
1544.68 810.557
1544.06 808.54
1543.21 806.612
1542.46 804.641
1542.01 802.587
1541.63 800.545
1541.07 798.54
1540.5 796.532
1539.83 794.555
1538.87 792.7
1537.8 790.885
1537.29 788.878
1537.02 786.809
1536.45 784.823
1535.47 782.985
1534.73 781.041
1534.21 779.025
1533.76 777.017
1533.2 775.041
1532.6 773.062
1531.93 771.096
1531.04 769.205
1530.27 767.268
1529.82 765.243
1529.7 763.158
1529.48 761.09
1528.76 759.137
1527.9 757.213
1526.87 755.362
1526.07 753.428
1525.55 751.414
1525.13 749.362
1524.82 747.296
1524.53 745.223
1524.17 743.156
1523.55 741.15
1522.87 739.163
1522.3 737.151
1521.59 735.173
1520.95 733.181
1519.98 731.304
1519.11 729.393
1517.94 727.629
1517.17 725.685
1516.64 723.669
1516.2 721.614
1515.83 719.539
1515.53 717.449
1515.19 715.353
1514.86 713.251
1514.44 711.163
1513.6 709.238
1512.04 707.649
1511.57 705.57
1511.23 703.455
1510.45 701.437
1510 699.353
1509.78 697.232
1509.34 695.146
1508.83 693.056
1508.27 690.975
1507.38 689.012
1506.34 687.1
1505.41 685.138
1504.14 683.342
1503.49 681.267
1502.77 679.225
1501.8 677.255
1501.52 675.103
1501.16 672.99
1500.31 671.012
1499.35 669.032
1498.48 667.011
1497.53 665.046
1496.18 663.276
1495.26 661.263
1494.46 659.234
1493.87 657.129
1493.33 655.01
1492.8 652.871
1492.2 650.748
1491.35 648.714
1490.43 646.685
1489.26 644.811
1487.61 643.266
1486.17 641.584
1485.14 639.626
1484.27 637.607
1483.17 635.696
1482.26 633.687
1481.45 631.62
1480.41 629.652
1479.29 627.728
1478.17 625.787
1477.38 623.698
1476.63 621.592
1475.89 619.47
1475.05 617.36
1474.32 615.188
1473.45 613.063
1471.86 611.351
1470.5 609.509
1469.13 607.653
1467.95 605.686
1466.72 603.767
1465.57 601.797
1464.2 599.943
1463.36 597.832
1461.79 596.183
1460.59 594.317
1459.3 592.492
1458.13 590.578
1457.15 588.536
1455.87 586.629
1455.19 584.423
1453.49 582.806
1452.27 580.831
1450.91 578.954
1449.56 577.096
1448.12 575.249
1447.27 573.052
1445.78 571.18
1444.87 569.035
1444.03 566.841
1442.92 564.749
1441.56 562.812
1439.72 561.234
1438.34 559.294
1437.12 557.229
1435.91 555.182
1434.59 553.2
1433.35 551.157
1431.7 549.382
1430.14 547.564
1428.76 545.637
1427.54 543.593
1426.3 541.551
1425.22 539.459
1423.73 537.584
1422.6 535.501
1421.22 533.531
1420.01 531.475
1418.72 529.463
1417.54 527.378
1415.89 525.63
1414.1 524.062
1412.44 522.384
1410.74 520.756
1409.11 519.022
1407.59 517.11
1405.91 515.365
1404.46 513.49
1403.12 511.493
1401.76 509.513
1399.99 507.846
1398.97 505.688
1397.47 503.782
1396.3 501.682
1394.73 499.885
1393.16 498.077
1391.45 496.339
1389.76 494.579
1388.55 492.464
1387.21 490.445
1385.65 488.595
1383.71 487.059
1382.09 485.197
1380.44 483.392
1378.72 481.669
1377.3 479.663
1375.58 477.923
1373.8 476.277
1372.29 474.403
1370.68 472.612
1369.23 470.655
1367.65 468.772
1366.03 466.943
1364.66 464.969
1363.59 462.771
1362.32 460.701
1360.66 458.932
1358.76 457.394
1356.92 455.742
1355.02 454.212
1353.36 452.468
1351.5 450.914
1349.55 449.47
1348.12 447.517
1346.65 445.599
1344.97 443.903
1343.24 442.199
1341.43 440.542
1339.96 438.617
1338.51 436.655
1336.95 434.796
1335.21 433.069
1333.35 431.379
1331.85 429.36
1330.04 427.656
1327.91 426.297
1326.23 424.478
1324.51 422.752
1323.02 420.771
1321.38 418.92
1319.49 417.275
1317.79 415.423
1316.58 413.221
1315.17 411.151
1313.62 409.194
1311.79 407.439
1310 405.662
1308.14 404.032
1306.21 402.45
1304.24 400.921
1302.82 398.854
1301.09 396.983
1299.28 395.211
1297.46 393.443
1295.59 391.69
1293.41 390.346
1291.51 388.68
1289.63 386.979
1287.6 385.447
1285.85 383.617
1284.38 381.58
1282.69 379.756
1280.83 378.123
1278.83 376.637
1276.69 375.299
1274.89 373.521
1272.86 372.108
1270.73 370.815
1268.74 369.357
1267.19 367.407
1265.6 365.496
1263.5 364.176
1261.39 362.866
1259.47 361.35
1257.77 359.54
1255.86 357.974
1254.01 356.404
1252.37 354.661
1250.58 353.101
1248.94 351.364
1247.31 349.573
1245.27 348.256
1243.34 346.833
1241.35 345.528
1239.5 343.991
1237.22 343.313
1235.28 341.982
1233.25 340.916
1231.13 339.994
1229.17 338.769
1227.32 337.433
1225.66 335.815
1223.46 335.032
1221.69 333.491
1219.74 332.315
1217.81 331.092
1215.77 330.075
1213.68 329.161
1211.8 327.906
1209.91 326.66
1207.92 325.593
1205.99 324.47
1204.12 323.281
1202.18 322.238
1200.21 321.243
1198.4 319.927
1196.32 319.152
1194.7 317.563
1192.75 316.57
1190.69 315.785
1188.65 314.93
1186.59 314.156
1184.67 313.143
1183.12 311.535
1181.25 310.355
1179.29 309.387
1177.29 308.507
1175.35 307.415
1173.38 306.4
1171.49 305.293
1169.85 303.747
1167.72 303.085
1165.85 301.876
1164 300.686
1162.16 299.473
1160.26 298.336
1158.39 297.182
1156.55 295.945
1154.43 295.314
1152.45 294.344
1150.73 292.945
1148.88 291.723
1147.01 290.53
1145.17 289.299
1143.49 287.774
1141.37 286.969
1139.68 285.427
1137.75 284.302
1135.7 283.305
1133.65 282.358
1131.75 281.172
1130.09 279.569
1128.02 278.604
1126.05 277.449
1124.05 276.423
1122.03 275.378
1119.97 274.395
1118.2 273.032
1116.59 271.432
1114.91 269.874
1113.04 268.617
1111.01 267.585
1108.88 266.739
1106.69 266.093
1104.59 265.228
1102.8 263.733
1100.67 262.851
1098.88 261.377
1096.87 260.343
1094.77 259.452
1092.69 258.549
1090.54 257.853
1088.45 257.039
1086.62 255.645
1084.46 254.863
1082.78 253.289
1080.91 252.053
1078.88 251.078
1076.74 250.377
1074.57 249.811
1072.48 249.031
1070.72 247.548
1068.64 246.691
1066.51 246.028
1064.39 245.417
1062.41 244.44
1060.46 243.425
1058.45 242.56
1056.38 241.916
1054.32 241.323
1052.26 240.781
1050.37 239.826
1048.69 238.523
1046.99 237.263
1045.02 236.377
1043.08 235.451
1041.17 234.467
1039.21 233.593
1037.14 233.014
1035.11 232.328
1033.03 231.785
1030.94 231.342
1028.78 230.977
1027.08 229.502
1025.13 228.602
1023.07 227.963
1021.01 227.294
1018.95 226.661
1016.9 226.081
1014.91 225.313
1012.92 224.542
1010.94 223.758
1008.92 223.078
1006.91 222.434
1005.05 221.342
1003.04 220.68
1001.02 220.056
999.115 219.11
997.107 218.431
995.01 218.064
992.91 217.768
990.85 217.284
988.775 216.863
986.752 216.231
984.704 215.678
982.642 215.195
980.868 213.967
979.005 212.965
977.01 212.298
974.984 211.684
972.983 210.991
970.951 210.468
968.917 210.025
966.906 209.493
964.856 209.225
962.806 208.943
960.858 208.263
958.989 207.323
957.112 206.301
955.362 205.069
953.479 204.041
951.608 202.952
949.644 202.051
947.603 201.405
945.673 200.433
943.7 199.525
941.539 199.037
939.847 197.547
937.908 196.524
935.89 195.642
933.929 194.668
931.837 194.105
929.685 193.72
927.569 193.16
925.605 192.191
923.72 191.072
921.845 189.966
919.806 189.212
917.913 188.15
916.024 187.086
914.005 186.301
911.934 185.668
909.859 185.082
907.875 184.227
905.936 183.215
903.958 182.273
901.982 181.355
899.986 180.52
898.009 179.607
896.024 178.723
893.927 178.207
891.801 177.822
889.767 177.115
888.007 175.724
885.92 175.384
883.764 175.263
881.688 174.762
879.825 173.599
877.745 173.13
875.635 172.811
873.613 172.213
871.747 171.216
869.813 170.403
867.776 169.919
865.685 169.612
863.62 169.179
861.656 168.407
859.708 167.57
857.691 166.981
855.576 167.098
853.455 167.175
851.421 166.63
849.651 165.374
847.652 164.742
845.567 164.436
843.488 164.064
841.462 163.442
839.451 162.795
837.387 162.417
835.315 162.159
833.262 161.858
831.236 161.411
829.184 161.123
827.118 160.919
825.041 160.705
822.966 160.423
820.859 160.265
818.744 160.185
816.624 160.134
814.507 160.029
812.408 159.799
810.319 159.582
808.232 159.563
806.137 159.683
804.039 159.691
801.942 159.611
799.842 159.648
797.747 159.824
795.67 160.149
793.633 160.67
791.697 161.467
790.049 162.878
788.11 163.673
785.994 163.513
783.911 162.954
781.842 162.326
779.767 161.783
777.676 161.402
775.584 161.1
773.492 160.92
771.4 160.916
769.317 161.005
767.236 161.037
765.163 161.114
763.099 161.227
761.047 161.382
759.022 161.755
756.96 162.057
754.883 162.159
752.81 162.25
750.746 162.45
748.715 162.867
746.782 163.63
744.898 164.481
743.013 165.331
741.041 165.91
739.104 166.611
737.155 167.296
735.233 168.035
733.271 168.616
731.242 168.862
729.25 169.208
727.298 169.746
725.417 170.523
723.563 171.358
721.677 172.125
719.711 172.631
717.719 173.074
715.757 173.67
713.823 174.421
711.771 174.366
709.701 173.95
707.606 174.226
705.499 174.399
703.391 174.012
701.301 174.132
699.284 174.765
697.308 175.517
695.41 176.465
693.569 177.556
691.533 178.097
689.441 178.403
687.348 178.731
685.268 179.188
683.181 179.678
681.089 180.149
679.02 180.717
676.997 181.44
675.05 182.403
673.003 183.135
670.895 183.556
668.77 184.02
666.709 184.69
664.614 185.25
662.525 185.879
660.433 186.525
658.373 187.308
656.316 188.127
654.309 189.02
652.48 190.246
650.618 191.44
648.589 192.284
646.673 193.377
644.64 194.196
642.594 195.01
640.685 196.126
638.776 197.227
636.727 198.066
634.748 199.104
632.671 199.902
630.851 201.256
628.779 202.082
626.664 202.806
624.659 203.794
622.601 204.661
620.578 205.592
618.896 207.123
616.993 208.25
615.181 209.572
613.109 210.425
611.115 211.415
609.177 212.486
607.191 213.449
605.218 214.429
603.327 215.521
601.496 216.682
599.588 217.665
597.79 218.785
596.153 220.131
594.216 220.873
592.141 221.167
590.079 221.541
588.003 221.861
585.975 222.46
584.079 223.419
582.507 224.897
580.645 225.897
578.633 226.616
576.685 227.498
574.732 228.389
572.682 229.063
570.711 229.941
568.918 231.233
566.877 231.876
564.826 232.598
562.71 233.022
560.612 233.392
558.568 234.003
556.564 234.688
554.631 235.586
552.715 236.507
550.765 237.349
548.707 237.749
546.624 238.068
544.678 238.834
542.901 239.979
540.948 240.692
538.858 240.873
536.806 241.148
534.775 241.589
532.739 242.029
530.698 242.459
528.686 243.015
526.709 243.732
524.711 244.333
522.711 244.904
520.821 245.737
519.108 246.947
517.207 247.804
515.232 248.429
513.214 248.834
511.16 248.934
509.111 249.023
507.06 249.098
505.051 249.392
503.131 250.07
501.303 250.947
499.512 251.895
497.724 252.837
495.944 253.798
494.118 254.714
492.097 254.849
490.073 254.525
488.093 253.933
486.093 253.512
484.054 253.51
482.022 253.777
479.988 254.043
477.929 254.044
475.867 254.094
473.804 254.205
471.737 254.318
469.665 254.399
467.586 254.389
465.502 254.359
463.412 254.365
461.316 254.405
459.214 254.419
457.107 254.367
454.996 254.382
452.885 254.573
450.809 254.3
448.802 253.607
446.721 253.619
444.652 253.743
442.606 253.959
440.733 254.735
439.125 256.034
437.349 257.045
435.357 257.432
433.307 257.325
431.249 257.051
429.164 256.935
427.067 257.067
424.966 257.303
422.888 257.818
420.746 258.133
418.568 258.203
416.381 258.234
414.19 258.349
412.014 258.71
409.921 259.444
407.926 260.402
406.031 261.546
404.183 262.741
402.143 263.548
400.004 264.123
397.885 264.723
395.695 264.985
393.518 265.296
391.463 266.064
389.587 267.262
387.672 268.386
385.644 269.3
383.617 270.24
381.477 270.898
379.314 271.479
377.32 272.509
375.325 273.579
373.291 274.599
371.349 275.795
369.377 276.941
367.406 278.133
365.488 279.468
363.767 281.054
361.826 282.297
359.909 283.576
358.67 285.491
357.412 287.43
356.352 289.476
355.08 291.377
353.787 293.258
352.352 295.06
350.918 296.809
349.036 298.147
347.413 299.746
345.976 301.524
344.614 303.405
343.343 305.343
341.706 307.01
340.535 308.994
339.475 311.053
338.051 312.803
336.574 314.513
335.207 316.315
333.666 317.989
332.384 319.859
331.026 321.691
329.574 323.408
327.939 324.992
326.916 327.027
325.367 328.679
324.122 330.526
322.846 332.355
321.559 334.158
319.855 335.652
318.391 337.364
316.566 338.665
314.97 340.229
313.675 342.059
312.285 343.882
311.273 345.968
309.681 347.676
308.473 349.618
307.382 351.647
306.354 353.716
305.159 355.669
303.532 357.343
302.045 359.138
300.811 361.061
299.755 363.074
298.716 365.1
297.883 367.201
297.212 369.337
296.439 371.439
295.271 373.356
293.957 375.192
293.109 377.256
292.637 379.428
292.288 381.616
291.709 383.742
290.954 385.808
290.367 387.906
289.837 390.001
289.216 392.081
288.379 394.093
287.39 396.029
286.327 397.901
285.426 399.834
284.634 401.826
283.676 403.749
282.588 405.599
281.692 407.53
281.08 409.567
280.366 411.582
279.73 413.635
279.103 415.684
277.87 417.501
277.367 419.576
276.94 421.672
276.012 423.604
274.921 425.475
274.217 427.507
273.361 429.468
271.944 431.155
271.17 433.149
269.642 434.64
268.411 436.326
267.101 437.96
265.948 439.729
265.129 441.711
263.938 443.49
263.174 445.456
262.158 447.318
261.08 449.146
260.003 450.957
258.886 452.764
258.034 454.689
257.337 456.659
256.946 458.706
256.476 460.741
255.629 462.654
254.63 464.496
253.62 466.35
253.262 468.415
252.988 470.496
252.286 472.474
251.392 474.387
250.571 476.331
249.875 478.307
249.115 480.272
248.098 482.126
247.139 483.996
246.378 485.978
245.591 487.943
244.96 489.978
244.503 492.068
244.025 494.152
243.486 496.226
242.986 498.307
242.737 500.432
242.537 502.56
242.166 504.663
241.84 506.766
241.619 508.884
241.408 511.011
241.183 513.125
241.132 515.247
241.135 517.368
241.172 519.485
241.099 521.59
240.741 523.664
240.168 525.7
239.705 527.749
239.605 529.842
239.712 531.934
239.765 534.018
239.477 536.069
239.07 538.087
238.594 540.084
238.302 542.105
238.316 544.14
238.684 546.138
239.305 548.077
239.863 550.035
240.159 552.052
239.995 554.108
239.752 556.183
239.644 558.293
239.54 560.423
239.53 562.569
239.556 564.732
239.575 566.909
239.62 569.098
239.773 571.291
240.092 573.476
240.511 575.655
240.776 577.859
240.92 580.061
241.233 582.218
241.81 584.312
242.457 586.4
243.266 588.437
244.253 590.389
245.177 592.361
246.342 594.216
247.523 596.054
249.043 597.618
250.129 599.471
251.355 601.185
252.918 602.537
254.609 603.762
255.838 605.426
257.201 607.03
257.82 608.943
257.99 610.951
257.998 612.957
257.943 614.964
257.957 616.973
257.945 618.985
257.871 620.995
257.862 623.01
257.858 625.03
257.887 627.043
257.938 629.045
258.016 631.038
258.054 633.028
258.083 635.02
258.107 637.008
258.061 638.995
257.985 640.98
257.92 642.963
257.823 644.942
257.711 646.919
257.565 648.883
257.486 650.857
257.417 652.845
257.298 654.845
257.023 656.832
256.702 658.818
256.425 660.815
256.388 662.83
256.598 664.85
256.707 666.881
256.702 668.919
256.592 670.958
256.402 672.99
256.32 675.029
256.356 677.071
256.533 679.106
256.753 681.147
256.829 683.195
256.852 685.242
256.915 687.284
257.008 689.315
257.122 691.331
257.212 693.333
257.221 695.323
257.209 697.303
257.192 699.273
257.101 701.236
256.922 703.199
256.715 705.173
256.282 707.115
255.738 709.031
255.386 711.001
254.937 712.92
253.407 714.348
252.38 716.1
251.391 717.881
250.48 719.736
249.423 721.512
247.807 722.892
246.682 724.667
245.096 726.075
243.715 727.682
242.477 729.447
241.014 730.991
239.331 732.37
237.591 733.712
236.45 735.575
235.433 737.511
234.603 739.515
234.055 741.605
233.497 743.676
232.972 745.744
231.994 747.659
231.239 749.633
230.408 751.605
229.315 753.451
228.256 755.301
227.061 757.099
226.052 759.006
224.994 760.87
223.819 762.681
223.212 764.75
222.495 766.801
221.385 768.68
220.248 770.576
219.022 772.484
218.15 774.576
217.727 776.816
217.73 779.087
218.191 781.312
218.728 783.509
218.372 785.659
217.23 787.544
215.969 789.359
214.747 791.196
213.909 793.2
213.567 795.354
213.409 797.539
213.163 799.717
213.041 801.906
213.126 804.097
213.243 806.288
213.206 808.483
212.989 810.67
212.953 812.865
213.26 815.058
213.747 817.207
214.246 819.349
214.954 821.437
215.551 823.555
216.447 825.587
216.908 827.746
217.219 829.922
217.842 832.022
218.61 834.093
219.589 836.083
220.556 838.07
221.487 840.077
222.256 842.156
223.198 844.176
224.15 846.189
225.433 848.056
226.174 850.182
226.858 852.338
227.926 854.332
229.008 856.318
229.857 858.423
231.169 860.339
231.96 862.539
233.329 864.436
234.109 866.61
234.805 868.836
235.816 870.949
236.911 873.004
237.847 875.109
239.398 876.848
241.043 878.526
241.928 880.674
242.634 882.892
243.63 885.011
244.615 887.143
245.675 889.203
246.732 891.258
247.825 893.29
249.205 895.187
250.623 897.004
252.248 898.6
253.832 900.23
255.599 901.704
257.133 903.419
258.41 905.299
259.954 906.927
261.588 908.477
263.443 909.801
265.06 911.405
266.411 913.207
267.831 914.913
269.229 916.618
270.777 918.215
271.832 920.156
273.302 921.906
274.088 923.985
274.445 926.19
274.743 928.422
275.08 930.664
275.481 932.916
275.751 935.2
275.881 937.514
276.139 939.83
276.478 942.141
277.036 944.425
277.517 946.725
278.33 948.95
279.458 951.049
281.202 952.684
282.622 954.544
284.169 956.301
285.847 957.924
287.538 959.609
289.196 961.338
290.747 963.1
292.337 964.829
293.863 966.613
295.741 968.025
297.404 969.78
299.005 971.534
300.646 973.249
302.133 975.117
304.158 976.335
305.894 977.957
307.382 979.783
308.768 981.67
309.984 983.686
311.383 985.617
312.532 987.667
313.455 989.813
314.511 991.923
315.815 993.927
317.179 995.876
318.726 997.717
319.68 999.921
321.083 1001.91
322.391 1003.92
323.827 1005.83
325.229 1007.78
326.903 1009.54
328.61 1011.2
330.409 1012.77
332.021 1014.52
333.555 1016.32
335.201 1018.06
336.589 1019.96
338.164 1021.68
339.465 1023.61
340.532 1025.7
341.769 1027.65
343.44 1029.3
344.996 1031.04
346.759 1032.43
348.53 1033.81
350.495 1034.84
352.491 1035.77
354.569 1036.38
356.683 1036.8
358.681 1037.48
360.058 1039.06
360.996 1040.93
361.083 1043.03
361.12 1045.13
361.257 1047.23
361.572 1049.33
362.034 1051.39
362.83 1053.35
363.819 1055.26
364.544 1057.25
365.559 1059.04
367.083 1060.52
367.933 1062.43
369.583 1063.71
371.007 1065.16
372.344 1066.7
373.663 1068.24
375.15 1069.69
375.094 1071.57
373.577 1072.9
371.764 1073.82
369.916 1074.68
368.144 1075.75
366.331 1076.76
364.381 1077.5
362.574 1078.6
360.811 1079.81
359.192 1081.3
357.278 1082.47
355.64 1083.98
354.227 1085.71
352.983 1087.62
351.428 1089.34
349.702 1090.89
348.255 1092.69
346.773 1094.47
345.049 1096.01
343.46 1097.81
341.68 1099.43
340.181 1101.26
338.846 1103.26
337.496 1105.2
335.61 1106.63
333.709 1108.03
331.991 1109.58
330.557 1111.45
329.175 1113.35
327.276 1114.74
325.472 1116.27
324.143 1118.19
323.043 1120.27
322.29 1122.48
321.575 1124.68
320.444 1126.71
319.087 1128.58
317.292 1130.09
315.723 1131.79
314.327 1133.64
313.1 1135.64
311.514 1137.39
309.78 1138.99
308.369 1140.83
307.118 1142.8
305.928 1144.78
304.592 1146.66
303.455 1148.67
302.503 1150.79
301.309 1152.79
300.761 1154.99
300.546 1157.26
300.29 1159.52
299.566 1161.67
298.579 1163.71
297.387 1165.62
295.812 1167.3
294.856 1169.33
293.612 1171.18
292.859 1173.25
291.987 1175.3
290.897 1177.25
290.252 1179.35
289.868 1181.51
289.414 1183.63
289.136 1185.78
288.998 1187.95
288.734 1190.11
287.901 1192.14
287.207 1194.21
286.359 1196.21
285.718 1198.27
285.179 1200.35
284.856 1202.5
284.655 1204.65
284.549 1206.79
284.505 1208.92
284.292 1211.03
283.745 1213.07
283.028 1215.06
282.658 1217.13
282.429 1219.21
282.318 1221.3
282.288 1223.37
282.296 1225.45
282.301 1227.53
282.297 1229.61
282.272 1231.68
282.268 1233.76
282.271 1235.84
282.274 1237.92
282.247 1239.99
282.278 1242.07
282.422 1244.14
282.589 1246.22
282.742 1248.3
282.785 1250.4
282.806 1252.5
282.932 1254.6
283.284 1256.68
283.745 1258.75
284.082 1260.85
284.011 1262.96
283.282 1264.97
282.464 1266.93
281.91 1268.99
281.589 1271.11
281.482 1273.25
281.908 1275.3
283.211 1276.96
284.793 1278.41
285.822 1280.24
286.857 1282.09
288.262 1283.69
289.463 1285.47
290.922 1287.09
291.761 1289.05
291.475 1291.14
290.303 1293.01
289.291 1294.9
288.978 1296.97
289.023 1299.06
289.138 1301.14
289.411 1303.21
289.851 1305.25
290.058 1307.32
290.162 1309.4
290.205 1311.47
290.194 1313.54
290.181 1315.61
290.183 1317.68
290.231 1319.74
290.323 1321.81
290.479 1323.87
290.83 1325.91
291.564 1327.85
292.138 1329.85
292.496 1331.9
292.877 1333.94
293.406 1335.95
294.272 1337.86
295.03 1339.8
294.827 1341.83
293.938 1343.76
293.916 1345.79
294.287 1347.79
294.936 1349.71
295.828 1351.53
296.785 1353.3
297.296 1355.21
297.268 1357.19
296.981 1359.16
296.731 1361.14
296.667 1363.15
296.757 1365.17
296.825 1367.21
296.931 1369.26
297.04 1371.31
297.172 1373.35
297.444 1375.38
297.814 1377.41
298.047 1379.46
298.267 1381.5
298.502 1383.54
298.694 1385.6
298.78 1387.66
298.847 1389.72
299.111 1391.76
299.55 1393.78
300.005 1395.81
300.314 1397.85
300.598 1399.9
300.978 1401.92
301.554 1403.89
302.504 1405.74
303.031 1407.73
303.088 1409.79
302.963 1411.86
302.52 1413.89
302.163 1415.93
302.122 1418
302.409 1420.05
303.086 1422.02
303.837 1423.97
304.469 1425.96
304.803 1428.03
305.103 1430.1
305.552 1432.17
305.909 1434.27
306.079 1436.4
306.154 1438.54
306.185 1440.69
306.29 1442.86
306.517 1445.03
306.978 1447.17
307.871 1449.19
308.573 1451.27
309.206 1453.38
309.886 1455.48
310.657 1457.55
311.452 1459.61
312.48 1461.58
313.41 1463.6
314.188 1465.67
314.969 1467.74
316.133 1469.62
317.287 1471.51
318.258 1473.49
319.203 1475.5
320.198 1477.5
321.235 1479.51
321.99 1481.62
322.573 1483.8
323.251 1485.96
324.053 1488.09
324.762 1490.27
325.766 1492.31
327.403 1493.97
328.894 1495.75
330.003 1497.78
331.1 1499.81
332.47 1501.66
333.82 1503.55
335.258 1505.4
335.919 1507.65
336.778 1509.81
337.739 1511.95
338.797 1514.07
340.149 1516.02
341.59 1517.91
343.273 1519.66
344.705 1521.61
346.252 1523.44
347.881 1525.19
349.42 1527.03
351.209 1528.65
352.564 1530.61
354.15 1532.36
355.984 1533.82
357.828 1535.3
359.846 1536.54
361.474 1538.26
362.718 1540.31
364.388 1542.01
365.959 1543.85
367.515 1545.74
369.383 1547.31
371.198 1548.9
373.058 1550.45
375.043 1551.85
376.43 1553.86
378.095 1555.61
379.726 1557.38
381.332 1559.19
383.536 1560.23
385.344 1561.87
387.134 1563.48
389.09 1564.91
391.149 1566.23
393.088 1567.69
394.737 1569.5
396.63 1570.98
398.591 1572.37
400.573 1573.71
402.263 1575.43
403.961 1577.12
405.899 1578.43
407.89 1579.71
409.973 1580.88
411.832 1582.35
413.592 1583.95
415.335 1585.64
417.347 1586.96
419.393 1588.19
421.562 1589.15
423.599 1590.38
425.602 1591.67
427.232 1593.44
429.058 1594.94
430.958 1596.37
433.03 1597.49
435.205 1598.3
437.352 1599.2
439.435 1600.28
441.221 1601.83
443.137 1603.14
445.111 1604.38
447.213 1605.37
449.277 1606.38
451.28 1607.49
453.35 1608.44
455.462 1609.31
457.518 1610.23
459.477 1611.29
461.4 1612.43
463.419 1613.34
465.471 1614.11
467.45 1615.04
469.424 1615.98
471.212 1617.29
473.019 1618.54
474.802 1619.8
476.743 1620.82
478.752 1621.73
480.543 1623.07
482.541 1624.04
484.407 1625.3
486.544 1625.86
488.683 1626.46
490.678 1627.42
492.656 1628.43
494.741 1629.14
496.853 1629.81
498.587 1631.3
500.623 1632.19
502.514 1633.37
504.573 1634.15
506.68 1634.83
508.736 1635.64
510.815 1636.33
512.94 1636.81
515.072 1637.22
517.167 1637.85
518.882 1639.33
520.828 1640.28
522.914 1640.88
525.051 1641.28
527.14 1641.85
529.101 1642.82
531.071 1643.72
533.108 1644.44
535.151 1645.11
537.224 1645.62
539.341 1645.91
541.436 1646.35
543.379 1647.25
545.309 1648.18
547.342 1648.83
549.416 1649.31
551.47 1649.85
553.41 1650.71
555.304 1651.69
557.246 1652.55
559.236 1653.27
561.263 1653.8
563.345 1654.12
565.416 1654.59
567.481 1655.18
569.58 1655.63
571.418 1656.73
573.207 1657.91
575.259 1658.47
577.412 1658.61
579.569 1658.76
581.695 1659.11
583.749 1659.75
585.82 1660.29
587.904 1660.67
589.979 1661.03
592.009 1661.51
594.051 1661.75
596.087 1661.91
598.127 1661.92
600.158 1661.8
602.209 1661.76
604.104 1662.46
605.726 1663.76
607.367 1665.05
609.278 1665.91
611.272 1666.6
613.269 1667.34
615.293 1668.02
617.391 1668.36
619.493 1668.56
621.566 1668.85
623.586 1669.42
625.633 1669.79
627.688 1669.94
629.744 1670.03
631.781 1670.32
633.835 1670.53
635.868 1670.89
637.863 1671.46
639.877 1671.98
641.654 1673.16
643.598 1673.86
645.643 1674.21
647.701 1674.48
649.792 1674.66
651.877 1674.88
653.94 1675.26
655.956 1675.84
658.011 1676.27
660.091 1676.51
662.179 1676.67
664.263 1676.83
666.358 1676.98
668.453 1677.17
670.558 1677.37
672.651 1677.72
674.766 1677.92
676.895 1678.17
679.044 1678.46
681.201 1678.77
683.367 1678.84
685.374 1678
687.205 1676.71
689.122 1675.55
691.266 1675.44
693.161 1676.52
694.734 1678.06
696.323 1679.5
698.247 1680.34
700.314 1680.69
702.399 1680.81
704.473 1680.89
706.538 1680.93
708.591 1680.91
710.626 1680.77
712.637 1680.49
714.638 1680.19
716.63 1679.88
718.621 1679.65
720.618 1679.62
722.558 1680.1
724.454 1680.75
726.409 1681.08
728.399 1681.1
730.391 1681.13
732.381 1681.16
734.363 1681.2
736.33 1681.27
738.292 1681.3
740.253 1681.33
742.204 1681.52
744.092 1682.1
746.034 1682.53
748.012 1682.77
750.005 1682.88
752.002 1682.91
753.981 1683.1
755.939 1683.48
757.863 1684.03
759.742 1684.77
761.672 1685.4
763.667 1685.81
765.61 1686.45
767.36 1687.53
769.161 1688.5
771.121 1689.07
773.17 1689.27
775.217 1689.52
777.237 1689.93
779.265 1689.94
781.247 1689.52
783.2 1688.97
785.167 1689.31
787.078 1690
789.059 1690.42
791.094 1690.56
793.153 1690.58
795.222 1690.55
797.301 1690.54
799.384 1690.59
801.448 1690.84
803.458 1691.39
805.453 1691.99
807.503 1692.14
809.572 1692.02
811.634 1691.89
813.691 1691.86
815.739 1692.01
817.774 1692.25
819.799 1692.47
821.823 1692.61
823.844 1692.71
825.853 1692.68
827.86 1692.57
829.863 1692.42
831.867 1692.26
833.88 1692.26
835.886 1692.4
837.887 1692.57
839.888 1692.67
841.884 1692.72
843.88 1692.73
845.877 1692.7
847.875 1692.56
849.888 1692.49
851.906 1692.47
853.93 1692.48
855.958 1692.49
857.985 1692.46
860.009 1692.43
862.028 1692.43
864.047 1692.44

526

869.58 1451.31
867.608 1450.96
865.62 1450.76
863.627 1450.66
861.639 1450.54
859.662 1450.33
857.694 1450.09
855.735 1449.8
853.767 1449.53
851.78 1449.44
849.784 1449.42
847.784 1449.35
845.797 1449.25
843.808 1449.22
841.815 1449.23
839.823 1449.31
837.825 1449.43
835.819 1449.44
833.808 1449.45
831.792 1449.48
829.782 1449.52
827.781 1449.71
825.789 1450
823.78 1449.95
821.781 1449.63
819.772 1449.42
817.753 1449.3
815.724 1449.27
813.693 1449.25
811.66 1449.23
809.625 1449.22
807.588 1449.19
805.552 1449.14
803.514 1449.11
801.476 1449.1
799.438 1449.1
797.4 1449.11
795.364 1449.15
793.33 1449.21
791.301 1449.2
789.328 1448.86
787.512 1447.99
785.708 1447.1
783.795 1446.43
781.815 1446.08
779.801 1445.98
777.788 1445.95
775.774 1445.99
773.757 1446.08
771.734 1446.12
769.706 1446.11
767.674 1446.07
765.634 1445.99
763.598 1445.94
761.575 1445.81
759.57 1445.52
757.565 1445.14
755.538 1444.91
753.496 1444.81
751.451 1444.73
749.417 1444.6
747.385 1444.42
745.359 1444.17
743.358 1443.74
741.335 1443.42
739.29 1443.31
737.243 1443.24
735.204 1443.08
733.173 1442.82
731.142 1442.61
729.127 1442.34
727.178 1441.74
725.214 1441.15
723.351 1440.27
721.383 1439.74
719.385 1439.31
717.398 1438.77
715.382 1438.45
713.371 1438.15
711.348 1437.94
709.319 1437.89
707.284 1437.89
705.246 1437.91
703.205 1438
701.15 1438.13
699.09 1438.07
697.031 1437.94
694.968 1437.9
692.914 1437.81
690.857 1437.7
688.836 1437.39
686.96 1436.53
685.037 1435.78
683.067 1435.19
681.073 1434.7
679.059 1434.35
677.012 1434.16
674.967 1434.05
672.931 1433.87
670.928 1433.45
668.905 1433.26
666.895 1433
664.975 1432.3
663.055 1431.6
661.046 1431.12
659.107 1430.44
657.132 1429.88
655.146 1429.36
653.118 1428.96
651.075 1428.75
649.016 1428.67
646.946 1428.66
644.882 1428.57
642.821 1428.36
640.794 1427.92
638.844 1427.16
636.829 1426.63
634.781 1426.25
632.756 1425.81
630.736 1425.27
628.666 1424.92
626.639 1424.41
624.668 1423.67
622.672 1422.93
620.537 1422.92
618.475 1422.61
616.486 1421.94
614.481 1421.3
612.445 1420.74
610.444 1420.04
608.59 1418.97
606.67 1418.05
604.59 1417.65
602.449 1417.44
600.324 1417.07
598.291 1416.31
596.229 1415.6
594.234 1414.74
592.22 1413.91
590.136 1413.27
588.02 1412.76
585.924 1412.12
583.956 1411.11
581.924 1410.22
579.75 1409.83
577.548 1409.6
575.368 1409.22
573.251 1408.55
571.279 1407.5
569.371 1406.33
567.376 1405.31
565.458 1404.11
563.699 1402.68
561.864 1401.35
560.1 1399.84
557.908 1399.17
556.2 1397.63
554.207 1396.63
552.037 1395.95
549.941 1395.09
547.941 1394.09
546.07 1392.85
544.319 1391.41
542.767 1389.71
540.696 1388.74
538.582 1387.85
536.554 1386.78
534.665 1385.53
533.027 1383.88
531.091 1382.69
529.477 1381.06
527.727 1379.56
526.631 1377.5
524.913 1375.97
522.945 1374.75
520.875 1373.71
518.68 1372.97
516.434 1372.32
514.311 1371.3
512.202 1370.22
510.339 1368.82
508.703 1367.17
507.654 1364.98
506.389 1362.94
505.02 1360.97
503.281 1359.22
501.533 1357.44
499.683 1355.79
497.934 1354.01
496.642 1351.86
495.012 1349.99
492.907 1348.58
491.066 1346.87
489.335 1345.04
487.682 1343.09
487.316 1340.55
487.407 1337.91
487.834 1335.34
489.301 1333.1
490.165 1330.67
490.691 1328.16
491.547 1325.75
492.462 1323.37
493.502 1321.07
495.088 1319.04
495.952 1316.62
497.503 1314.58
499.109 1312.6
501.074 1310.93
502.842 1309.05
504.606 1307.22
506.137 1305.23
507.612 1303.18
509.489 1301.53
511.92 1301.17
514.411 1301.39
516.787 1302.1
518.861 1303.49
520.615 1305.22
522.725 1306.35
524.784 1307.5
526.714 1308.8
528.5 1310.26
530.42 1311.53
532.144 1313
534.025 1314.11
536.049 1314.94
538.038 1315.81
540.065 1316.48
542.101 1316.98
544.107 1317.51
546.143 1317.79
548.187 1318.01
550.135 1318.61
551.976 1319.48
553.918 1320.11
555.906 1320.53
557.938 1320.66
559.98 1320.68
562.013 1320.59
564.039 1320.61
566.054 1320.83
568.08 1321
570.11 1321.19
572.14 1321.33
574.185 1321.35
576.241 1321.37
578.313 1321.32
580.391 1321.13
582.435 1320.57
584.383 1319.67
586.436 1318.93
588.094 1317.37
590.077 1316.42
592.33 1316.16
594.611 1316.48
596.704 1317.39
598.489 1318.96
600.675 1319.65
602.792 1320.48
604.901 1321.29
607.103 1321.84
609.097 1322.85
610.848 1324.25
612.632 1325.58
614.325 1327.09
616.468 1327.83
618.274 1329.27
620.366 1330.09
622.517 1330.76
624.477 1331.87
626.356 1333.11
627.662 1334.95
628.818 1336.92
630.661 1338.1
632.859 1338.35
635.082 1338.24
637.281 1338.27
639.44 1338.62
641.476 1339.44
643.468 1340.38
645.546 1341.07
647.628 1341.77
649.659 1342.6
651.641 1343.51
653.502 1344.63
655.461 1345.55
657.453 1346.4
659.441 1347.24
661.405 1348.16
663.42 1348.93
665.501 1349.47
667.586 1349.98
669.54 1350.91
671.539 1351.69
673.477 1352.65
675.549 1353.15
677.665 1353.45
679.712 1354.06
681.667 1354.96
683.61 1355.91
685.666 1356.52
687.798 1356.85
689.821 1357.48
691.516 1358.95
693.605 1359.35
695.756 1359.38
697.885 1359.63
699.971 1360.11
701.91 1361
703.898 1361.75
705.888 1362.51
707.827 1363.44
709.747 1364.4
711.772 1365.08
713.906 1365.43
715.922 1366.09
717.691 1367.38
719.591 1368.41
721.443 1369.58
723.488 1370.24
725.561 1370.79
727.532 1371.65
729.486 1372.53
731.363 1373.5
732.958 1375
734.976 1375.59
736.971 1376.17
738.973 1376.76
741.003 1377.21
743.003 1377.71
744.824 1378.67
746.57 1379.78
748.463 1380.59
750.422 1381.2
752.373 1381.82
754.228 1382.69
756.06 1383.62
757.908 1384.53
759.783 1385.36
761.808 1385.79
763.835 1386.09
765.871 1386.22
767.909 1386.25
769.922 1386.4
771.915 1386.73
773.849 1387.31
775.728 1388.09
777.688 1388.56
779.667 1388.88
781.648 1389.19
783.621 1389.55
785.592 1389.8
787.582 1389.91
789.56 1390.17
791.489 1390.74
793.439 1391.26
795.407 1391.7
797.327 1392.32
799.272 1392.89
801.288 1393.13
803.304 1393.25
805.318 1393.32
807.334 1393.34
809.35 1393.36
811.363 1393.39
813.37 1393.42
815.375 1393.38
817.365 1393.34
819.354 1393.39
821.342 1393.45
823.309 1393.73
825.255 1394.19
827.242 1394.3
829.237 1394.26
831.228 1394.09
833.218 1393.84
835.223 1393.79
837.232 1393.78
839.239 1393.64
841.254 1393.42
843.276 1393.31
845.304 1393.26
847.336 1393.22
849.363 1393.14
851.396 1393.09
853.427 1393.21
855.448 1393.37
857.489 1393.5
859.538 1393.61
861.587 1393.81
863.602 1394.29
865.608 1394.74
867.591 1395.32
869.581 1395.92
871.634 1396.21
873.706 1396.33
875.778 1396.48
877.852 1396.57
879.933 1396.53
882.029 1396.47
884.13 1396.46
886.236 1396.49
888.341 1396.58
890.439 1396.79
892.39 1397.49
893.989 1399.01
896.058 1399.43
898.075 1400.03
900.034 1400.76
902.023 1401.31
904.009 1401.86
906.018 1402.34
908.063 1402.73
910.074 1403.28
912.077 1403.88
914.115 1404.29
916.161 1404.62
918.2 1404.94
920.23 1405.29
922.24 1405.71
924.161 1406.58
926.215 1406.38
928.273 1405.93
930.317 1406.22
932.263 1407.05
934.193 1407.92
935.997 1409.07
938.056 1409.56
940.175 1409.82
942.256 1410.26
944.207 1411.15
946.185 1412
948.273 1412.44
950.396 1412.64
952.534 1412.7
954.67 1412.86
956.736 1413.34
958.689 1414.23
960.594 1415.22
962.632 1415.93
964.601 1416.77
966.616 1417.43
968.682 1418.01
970.769 1418.5
972.87 1419.01
974.932 1419.73
977.016 1420.41
979.072 1421.08
981.086 1421.94
982.869 1423.38
984.957 1424.16
987.126 1424.81
989.349 1425.32
991.549 1425.96
993.624 1427.03
995.73 1428.11
997.937 1429.01
999.907 1430.32
1000.64 1432.62
1000.86 1435.11
1000.84 1437.66
1000.51 1440.1
998.981 1441.82
996.682 1442.4
994.315 1442.63
991.984 1442.89
989.697 1443.32
987.451 1443.83
985.218 1444.25
982.985 1444.53
980.769 1444.6
978.572 1444.61
976.413 1444.82
974.322 1445.41
972.199 1445.66
970.085 1445.78
967.98 1445.85
965.895 1445.96
963.81 1446.04
961.72 1446.04
959.645 1446.16
957.59 1446.41
955.534 1446.51
953.484 1446.47
951.445 1446.31
949.408 1446.16
947.378 1446.22
945.365 1446.51
943.368 1446.93
941.384 1447.44
939.44 1448.11
937.465 1448.65
935.455 1448.14
933.436 1447.8
931.393 1447.76
929.352 1447.75
927.316 1447.69
925.292 1447.66
923.265 1447.66
921.236 1447.7
919.211 1447.84
917.201 1448
915.201 1448.23
913.241 1448.69
911.287 1449.17
909.285 1449.33
907.271 1449.31
905.261 1449.29
903.251 1449.31
901.248 1449.34
899.249 1449.32
897.253 1449.29
895.26 1449.28
893.26 1449.33
891.265 1449.41
889.276 1449.47
887.287 1449.49
885.302 1449.48
883.312 1449.5
881.326 1449.67
879.397 1450.21
877.48 1450.8
875.523 1451.24
873.551 1451.58
871.559 1451.6

