CONTOUR

2

2462

920.768 1714.95
922.817 1714.93
924.867 1714.96
926.903 1715.2
928.913 1715.68
930.965 1715.84
933.025 1715.78
935.048 1715.35
937.039 1714.79
939.092 1714.63
941.155 1714.62
943.215 1714.65
945.264 1714.69
947.31 1714.7
949.35 1714.73
951.383 1714.81
953.412 1714.81
955.423 1714.65
957.415 1714.38
959.402 1714.14
961.393 1714.04
963.389 1714.12
965.386 1714.19
967.37 1713.92
969.35 1713.54
971.364 1713.44
973.386 1713.43
975.407 1713.4
977.399 1713.34
979.389 1713.26
981.384 1713.19
983.384 1713.18
985.381 1713.22
987.377 1713.14
989.337 1712.75
991.261 1712.19
993.237 1711.98
995.223 1711.88
997.207 1711.78
999.192 1711.72
1001.17 1711.73
1003.16 1711.79
1005.15 1711.79
1007.15 1711.73
1009.15 1711.65
1011.15 1711.46
1013.15 1711.12
1015.16 1710.8
1017.18 1710.69
1019.21 1710.68
1021.25 1710.57
1023.27 1710.35
1025.29 1710.06
1027.31 1709.92
1029.33 1709.89
1031.37 1709.97
1033.41 1710.05
1035.44 1709.93
1037.46 1709.76
1039.46 1709.47
1041.47 1709.17
1043.5 1709.04
1045.52 1708.92
1047.55 1708.75
1049.58 1708.64
1051.62 1708.58
1053.65 1708.57
1055.69 1708.61
1057.72 1708.64
1059.76 1708.66
1061.79 1708.62
1063.81 1708.44
1065.83 1708.1
1067.76 1707.43
1069.7 1706.84
1071.7 1706.54
1073.73 1706.42
1075.76 1706.31
1077.78 1706.12
1079.76 1705.63
1081.77 1705.33
1083.8 1705.18
1085.85 1705.04
1087.88 1704.76
1089.85 1704.15
1091.74 1703.35
1093.55 1702.36
1095.49 1701.68
1097.53 1701.33
1099.59 1701.21
1101.64 1701.15
1103.68 1701.08
1105.71 1700.96
1107.74 1700.76
1109.76 1700.57
1111.81 1700.5
1113.82 1700.31
1115.79 1699.81
1117.71 1699.09
1119.69 1698.67
1121.69 1698.46
1123.71 1698.37
1125.71 1698.15
1127.65 1697.61
1129.62 1697.23
1131.59 1696.84
1133.5 1696.19
1135.43 1695.59
1137.39 1695.06
1139.36 1694.55
1141.32 1694.07
1143.33 1693.88
1145.34 1693.74
1147.36 1693.66
1149.39 1693.54
1151.39 1693.23
1153.33 1692.66
1155.21 1691.97
1157.01 1691.02
1158.97 1690.53
1160.99 1690.35
1163.02 1690.25
1165.04 1690.07
1167.04 1689.66
1168.99 1689.14
1170.92 1688.46
1172.89 1687.86
1174.95 1687.63
1176.97 1687.18
1178.96 1686.55
1180.96 1685.98
1183.01 1685.65
1185.06 1685.25
1187.15 1685.04
1189.24 1684.91
1191.31 1684.6
1193.27 1683.86
1195.18 1682.91
1197.26 1682.56
1199.4 1682.52
1201.52 1682.35
1203.49 1681.62
1205 1679.94
1207.06 1679.56
1209.19 1679.46
1211.27 1679.11
1213.27 1678.42
1215.27 1677.74
1217.29 1677.2
1219.35 1676.88
1221.44 1676.7
1223.55 1676.58
1225.63 1676.25
1227.59 1675.45
1229.47 1674.5
1231.41 1673.68
1233.42 1673.08
1235.43 1672.45
1237.5 1671.95
1239.54 1671.36
1241.55 1670.68
1243.52 1669.92
1245.61 1669.57
1247.71 1669.25
1249.81 1668.96
1251.88 1668.67
1253.84 1667.96
1255.72 1666.97
1257.7 1666.24
1259.56 1665.29
1261.11 1663.77
1263.12 1663.09
1264.76 1661.72
1266.57 1660.7
1268.38 1659.7
1270.08 1658.55
1271.87 1657.53
1273.74 1656.68
1275.59 1655.77
1277.54 1655.07
1279.49 1654.29
1281.51 1653.72
1283.52 1653.31
1285.42 1652.64
1287.29 1651.82
1289.16 1650.98
1291.1 1650.3
1293.1 1649.78
1295.14 1649.33
1297.03 1648.52
1298.79 1647.47
1300.63 1646.53
1302.58 1645.82
1304.66 1645.55
1306.74 1645.33
1308.66 1644.56
1310.28 1643.16
1312.24 1642.45
1314.35 1642.3
1316.48 1642.25
1318.63 1642.18
1320.77 1642.03
1322.79 1641.37
1324.48 1639.86
1326.62 1639.58
1328.77 1639.41
1330.57 1638.12
1332.51 1637.24
1334.54 1636.58
1336.48 1635.72
1338.34 1634.69
1340.33 1633.95
1342.34 1633.2
1344.18 1631.99
1346.32 1631.46
1348.39 1630.78
1350.31 1629.8
1352.26 1628.88
1354.29 1628.02
1356.29 1627.04
1358.41 1626.41
1360.52 1625.76
1362.3 1624.43
1364.2 1623.31
1365.79 1621.74
1367.73 1620.75
1369.87 1620.13
1371.94 1619.29
1374.07 1618.59
1376.17 1617.85
1377.98 1616.5
1379.93 1615.45
1382.1 1614.85
1384.06 1613.7
1386.22 1613.03
1388.3 1612.24
1390.1 1610.91
1391.91 1609.58
1393.51 1607.93
1395.45 1606.84
1397.47 1605.84
1399.69 1605.23
1401.88 1604.61
1403.99 1603.76
1405.84 1602.45
1407.66 1601.07
1409.35 1599.48
1410.99 1597.82
1413.12 1596.96
1415.38 1596.43
1417.58 1595.66
1419.66 1594.6
1421.54 1593.27
1423.22 1591.64
1424.71 1589.86
1426.47 1588.42
1428.33 1587.09
1430.36 1586.03
1432.47 1585.08
1434.32 1583.65
1436.26 1582.38
1437.86 1580.69
1439.66 1579.19
1441.49 1577.7
1442.74 1575.66
1444.33 1573.95
1446.53 1573.14
1448.89 1572.73
1451.08 1571.86
1452.97 1570.43
1454.86 1568.98
1456.61 1567.42
1458.31 1565.78
1460.07 1564.25
1461.73 1562.58
1463.57 1561.09
1465.43 1559.54
1467.26 1558
1469.37 1556.95
1471.53 1555.99
1473.47 1554.65
1475.21 1553.11
1476.61 1551.2
1477.79 1549.1
1479.59 1547.52
1481.52 1546.02
1483.27 1544.31
1485.56 1543.52
1487.8 1542.6
1489.81 1541.24
1491.53 1539.56
1492.86 1537.56
1493.98 1535.39
1495.53 1533.47
1497.3 1531.75
1498.76 1529.82
1500.19 1527.81
1501.83 1526.06
1503.97 1524.99
1506.24 1524.12
1508.16 1522.64
1509.75 1520.82
1511.54 1519.14
1513.14 1517.27
1514.49 1515.26
1515.95 1513.35
1517.24 1511.31
1518.76 1509.41
1519.72 1507.21
1521.37 1505.44
1522.62 1503.42
1523.83 1501.35
1524.91 1499.26
1526.02 1497.19
1527.46 1495.26
1528.71 1493.2
1530.15 1491.3
1531.58 1489.42
1532.91 1487.44
1534.21 1485.45
1535.84 1483.71
1537.64 1482.08
1538.79 1479.96
1539.96 1477.9
1540.76 1475.7
1541.67 1473.54
1543.1 1471.63
1543.87 1469.4
1545.46 1467.64
1546.47 1465.58
1547.24 1463.42
1548.04 1461.29
1548.61 1459.1
1549.36 1457
1550.69 1455.17
1551.82 1453.24
1553.24 1451.48
1553.97 1449.4
1554.9 1447.37
1556.04 1445.45
1556.84 1443.39
1557.45 1441.26
1558.29 1439.21
1559.28 1437.21
1560.02 1435.13
1561.04 1433.19
1561.82 1431.15
1562.66 1429.13
1563.58 1427.13
1564.29 1425.06
1564.46 1422.89
1564.42 1420.71
1564.41 1418.53
1564.67 1416.37
1565.3 1414.27
1565.67 1412.13
1565.94 1409.96
1566.77 1407.95
1567.64 1405.97
1568.23 1403.91
1568.65 1401.81
1568.84 1399.7
1568.79 1397.58
1568.43 1395.5
1567.7 1393.56
1566.75 1391.73
1566.32 1389.8
1566.93 1387.9
1567.84 1386.09
1568.66 1384.22
1569.43 1382.31
1570.11 1380.35
1570.63 1378.35
1570.88 1376.26
1570.87 1374.14
1570.87 1372.02
1570.84 1369.9
1570.89 1367.79
1570.96 1365.68
1570.97 1363.58
1570.98 1361.49
1571.03 1359.41
1571.06 1357.33
1570.99 1355.27
1570.86 1353.23
1570.55 1351.22
1570.16 1349.21
1570 1347.19
1570.27 1345.19
1570.65 1343.2
1570.9 1341.2
1571.05 1339.18
1571.32 1337.18
1571.85 1335.22
1572.3 1333.24
1572.56 1331.23
1572.73 1329.2
1572.83 1327.16
1572.84 1325.11
1572.83 1323.08
1572.81 1321.05
1572.84 1319.02
1572.83 1317
1572.82 1314.98
1572.83 1312.96
1572.88 1310.96
1572.93 1308.95
1572.96 1306.96
1573.11 1304.97
1573.46 1303.01
1573.57 1301.04
1573.39 1299.07
1573.03 1297.13
1572.78 1295.18
1572.81 1293.22
1572.9 1291.26
1573.02 1289.3
1573.35 1287.34
1573.58 1285.35
1573.63 1283.34
1573.61 1281.32
1573.6 1279.29
1573.64 1277.26
1573.69 1275.21
1573.75 1273.16
1573.81 1271.11
1573.78 1269.07
1573.79 1267.04
1573.89 1265.01
1574.03 1262.98
1574.15 1260.95
1574.17 1258.92
1573.93 1256.93
1573.53 1254.96
1573.57 1252.98
1574.08 1251.06
1574.91 1249.22
1575.54 1247.31
1575.69 1245.26
1575.99 1243.24
1577.34 1241.59
1578.16 1239.68
1579.2 1237.88
1580.45 1236.23
1581.71 1234.57
1583.27 1233.12
1584.23 1231.21
1585.63 1229.51
1586.74 1227.66
1587.9 1225.82
1588.76 1223.79
1589.86 1221.93
1591.43 1220.38
1592.73 1218.62
1594.1 1216.91
1594.94 1214.83
1596.08 1212.92
1597.39 1211.14
1599.05 1209.59
1599.84 1207.47
1601.37 1205.78
1602.52 1203.89
1603.6 1201.94
1604.69 1200
1605.52 1197.95
1605.97 1195.8
1606.81 1193.79
1607.96 1191.91
1609.45 1190.24
1610.44 1188.28
1611.42 1186.31
1612.54 1184.41
1613.54 1182.46
1614.19 1180.38
1614.99 1178.35
1615.93 1176.38
1617.29 1174.63
1618.16 1172.63
1618.95 1170.6
1619.91 1168.64
1620.61 1166.61
1621.03 1164.49
1621.71 1162.47
1623.21 1160.82
1623.94 1158.75
1625.38 1157.04
1626.15 1155.03
1626.61 1152.92
1627.15 1150.82
1627.81 1148.76
1628.41 1146.7
1628.98 1144.64
1629.63 1142.6
1629.96 1140.5
1630.27 1138.4
1630.53 1136.28
1631.04 1134.21
1631.81 1132.22
1632.64 1130.27
1633.25 1128.25
1633.82 1126.24
1634.19 1124.18
1634.55 1122.11
1635.2 1120.13
1636.07 1118.23
1636.64 1116.22
1637.18 1114.2
1638.04 1112.31
1639.38 1110.65
1640.16 1108.67
1641.33 1106.87
1641.91 1104.84
1642.62 1102.85
1643.47 1100.89
1644.34 1098.94
1644.97 1096.93
1645.61 1094.91
1646.2 1092.88
1646.89 1090.87
1647.49 1088.81
1647.98 1086.74
1649.48 1085.09
1650.24 1083.1
1650.87 1081.08
1651.74 1079.13
1652.46 1077.13
1652.85 1075.05
1653.22 1072.96
1653.76 1070.92
1654.14 1068.83
1654.65 1066.78
1655.23 1064.73
1656 1062.77
1657.52 1061.17
1658.19 1059.17
1658.55 1057.07
1658.99 1054.97
1659.71 1052.95
1660.3 1050.89
1660.61 1048.78
1660.74 1046.67
1660.88 1044.58
1661.07 1042.5
1661.38 1040.45
1661.8 1038.46
1661.94 1036.44
1662.15 1034.43
1663.1 1032.69
1664.74 1031.4
1665.99 1029.78
1666.75 1027.85
1667.51 1025.86
1668.24 1023.84
1668.68 1021.74
1668.94 1019.59
1669.2 1017.44
1669.59 1015.3
1669.87 1013.15
1670 1010.97
1670.26 1008.79
1670.46 1006.6
1670.55 1004.38
1670.46 1002.16
1669.97 1000
1668.88 998.051
1667.39 996.258
1666.89 994.111
1667.57 992.04
1669.32 990.583
1670.94 989.085
1672.2 987.355
1672.96 985.381
1673.14 983.277
1673.16 981.163
1673.16 979.063
1673.23 976.981
1673.47 974.925
1673.61 972.878
1673.69 970.838
1673.82 968.815
1674.2 966.823
1674.52 964.803
1675 962.825
1675.64 960.883
1676.12 958.911
1676.25 956.888
1676.27 954.86
1676.34 952.838
1676.54 950.831
1676.72 948.826
1676.92 946.829
1677.18 944.836
1677.64 942.88
1677.9 940.905
1678.08 938.914
1678.32 936.915
1678.49 934.899
1678.78 932.885
1679.38 930.935
1680.18 929.03
1680.36 926.945
1681.35 925.11
1681.93 923.139
1682.35 921.123
1682.67 919.077
1682.94 917.01
1683.36 914.968
1683.88 912.942
1684.32 910.9
1684.56 908.827
1684.71 906.743
1684.92 904.664
1685.29 902.614
1685.42 900.55
1685.44 898.477
1685.43 896.402
1685.42 894.329
1685.42 892.259
1685.42 890.192
1685.35 888.127
1685.16 886.059
1685.13 883.984
1685.14 881.91
1685.16 879.837
1685.12 877.784
1685.11 875.734
1685.1 873.691
1685.07 871.65
1685.03 869.594
1684.94 867.529
1684.85 865.45
1684.81 863.358
1684.77 861.279
1684.61 859.21
1684.33 857.15
1683.84 855.121
1683.28 853.095
1682.8 851.05
1682.41 848.997
1681.97 846.959
1681.82 844.866
1681.73 842.773
1681.6 840.683
1681.24 838.635
1680.57 836.661
1679.86 834.692
1679.51 832.629
1679.02 830.586
1678.6 828.508
1678.25 826.418
1677.76 824.376
1677.13 822.368
1676.63 820.323
1676.16 818.254
1675.54 816.214
1674.86 814.184
1674.32 812.118
1673.56 810.139
1672.03 808.564
1671.11 806.657
1669.8 804.907
1668.99 802.931
1668.21 800.962
1666.96 799.202
1665.97 797.289
1665.25 795.251
1664.05 793.425
1663.36 791.381
1661.95 789.685
1661.16 787.721
1660.58 785.676
1659.83 783.69
1658.82 781.815
1657.72 780.011
1656.19 778.454
1655.61 776.421
1655.08 774.392
1653.67 772.716
1652.87 770.748
1652.06 768.803
1650.8 767.054
1649.95 765.081
1649.24 763.056
1648 761.265
1647.29 759.225
1645.92 757.495
1644.97 755.582
1644.03 753.682
1642.84 751.888
1641.94 749.972
1641.2 748.019
1639.91 746.281
1639.24 744.233
1637.81 742.578
1637.12 740.582
1636.71 738.493
1636.11 736.462
1635.11 734.556
1634.28 732.575
1633.34 730.634
1631.86 728.974
1631.28 726.917
1630.65 724.832
1630.17 722.711
1629.64 720.618
1628.9 718.566
1628.18 716.511
1627.37 714.477
1626.58 712.436
1625.55 710.526
1624 708.911
1623.31 706.831
1621.87 705.174
1621.04 703.235
1620.46 701.175
1619.63 699.208
1618.66 697.312
1617.74 695.393
1617.01 693.39
1616.01 691.497
1615.04 689.563
1613.98 687.673
1613.49 685.62
1613.29 683.513
1612.98 681.424
1612.23 679.424
1611.29 677.49
1610.62 675.464
1610.13 673.386
1609.48 671.346
1608.91 669.279
1608.24 667.246
1607.36 665.293
1606.15 663.487
1605.55 661.474
1605.42 659.357
1605.3 657.246
1604.89 655.179
1604.23 653.18
1603.31 651.266
1602.43 649.337
1601.59 647.399
1600.94 645.398
1600.24 643.407
1599.66 641.364
1598.88 639.393
1598.21 637.401
1598.08 635.294
1597.9 633.198
1597.36 631.167
1596.47 629.256
1595.39 627.44
1594.48 625.536
1593.63 623.6
1592.3 621.914
1591.5 619.996
1591.24 617.912
1591.16 615.803
1590.77 613.751
1590.15 611.739
1589.68 609.695
1589.18 607.656
1588.52 605.67
1587.84 603.688
1587.05 601.736
1586.17 599.807
1585.37 597.857
1584.7 595.872
1584.1 593.829
1583.31 591.839
1581.83 590.236
1581.04 588.293
1580.53 586.233
1579.74 584.275
1578.65 582.424
1577.93 580.431
1577.42 578.37
1576.42 576.513
1575.26 574.74
1574.45 572.771
1574.01 570.682
1573.65 568.591
1573.1 566.526
1572.47 564.489
1571.64 562.507
1570.63 560.601
1569.68 558.671
1568.7 556.739
1567.74 554.775
1567.31 552.589
1566.06 550.745
1565.18 548.721
1564.34 546.688
1562.99 544.938
1561.79 543.07
1561.12 540.936
1560.24 538.886
1558.97 536.996
1557.68 535.108
1556.94 532.959
1556.28 530.763
1555.18 528.745
1553.83 526.857
1552.44 524.957
1551.29 522.908
1549.56 521.263
1548.44 519.197
1547.35 517.08
1545.83 515.293
1543.83 513.938
1542.32 512.158
1541.28 510.056
1540.55 507.825
1539.66 505.646
1538.57 503.527
1537.26 501.542
1535.37 500.045
1533.52 498.487
1532.14 496.526
1530.89 494.469
1529.59 492.46
1527.75 490.879
1525.91 489.32
1524.53 487.365
1523.26 485.305
1521.71 483.482
1519.89 481.844
1519.19 479.474
1517.56 477.656
1516.05 475.8
1514.44 474.022
1512.91 472.147
1511.17 470.481
1509.35 468.854
1507.62 467.156
1505.92 465.43
1504.35 463.566
1503.09 461.486
1501.16 459.978
1499.44 458.271
1497.71 456.548
1495.69 455.172
1493.96 453.43
1492.18 451.814
1490.46 450.143
1488.8 448.426
1486.86 446.986
1485.13 445.229
1483.23 443.731
1481.19 442.452
1479 441.387
1477.13 439.774
1475.18 438.328
1473.38 436.729
1471.39 435.334
1469.38 433.942
1467.83 432.044
1466.15 430.278
1464.2 428.854
1462.17 427.568
1460.19 426.274
1458.15 425.075
1456.41 423.437
1454.97 421.506
1452.91 420.239
1451.03 418.772
1449.2 417.307
1447.35 415.782
1445.04 415.055
1443.08 413.588
1440.86 412.735
1438.69 411.803
1436.74 410.479
1434.9 409.019
1433.39 407.169
1431.7 405.448
1429.66 404.195
1427.65 402.936
1425.48 401.994
1423.32 400.992
1421.49 399.429
1419.88 397.611
1418.04 396.107
1416.12 394.688
1414.1 393.424
1412.16 392.082
1410.02 391.171
1407.99 390.001
1405.92 388.949
1403.96 387.754
1402 386.544
1399.88 385.644
1397.93 384.443
1396.11 383.122
1394.65 381.316
1392.89 379.886
1391 378.576
1388.95 377.443
1387.19 375.85
1385.05 374.885
1383.31 373.239
1381.31 372
1379.31 370.774
1377.27 369.64
1375.45 368.11
1373.34 367.059
1371.71 365.347
1369.89 363.894
1367.9 362.654
1365.7 361.895
1363.48 361.255
1361.56 359.899
1359.36 359.117
1357.55 357.591
1355.58 356.388
1353.6 355.195
1351.53 354.148
1349.67 352.801
1347.99 351.254
1346.46 349.494
1344.65 348.086
1342.8 346.699
1340.66 345.839
1338.49 345.134
1336.58 343.791
1334.44 342.987
1332.68 341.473
1330.7 340.387
1328.81 339.174
1326.98 337.893
1324.89 337.056
1322.97 335.899
1320.93 335.03
1319.26 333.457
1317.25 332.451
1315.27 331.424
1313.26 330.483
1311.17 329.71
1309.25 328.551
1307.46 327.205
1305.95 325.479
1303.98 324.395
1301.96 323.429
1299.94 322.513
1297.85 321.806
1295.84 320.913
1294.26 319.36
1292.61 317.87
1290.53 317.198
1288.48 316.438
1286.61 315.268
1284.65 314.305
1282.64 313.441
1280.81 312.15
1278.73 311.535
1276.59 311.047
1275.02 309.413
1273.19 308.208
1271.3 307.08
1269.29 306.211
1267.4 305.138
1265.68 303.691
1263.51 303.1
1261.77 301.609
1259.78 300.656
1257.74 299.791
1255.75 298.808
1253.67 298.142
1251.51 297.772
1249.43 297.111
1247.64 295.728
1245.51 295.043
1243.82 293.547
1241.85 292.629
1239.82 291.798
1237.88 290.79
1235.84 290.042
1233.84 289.159
1232.04 287.799
1229.95 287.166
1228.34 285.657
1226.47 284.625
1224.56 283.648
1222.69 282.612
1220.64 282.022
1218.5 281.672
1216.43 281.049
1214.85 279.508
1213.11 278.167
1211.09 277.403
1209.06 276.693
1207.05 275.785
1205.06 274.833
1202.95 274.199
1200.95 273.362
1199.33 271.793
1197.27 271.08
1195.17 270.485
1193.16 269.721
1191.19 268.832
1189.27 267.803
1187.34 266.804
1185.29 266.101
1183.25 265.364
1181.27 264.436
1179.29 263.538
1177.32 262.622
1175.38 261.592
1173.34 260.895
1171.22 260.445
1169.08 260.036
1166.97 259.511
1164.85 258.967
1162.71 258.621
1160.58 258.178
1158.55 257.453
1156.43 257.156
1154.3 257.033
1152.18 256.825
1150.14 256.245
1148.21 255.36
1146.3 254.442
1144.31 253.775
1142.31 253.226
1140.26 252.972
1138.21 252.878
1136.16 252.84
1134.14 252.729
1132.12 252.517
1130.13 252.098
1128.18 251.493
1126.22 250.889
1124.23 250.432
1122.22 250.029
1120.23 249.504
1118.27 248.842
1116.36 247.973
1114.35 247.405
1112.25 247.193
1110.15 247.07
1108.42 245.714
1106.5 244.869
1104.41 244.526
1102.3 244.356
1100.23 243.967
1098.23 243.265
1096.21 242.657
1094.17 242.228
1092.11 241.974
1090.03 241.789
1087.96 241.463
1085.96 240.951
1083.94 240.445
1081.94 239.872
1079.93 239.285
1077.83 239.126
1075.96 238.196
1074.1 237.292
1072.08 236.971
1070.05 236.903
1068.02 236.965
1066 236.992
1064 236.751
1062.07 236.198
1060.17 235.504
1058.24 234.837
1056.28 234.31
1054.3 233.824
1052.27 233.619
1050.22 233.518
1048.16 233.356
1046.14 232.954
1044.11 232.554
1042.05 232.278
1040 231.88
1038.06 231.046
1036.06 230.461
1034.05 229.999
1031.98 229.738
1029.94 229.383
1027.9 229.141
1025.86 228.932
1023.83 228.796
1021.78 228.64
1019.74 228.376
1017.71 227.963
1015.69 227.454
1013.67 226.956
1011.65 226.54
1009.62 226.186
1007.63 225.671
1005.65 225.221
1003.64 224.917
1001.64 224.558
999.598 224.489
997.556 224.567
995.529 224.412
993.528 224.012
991.606 223.276
989.753 222.385
988.024 221.274
986.065 220.87
984.046 220.818
982.017 220.806
979.993 220.926
977.971 221.041
975.95 221.002
973.947 220.783
971.948 220.459
969.963 220.007
967.992 219.435
966.017 218.881
963.998 218.544
961.962 218.29
959.945 217.993
957.939 217.675
955.909 217.579
953.87 217.545
951.832 217.405
949.804 217.134
947.766 216.937
945.716 216.733
943.659 216.506
941.623 216.101
939.628 215.56
937.599 215.263
935.543 215.14
933.491 215.185
931.447 215.338
929.416 215.574
927.395 215.871
925.359 216.036
923.324 215.956
921.334 215.493
919.365 214.949
917.403 214.464
915.428 214.033
913.424 213.828
911.41 213.718
909.382 213.662
907.352 213.658
905.322 213.672
903.293 213.735
901.279 213.775
899.269 213.764
897.264 213.67
895.268 213.363
893.245 213.047
891.206 212.897
889.165 212.917
887.134 213.157
885.101 213.277
883.065 213.282
881.034 213.264
879.016 213.328
877.062 213.898
875.087 214.228
873.159 213.469
871.146 213.222
869.1 213.249
867.045 213.269
864.986 213.275
862.925 213.276
860.865 213.274
858.807 213.27
856.752 213.268
854.705 213.28
852.672 213.293
850.638 213.338
848.607 213.464
846.587 213.705
844.563 213.818
842.537 213.867
840.51 213.833
838.49 213.773
836.48 213.828
834.51 214.211
832.639 214.998
830.75 215.762
828.727 215.853
826.7 215.602
824.676 215.336
822.645 215.182
820.617 215.128
818.595 215.19
816.603 215.481
814.689 216.13
812.77 216.778
810.78 217.062
808.762 216.992
806.75 216.814
804.739 216.626
802.714 216.498
800.682 216.51
798.65 216.78
796.6 216.998
794.537 217.082
792.467 217.089
790.398 217.046
788.33 217.105
786.267 217.203
784.227 217.435
782.209 217.903
780.155 218.144
778.098 218.33
776.038 218.51
774.037 218.933
772.082 219.554
770.141 220.154
768.192 220.641
766.306 221.253
764.408 221.774
762.475 221.405
760.535 221.003
758.545 220.9
756.534 220.912
754.504 220.966
752.468 221.158
750.438 221.511
748.399 221.804
746.406 222.35
744.434 222.988
742.42 223.427
740.367 223.681
738.323 223.88
736.318 224.336
734.286 224.696
732.222 224.791
730.18 224.925
728.173 225.246
726.169 225.66
724.126 225.885
722.081 226.075
720.024 226.239
717.981 226.473
715.924 226.663
713.868 226.954
711.814 227.298
709.768 227.706
707.716 228.101
705.66 228.462
703.665 229.091
701.676 229.627
699.643 229.937
697.638 230.409
695.724 231.173
693.759 231.819
691.777 232.459
689.719 232.779
687.627 232.882
685.542 232.963
683.45 233.026
681.38 233.23
679.365 233.742
677.453 234.614
675.589 235.613
673.638 236.422
671.564 236.797
669.439 236.914
667.314 237.031
665.236 237.414
663.345 238.413
661.501 239.535
659.533 240.369
657.479 240.928
655.398 241.371
653.329 241.84
651.228 242.164
649.148 242.566
647.131 243.233
645.15 244.036
643.133 244.718
641.177 245.508
639.37 246.668
637.324 247.321
635.322 248.069
633.263 248.661
631.212 249.255
629.124 249.741
627.022 250.149
625.012 250.797
623.122 251.782
621.156 252.63
619.258 253.609
617.617 255.081
615.506 255.488
613.521 256.256
611.491 256.824
609.448 257.227
607.441 257.7
605.504 258.425
603.598 259.233
601.754 260.177
599.881 261.008
597.981 261.701
596.14 262.453
594.354 263.314
592.572 264.141
590.791 264.877
588.981 265.455
587.121 265.688
585.311 265.14
583.521 264.427
581.732 263.615
579.987 262.637
578.124 261.925
576.182 261.419
574.281 260.679
572.329 260.062
570.374 259.369
568.382 258.79
566.308 258.528
564.225 258.301
562.169 257.978
560.107 257.59
558.089 257.041
556.167 256.18
554.297 255.167
552.24 254.737
550.101 254.919
548.057 254.369
546.162 253.367
544.159 252.7
542.089 252.247
540.001 251.845
537.925 251.365
535.841 250.962
533.729 250.798
531.609 250.774
529.489 250.814
527.371 250.942
525.25 251.082
523.124 251.117
520.999 251.038
518.877 250.865
516.755 250.774
514.628 250.745
512.5 250.688
510.369 250.591
508.234 250.544
506.097 250.542
503.967 250.694
501.88 251.171
499.805 251.744
497.694 252.18
495.561 252.538
493.454 252.959
491.341 253.363
489.214 253.758
487.061 254.139
484.974 254.803
483.051 255.897
481.019 256.703
478.85 257.031
476.633 257.232
474.447 257.659
472.397 258.574
470.289 259.341
468.197 260.15
466.04 260.791
463.881 261.44
461.793 262.28
459.824 263.42
457.827 264.554
455.693 265.41
453.575 266.3
451.553 267.374
449.538 268.497
447.481 269.576
445.499 270.821
443.344 271.738
441.614 273.397
439.509 274.432
437.318 275.332
435.232 276.445
433.198 277.643
431.494 279.355
429.67 280.907
427.67 282.17
425.722 283.499
423.906 285.013
422.706 287.131
420.671 288.353
418.815 289.818
416.996 291.29
415.096 292.715
412.972 293.905
411.322 295.657
409.989 297.705
408.356 299.511
407.08 301.575
405.343 303.328
403.644 305.065
401.813 306.613
399.791 307.964
397.975 309.513
396.568 311.443
395.073 313.29
393.316 314.838
391.616 316.487
390.374 318.515
388.733 320.204
387.119 321.917
385.635 323.716
384.128 325.525
383.012 327.612
381.285 329.278
379.866 331.141
378.584 333.114
377.499 335.203
375.965 337.016
375.115 339.177
373.557 340.939
372.52 342.968
371.602 345.05
370.683 347.104
369.86 349.185
368.847 351.187
367.428 352.914
365.785 354.452
364.455 356.229
363.051 357.934
361.764 359.732
361.08 361.83
360.545 363.969
359.875 366.064
358.763 367.938
357.323 369.661
356.464 371.689
355.597 373.714
354.703 375.721
354.203 377.839
353.853 379.994
353.143 382.036
351.736 383.81
351.53 386.01
351.196 388.15
349.631 389.775
348.605 391.673
347.719 393.646
346.811 395.599
346.107 397.621
345.34 399.622
344.371 401.529
343.127 403.29
342.086 405.152
341.447 407.173
340.663 409.14
339.788 411.061
338.823 412.951
338.121 414.952
337.075 416.731
335.454 418.071
333.759 419.322
332.259 420.76
330.701 422.148
328.959 423.301
326.905 423.924
325.24 425.375
323.416 426.549
321.611 427.782
319.733 428.949
318.13 430.471
316.298 431.674
314.674 433.202
312.853 434.44
311.006 435.66
309.055 436.789
307.256 438.126
305.777 439.839
304.764 441.907
303.541 443.826
302.336 445.744
301.275 447.74
300.459 449.843
299.626 451.936
298.796 454.02
298.335 456.193
298.067 458.398
297.865 460.586
297.614 462.749
297.252 464.882
297.121 467.024
297.073 469.168
296.982 471.3
296.864 473.441
296.773 475.572
296.806 477.693
296.775 479.8
296.27 481.84
295.6 483.816
295.11 485.841
294.412 487.829
293.901 489.861
293.779 491.968
293.632 494.067
293.246 496.158
293.129 498.285
293.192 500.419
293.138 502.543
292.946 504.655
292.815 506.767
292.859 508.878
293.197 510.963
293.635 513.025
293.866 515.12
294.368 517.163
295.089 519.163
295.815 521.157
296.608 523.13
297.063 525.192
297.405 527.281
297.908 529.326
298.209 531.41
298.471 533.504
298.927 535.571
299.651 537.577
300.28 539.606
300.747 541.669
301.397 543.688
302.029 545.703
303.027 547.584
304.287 549.333
305.23 551.235
305.82 553.276
306.287 555.348
306.973 557.352
308.103 559.174
309.106 561.023
309.651 563.059
310.616 564.963
311.372 566.957
312.109 568.929
312.71 570.934
313.15 572.955
313.467 574.994
314.09 576.944
314.694 578.901
315.482 580.805
316.433 582.632
317.448 584.414
318.23 586.314
319.313 588.06
320.397 589.821
321.311 591.67
321.842 593.677
322.178 595.699
322.129 597.757
321.581 599.777
321.033 601.777
320.168 603.65
319.089 605.434
317.817 607.136
316.483 608.747
315.033 610.248
313.547 611.727
311.912 613.113
311.053 615.12
309.329 616.406
307.861 617.934
306.32 619.388
304.773 620.86
303.299 622.438
301.628 623.853
300.409 625.693
298.815 627.172
297.062 628.48
295.056 629.378
292.911 629.85
290.769 630.372
288.827 631.401
287.145 632.914
285.051 633.65
282.908 634.174
280.846 634.948
278.79 635.829
276.627 636.396
274.418 636.784
272.235 637.271
270.091 637.91
268.07 638.886
266.108 639.981
264.094 641.038
261.94 641.71
259.727 642.174
257.505 642.681
255.355 643.476
253.282 644.458
251.3 645.571
249.565 647.151
247.334 647.888
245.554 649.476
243.663 650.854
241.676 652.132
239.54 653.172
237.702 654.661
236.1 656.391
234.794 658.353
234.023 660.55
233.488 662.812
233.031 665.084
232.461 667.318
231.402 669.354
230.121 671.273
229.204 673.357
228.365 675.452
227.348 677.467
226.528 679.546
226.13 681.726
225.939 683.927
225.706 686.123
225.318 688.28
225.192 690.421
225.154 692.553
225.076 694.668
225.031 696.768
224.997 698.859
224.857 700.934
224.734 703
224.666 705.065
224.415 707.099
223.806 709.055
223.189 711
222.462 712.903
222.044 714.918
221.794 716.98
221.325 718.99
220.437 720.886
219.556 722.785
218.804 724.737
218.44 726.786
218.337 728.887
218.235 730.987
218.098 733.084
217.937 735.173
217.757 737.27
217.686 739.365
217.545 741.447
217.284 743.525
216.891 745.582
216.531 747.654
216.357 749.765
216.34 751.884
216.331 753.992
216.252 756.084
215.98 758.143
215.595 760.165
215.395 762.185
215.387 764.192
215.688 766.142
216.49 767.951
217.124 769.809
217.365 771.739
216.7 773.551
215.259 775.007
214.015 776.583
213.776 778.571
213.99 780.617
214.127 782.669
213.962 784.71
213.886 786.742
213.817 788.759
213.581 790.754
213.096 792.71
212.846 794.695
212.704 796.69
212.496 798.678
212.08 800.626
211.465 802.54
210.853 804.454
210.565 806.427
210.498 808.424
210.453 810.43
210.35 812.429
210.237 814.424
210.12 816.419
210.041 818.42
209.916 820.408
209.646 822.386
209.163 824.33
208.566 826.247
207.793 828.104
207.239 830.036
206.705 831.975
206.076 833.877
205.841 835.854
205.613 837.818
205.163 839.739
204.507 841.595
203.805 843.444
202.986 845.264
202.548 847.189
202.292 849.131
202.068 851.066
201.82 853.006
201.434 854.913
200.674 856.681
199.863 858.456
199.012 860.199
198.014 861.865
197.449 863.727
196.583 865.454
194.88 866.403
192.929 866.831
190.949 867.022
188.946 866.912
186.933 866.699
184.898 866.586
182.848 866.613
180.804 866.691
178.741 866.815
176.675 867.125
174.66 867.82
172.579 868.348
170.484 868.808
168.558 869.684
167.052 871.346
165.047 872.42
163.593 874.106
162.376 875.988
161.279 877.953
159.761 879.709
159.04 881.893
158.075 883.939
157.509 886.116
156.885 888.275
156.5 890.491
156.326 892.734
156.177 894.974
155.955 897.198
155.54 899.388
155.149 901.575
154.995 903.779
154.875 905.948
154.763 908.109
154.585 910.258
154.294 912.394
154.118 914.541
153.935 916.673
153.671 918.804
153.183 920.873
152.424 922.877
151.584 924.841
151.368 926.966
151.027 929.046
149.353 930.55
148.161 932.365
146.847 934.115
145.692 935.991
144.868 938.09
143.606 939.959
142.306 941.808
141.123 943.747
139.833 945.642
138.314 947.375
136.856 949.171
135.39 951.023
133.444 952.37
132.024 954.233
130.566 956.085
129.146 957.968
127.486 959.725
125.848 961.541
124.335 963.401
122.761 965.223
121.438 967.264
119.707 968.92
117.77 970.309
116.064 971.925
114.384 973.576
112.883 975.439
111.246 977.201
109.198 978.517
107.341 980.068
105.46 981.579
103.694 983.286
102.042 985.033
100.243 986.544
98.4977 988.126
96.8154 989.767
95.1071 991.461
93.3112 993.081
91.6039 994.714
90.0904 996.547
88.665 998.47
87.2201 1000.36
85.5492 1002.13
84.3207 1004.17
82.9884 1006.14
81.9444 1008.28
81.2199 1010.54
80.0786 1012.62
79.3578 1014.83
77.9301 1016.65
76.9284 1018.65
75.8443 1020.58
74.5655 1022.38
73.4391 1024.26
72.575 1026.27
71.4624 1028.15
70.1519 1029.9
69.1399 1031.83
68.1796 1033.78
67.0345 1035.62
66.1817 1037.59
65.4759 1039.6
64.7935 1041.62
63.9421 1043.59
63.2228 1045.63
62.5171 1047.65
61.9319 1049.69
61.6812 1051.79
61.4202 1053.87
60.7229 1055.86
59.8694 1057.8
58.9736 1059.72
58.4769 1061.76
58.309 1063.85
58.2173 1065.94
58.0962 1068.03
57.893 1070.11
57.4222 1072.15
57.1594 1074.23
56.8939 1076.31
56.5104 1078.39
56.373 1080.49
56.4805 1082.61
56.6552 1084.72
56.792 1086.82
56.9118 1088.91
57.0752 1090.99
57.1947 1093.05
57.3507 1095.09
57.5518 1097.13
57.6175 1099.18
57.6886 1101.22
57.883 1103.25
58.2204 1105.26
58.3975 1107.28
58.502 1109.31
58.5023 1111.35
58.3993 1113.37
58.2899 1115.37
58.1918 1117.37
58.1403 1119.36
58.2037 1121.35
58.336 1123.33
58.5382 1125.29
58.9177 1127.23
59.5581 1129.08
60.1319 1130.95
60.5425 1132.83
60.7922 1134.74
60.9138 1136.64
60.8356 1138.55
60.6272 1140.46
60.3562 1142.37
59.8421 1144.24
59.2254 1146.11
58.7055 1148
58.2321 1149.92
57.5933 1151.81
57.1904 1153.76
56.9503 1155.76
56.4844 1157.73
55.6336 1159.6
54.8191 1161.5
54.0321 1163.41
53.7782 1165.45
53.7855 1167.52
53.9116 1169.6
54.2328 1171.67
54.6279 1173.74
54.796 1175.86
54.804 1178
54.4881 1180.12
53.9119 1182.19
53.5227 1184.3
53.2765 1186.46
53.0311 1188.63
52.7355 1190.84
52.35 1193.06
52.2692 1195.32
52.2802 1197.62
52.3395 1199.93
52.4145 1202.27
52.5845 1204.62
53.0138 1206.97
53.6817 1209.24
54.0638 1211.57
54.7319 1213.84
55.8925 1215.91
57.5541 1217.74
58.9118 1219.77
60.5178 1221.62
62.1363 1223.49
64.0429 1225.05
66.2298 1226.16
68.4476 1227.17
70.6291 1228.24
72.8423 1229.18
75.015 1230.15
77.0237 1231.47
79.1628 1232.52
81.3046 1233.47
83.5847 1233.78
85.8868 1233.84
88.1827 1233.85
90.4549 1233.77
92.7123 1233.64
94.9487 1233.75
97.07 1234.47
98.7415 1235.96
100.17 1237.69
101.083 1239.76
102.001 1241.87
103.617 1243.53
105.451 1245.02
106.814 1246.93
108.373 1248.64
109.986 1250.28
111.997 1251.47
114.192 1252.41
116.437 1253.21
118.704 1254.06
120.807 1255.33
123.213 1256.01
125.202 1257.63
127.535 1258.41
130.002 1258.77
132.474 1259.08
134.953 1259.12
137.364 1258.65
139.693 1257.93
141.972 1257.05
144.322 1256.35
146.702 1255.92
149.062 1255.51
151.268 1254.57
153.265 1253.26
155.07 1251.77
156.398 1249.86
157.124 1247.64
157.821 1245.41
159.503 1243.75
161.102 1242.05
162.078 1239.93
163.468 1238.18
165.13 1236.72
166.981 1235.48
168.23 1233.73
169.629 1232.06
170.399 1230.08
171.033 1228.08
171.883 1226.17
172.651 1224.23
173.886 1222.64
175.735 1222.06
177.608 1222.82
179.479 1223.36
181.411 1223.25
183.245 1222.58
185.041 1221.76
186.971 1221.56
188.889 1221.47
190.773 1221.25
192.632 1220.73
194.524 1220.72
196.158 1221.67
197.181 1223.38
198.027 1225.16
198.791 1226.98
199.062 1228.97
199.411 1230.99
199.962 1232.96
200.5 1234.97
201.048 1237
201.509 1239.05
202.193 1241.08
203.07 1243.05
204.312 1244.88
205.682 1246.63
207.552 1247.94
209.048 1249.73
210.586 1251.44
212.453 1252.75
214.603 1253.57
216.781 1254.31
219.03 1254.71
221.316 1254.66
223.572 1254.24
225.811 1253.75
228.082 1253.42
230.272 1252.84
232.415 1252.09
234.367 1250.92
236.305 1249.8
238.099 1248.43
240.115 1247.48
241.915 1246.17
243.857 1245.22
245.864 1244.53
247.981 1244.24
250.06 1243.78
252.031 1242.98
254.007 1242.32
255.942 1241.58
257.884 1240.9
259.612 1239.79
261.254 1238.56
263.066 1237.65
264.681 1236.55
266.108 1235.23
267.37 1233.75
268.443 1232.05
270.192 1231.16
271.743 1229.89
273.545 1229.95
275.049 1231.26
276.667 1232.39
277.651 1234.01
277.708 1235.98
277.585 1237.96
277.176 1239.89
276.712 1241.8
276.323 1243.74
275.773 1245.66
274.935 1247.52
274.321 1249.46
274.043 1251.49
273.877 1253.55
273.68 1255.63
273.57 1257.75
273.538 1259.9
273.526 1262.08
273.538 1264.29
273.54 1266.53
273.574 1268.79
273.761 1271.07
274.447 1273.25
275.72 1275.16
277.446 1276.7
279.571 1277.74
281.622 1278.91
283.581 1280.2
285.719 1281.14
287.971 1281.71
290.251 1282.17
292.552 1282.5
294.817 1282.92
297.038 1283.5
299.222 1284.16
301.431 1284.64
303.569 1285.29
305.706 1285.77
307.869 1286.13
309.994 1286.7
312.008 1287.53
314.033 1288.39
316.108 1289.04
318.267 1289.17
320.42 1289.2
322.56 1289.23
324.676 1289.07
326.713 1288.46
328.706 1287.72
330.758 1287.25
332.722 1286.53
334.703 1285.92
336.672 1285.41
338.622 1284.95
340.569 1284.51
342.469 1283.95
344.304 1283.2
346.174 1282.65
348.095 1282.6
349.937 1283.21
351.609 1284.29
353.185 1285.48
353.916 1287.29
354.478 1289.17
355.314 1290.93
356.224 1292.67
356.84 1294.55
357.73 1296.29
359.232 1297.62
360.713 1298.93
362.147 1300.29
363.589 1301.61
364.808 1303.14
365.558 1304.91
365.722 1306.84
365.693 1308.79
365.719 1310.74
365.839 1312.69
365.919 1314.65
366.052 1316.62
366.502 1318.56
367.261 1320.41
367.736 1322.37
368.109 1324.34
368.473 1326.33
368.747 1328.33
368.952 1330.35
369.068 1332.38
369.105 1334.42
369.152 1336.45
369.196 1338.48
369.262 1340.51
369.418 1342.53
369.809 1344.54
370.041 1346.58
370.129 1348.63
370.212 1350.66
370.318 1352.71
370.341 1354.76
370.352 1356.81
370.357 1358.84
370.457 1360.85
371.01 1362.78
371.936 1364.59
372.561 1366.48
372.834 1368.45
372.872 1370.44
372.859 1372.44
373.041 1374.42
373.514 1376.4
373.676 1378.41
373.742 1380.44
373.795 1382.46
373.824 1384.48
373.983 1386.51
374.543 1388.49
375.099 1390.47
375.443 1392.52
375.85 1394.56
376.459 1396.54
376.891 1398.55
377.022 1400.6
377.097 1402.66
377.192 1404.71
377.379 1406.76
377.764 1408.79
377.992 1410.84
378.127 1412.91
378.169 1414.98
378.158 1417.05
378.208 1419.12
378.288 1421.2
378.435 1423.29
378.851 1425.34
379.697 1427.29
380.389 1429.29
380.874 1431.35
381.266 1433.39
381.438 1435.47
381.625 1437.56
382.156 1439.59
382.813 1441.56
383.749 1443.41
385.005 1445.09
385.62 1447
385.165 1449.01
384.687 1451.04
384.773 1453.1
385.283 1455.15
385.834 1457.2
386.049 1459.32
386.2 1461.46
386.384 1463.6
386.756 1465.72
387.375 1467.8
388.083 1469.86
388.659 1471.95
389.311 1474.03
390.585 1475.85
391.36 1477.87
391.549 1480.01
391.932 1482.15
392.762 1484.17
393.331 1486.26
393.96 1488.32
394.808 1490.3
396.016 1492.12
397.103 1493.99
397.844 1496.04
398.608 1498.08
399.554 1500.06
400.826 1501.89
401.777 1503.88
402.424 1506.03
403.166 1508.15
404.068 1510.24
404.842 1512.38
405.772 1514.48
407.397 1516.15
409.074 1517.75
410.102 1519.79
410.916 1521.96
412.191 1523.9
413.55 1525.78
415.063 1527.6
415.771 1529.89
417.352 1531.64
418.729 1533.5
419.982 1535.49
421.157 1537.54
422.832 1539.24
423.94 1541.31
425.505 1543.12
426.812 1545.09
428.445 1546.77
430.146 1548.4
431.825 1550.07
433.668 1551.64
435.207 1553.52
436.84 1555.28
438.444 1557.08
439.803 1559.11
441.807 1560.53
443.476 1562.29
445.238 1563.93
447.32 1565.2
449.163 1566.78
450.748 1568.58
452.161 1570.55
453.696 1572.4
455.69 1573.8
457.662 1575.27
459.349 1577.07
461.361 1578.38
463.506 1579.51
465.656 1580.63
467.635 1582
469.426 1583.66
471.232 1585.34
473.157 1586.81
474.926 1588.44
476.856 1589.87
478.635 1591.51
480.123 1593.42
482.085 1594.79
484.049 1596.14
486.032 1597.44
487.782 1599.11
490.063 1599.86
491.816 1601.5
493.755 1602.81
495.723 1604.12
497.879 1605.06
500.023 1605.93
501.803 1607.46
503.639 1608.93
505.665 1610.06
507.408 1611.6
509.307 1612.88
511.515 1613.56
513.488 1614.73
515.368 1616.01
517.357 1617.03
519.484 1617.78
521.498 1618.79
523.39 1620.01
525.426 1620.91
527.428 1621.87
529.234 1623.22
531.169 1624.32
533.057 1625.48
535.145 1626.22
537.093 1627.23
538.949 1628.38
540.878 1629.41
542.636 1630.76
544.63 1631.58
546.55 1632.6
548.402 1633.75
550.407 1634.55
552.357 1635.46
554.334 1636.35
556.38 1637.06
558.279 1638.07
559.843 1639.61
561.514 1641.11
563.478 1642.08
565.571 1642.75
567.637 1643.51
569.697 1644.27
571.821 1644.77
573.932 1645.26
575.952 1646.04
577.811 1647.21
579.74 1648.17
581.479 1649.48
583.411 1650.42
585.267 1651.51
587.189 1652.43
589.254 1652.99
591.329 1653.5
593.416 1653.88
595.411 1654.55
597.093 1655.87
598.83 1657.09
600.756 1657.93
602.7 1658.74
604.574 1659.75
606.449 1660.72
608.391 1661.56
610.407 1662.21
612.424 1662.9
614.52 1663.32
616.559 1663.9
618.238 1665.4
620.268 1666.04
622.383 1666.34
624.471 1666.81
626.455 1667.63
628.44 1668.42
630.465 1669.02
632.475 1669.66
634.493 1670.27
636.422 1671.18
638.434 1671.81
640.594 1671.92
642.453 1673.06
644.406 1673.88
646.479 1674.28
648.573 1674.6
650.55 1675.3
652.464 1676.19
654.41 1676.92
656.37 1677.61
658.415 1677.99
660.48 1678.25
662.571 1678.23
664.651 1678.35
666.707 1678.74
668.691 1679.49
670.744 1679.92
672.782 1680.34
674.432 1681.7
676.277 1682.71
678.041 1683.83
679.82 1684.92
681.794 1685.54
683.87 1685.71
685.944 1685.67
687.992 1685.76
690.023 1685.87
692.048 1686.01
694.076 1686.26
696.022 1686.9
697.879 1687.76
699.733 1688.6
701.68 1689.18
703.657 1689.67
705.61 1690.32
707.589 1690.94
709.518 1691.76
711.511 1692.31
713.578 1692.55
715.639 1692.81
717.689 1693.12
719.72 1693.57
721.771 1693.83
723.842 1694
725.869 1694.46
727.833 1695.16
729.783 1695.87
731.68 1696.73
733.678 1697.23
735.696 1697.62
737.736 1697.96
739.789 1698.16
741.846 1698.32
743.898 1698.55
745.926 1698.92
747.88 1699.63
749.854 1700.26
751.896 1700.62
753.946 1700.81
756.008 1700.95
758.054 1701.19
760.057 1701.65
762.1 1701.91
764.159 1701.98
766.215 1702.01
768.247 1702.27
770.294 1702.52
772.333 1702.79
774.347 1703.17
776.318 1703.71
778.239 1704.48
780.22 1704.99
782.256 1705.12
784.287 1705.18
786.318 1705.16
788.346 1705.21
790.348 1705.45
792.315 1705.91
794.313 1706.11
796.318 1706.04
798.321 1705.98
800.309 1706.19
802.267 1706.61
804.192 1707.19
806.088 1707.92
808.058 1708.44
810.084 1708.69
812.126 1708.81
814.165 1709
816.18 1709.38
818.236 1709.55
820.307 1709.6
822.379 1709.64
824.446 1709.74
826.505 1709.82
828.557 1709.85
830.603 1709.84
832.65 1709.86
834.7 1709.92
836.737 1710.18
838.77 1710.45
840.814 1710.47
842.853 1710.45
844.886 1710.46
846.914 1710.5
848.927 1710.51
850.932 1710.4
852.923 1710.5
854.855 1710.98
856.764 1711.59
858.703 1712.12
860.659 1712.61
862.621 1713.08
864.596 1713.57
866.599 1713.88
868.598 1714.01
870.585 1713.83
872.575 1713.52
874.587 1713.63
876.594 1713.95
878.625 1713.96
880.675 1713.67
882.755 1713.52
884.854 1713.48
886.951 1713.66
889.027 1714.05
891.038 1713.75
892.79 1712.54
894.699 1711.97
896.601 1713.01
898.611 1713.22
900.648 1713.18
902.681 1713.18
904.697 1713.25
906.714 1713.24
908.729 1713.34
910.721 1713.62
912.655 1714.27
914.656 1714.62
916.683 1714.81
918.721 1714.93

878

953.331 1468.7
951.315 1468.69
949.29 1468.66
947.264 1468.65
945.237 1468.65
943.211 1468.66
941.182 1468.67
939.154 1468.67
937.128 1468.66
935.105 1468.63
933.089 1468.64
931.076 1468.64
929.065 1468.62
927.056 1468.61
925.052 1468.62
923.049 1468.64
921.05 1468.59
919.059 1468.39
917.046 1468.26
915.029 1468.25
913.013 1468.32
911.007 1468.51
909.002 1468.62
906.992 1468.65
904.98 1468.64
902.966 1468.61
900.946 1468.6
898.923 1468.6
896.899 1468.62
894.872 1468.63
892.843 1468.63
890.813 1468.63
888.782 1468.63
886.751 1468.63
884.721 1468.64
882.692 1468.63
880.665 1468.61
878.637 1468.54
876.605 1468.51
874.575 1468.51
872.556 1468.42
870.579 1468.07
868.657 1467.42
866.74 1466.79
864.764 1466.43
862.759 1466.32
860.748 1466.37
858.744 1466.52
856.741 1466.69
854.723 1466.71
852.703 1466.53
850.7 1466.26
848.716 1465.91
846.76 1465.42
844.747 1465.25
842.72 1465.17
840.689 1465.09
838.654 1465.02
836.612 1464.9
834.576 1464.66
832.538 1464.61
830.513 1464.9
828.484 1465.05
826.451 1465.07
824.423 1465.01
822.403 1464.83
820.382 1464.73
818.363 1464.65
816.36 1464.44
814.375 1464.05
812.385 1463.67
810.399 1463.28
808.413 1462.92
806.447 1462.52
804.459 1462.2
802.464 1461.95
800.466 1461.72
798.489 1461.32
796.479 1461.09
794.461 1460.93
792.437 1460.8
790.407 1460.72
788.366 1460.65
786.317 1460.56
784.263 1460.46
782.218 1460.25
780.226 1459.75
778.271 1459.08
776.259 1458.68
774.227 1458.45
772.192 1458.3
770.169 1458.08
768.173 1457.67
766.181 1457.21
764.18 1456.79
762.19 1456.31
760.156 1456.04
758.101 1455.81
756.09 1455.31
754.096 1454.76
752.056 1454.4
750.032 1454.07
747.982 1453.95
745.928 1453.88
743.883 1453.68
741.851 1453.25
739.794 1453.02
737.742 1452.82
735.682 1452.68
733.63 1452.53
731.589 1452.19
729.613 1451.52
727.719 1450.65
725.801 1449.9
723.775 1449.63
721.736 1449.4
719.848 1448.59
717.938 1447.83
715.963 1447.24
714.016 1446.58
712.06 1445.99
710.025 1445.8
707.975 1445.68
705.923 1445.54
703.875 1445.27
701.866 1444.76
699.804 1444.53
697.73 1444.35
695.669 1444.02
693.639 1443.44
691.62 1442.82
689.58 1442.28
687.557 1441.65
685.517 1441.11
683.481 1440.49
681.383 1440.05
679.252 1439.77
677.11 1439.48
675.076 1438.87
673.145 1437.92
671.12 1437.23
669.044 1436.6
666.99 1435.88
665.077 1434.82
663.165 1433.73
661.063 1433.07
658.993 1432.27
656.952 1431.33
654.937 1430.36
652.766 1429.86
650.522 1429.68
648.321 1429.29
646.337 1428.23
644.414 1427.01
642.306 1426.14
640.229 1425.21
638.505 1423.65
636.463 1422.6
634.296 1421.83
632.045 1421.26
630.15 1419.94
628.287 1418.58
626.231 1417.5
624.395 1415.94
622.095 1415.51
619.874 1414.86
617.823 1413.78
615.82 1412.55
614.206 1410.83
612.556 1409.19
611.008 1407.39
609.38 1405.64
607.194 1404.68
604.885 1403.9
602.682 1402.83
600.401 1401.94
598.326 1400.7
596.36 1399.25
594.263 1397.92
591.838 1397.22
589.8 1395.86
588.041 1394.13
586.515 1392.14
584.834 1390.34
583.1 1388.54
581.152 1386.9
579.042 1385.41
577.211 1383.56
575.39 1381.68
573.405 1380
571.839 1377.98
570.475 1375.78
569.12 1373.6
567.181 1371.92
565.054 1370.38
563.425 1368.38
562.33 1366.04
561.771 1363.5
561.65 1360.91
561.929 1358.34
562.898 1355.98
564.358 1353.85
565.701 1351.65
567.483 1349.78
569.422 1348.11
570.951 1346.1
572.437 1344.03
573.511 1341.78
573.863 1339.31
574.259 1336.85
575.424 1334.66
576.729 1332.51
577.626 1330.22
578.478 1327.93
579.879 1325.98
581.449 1324.22
583.326 1322.73
585.148 1321.23
586.398 1319.25
587.679 1317.27
589.266 1315.58
591.164 1314.22
593.213 1313.16
595.112 1311.9
596.94 1310.49
599.017 1309.48
600.877 1308.15
602.425 1306.45
604.332 1305.24
606.184 1303.89
608.35 1303.02
609.811 1301.18
611.123 1299.25
612.477 1297.33
613.717 1295.3
615.418 1293.61
617.371 1292.24
619.227 1290.76
621.162 1289.39
623.024 1287.84
625.061 1286.66
626.498 1284.87
627.771 1282.91
629.145 1281.07
630.599 1279.23
631.869 1277.23
633.764 1275.79
635.545 1274.24
637.298 1272.64
639.292 1271.31
641.083 1269.71
643.133 1268.62
645.33 1267.79
647.576 1267.07
649.815 1266.39
651.868 1265.37
653.507 1263.67
655.444 1262.38
657.35 1261.04
659.366 1259.95
661.42 1258.88
663.526 1257.96
665.708 1257.36
667.84 1256.63
669.727 1255.4
671.477 1253.9
673.555 1253.02
675.642 1252.17
677.538 1250.93
679.5 1249.79
681.656 1249.07
683.605 1247.95
685.367 1246.56
687.289 1245.46
689.301 1244.5
691.222 1243.4
693.228 1242.46
695.332 1241.78
697.479 1241.17
699.292 1239.89
701.035 1238.56
702.991 1237.58
704.967 1236.66
706.941 1235.77
708.926 1234.87
710.971 1234.18
712.985 1233.5
715.087 1233.26
717.197 1233.03
719.276 1232.54
721.3 1231.84
723.307 1231.1
725.142 1230
727.155 1229.29
728.889 1228.1
730.544 1226.81
732.487 1226
734.481 1225.25
736.203 1223.91
738.242 1223.16
739.91 1221.79
741.717 1220.72
743.509 1219.51
745.454 1218.58
747.598 1218.28
749.761 1218.06
751.875 1217.51
753.994 1216.93
755.935 1215.86
758.021 1215.15
760.309 1215.02
762.185 1213.6
764.322 1212.94
766.479 1212.36
768.675 1211.78
770.943 1211.55
773.227 1211.51
775.505 1211.39
777.76 1211.63
779.916 1212.32
781.918 1213.27
783.669 1214.73
785.73 1215.6
787.487 1216.91
789.238 1218.16
790.826 1219.65
792.261 1221.28
794.264 1222.03
796.319 1222.71
798.403 1223.34
800.469 1224.02
802.615 1224.32
804.755 1223.95
806.784 1223.13
808.375 1221.55
810.247 1220.32
812.05 1218.94
814.186 1218.52
816.527 1219.35
819.008 1219.55
821.204 1220.23
822.209 1222.26
823.092 1224.36
823.588 1226.61
824.31 1228.77
825.161 1230.88
825.844 1233.03
826.334 1235.22
827.001 1237.35
828.122 1239.31
829.252 1241.26
829.805 1243.4
830.467 1245.5
831.374 1247.52
832.209 1249.59
833.467 1251.44
834.628 1253.34
835.962 1255.17
837.094 1257.1
838.705 1258.62
840.162 1260.29
842.203 1261.18
844.272 1261.97
845.861 1263.58
847.568 1265.08
849.573 1266.16
851.174 1267.68
852.476 1269.48
853.424 1271.47
853.975 1273.65
855.005 1275.6
856.524 1277.26
857.572 1279.18
858.635 1281.1
859.956 1282.85
861.17 1284.65
862.498 1286.41
863.835 1288.18
865.472 1289.79
867.333 1291.12
869.345 1292.26
871.617 1292.81
873.898 1293.36
875.873 1294.72
877.678 1296.33
879.158 1298.22
879.423 1300.5
878.942 1302.78
878.413 1305.04
878.068 1307.29
877.938 1309.53
877.858 1311.74
877.696 1313.91
877.576 1316.07
877.441 1318.21
876.945 1320.3
876.704 1322.38
876.693 1324.47
876.937 1326.54
877.491 1328.56
877.776 1330.62
878.166 1332.64
878.8 1334.63
879.415 1336.59
879.955 1338.6
881.556 1340.07
882.588 1341.87
883.393 1343.84
884.346 1345.76
885.518 1347.51
887.103 1349.01
887.875 1351.07
889.512 1352.5
890.827 1354.16
892.144 1355.83
893.246 1357.64
894.453 1359.42
895.729 1361.15
897.475 1362.45
898.907 1364.03
900.346 1365.6
901.631 1367.33
903.407 1368.59
904.867 1370.13
905.877 1372.02
907.34 1373.54
908.871 1375.01
910.538 1376.25
911.968 1377.79
913.919 1378.6
915.755 1379.61
917.566 1380.62
919.481 1381.43
921.363 1382.27
923.049 1383.45
924.783 1384.53
926.631 1385.35
928.569 1385.99
930.485 1386.65
932.3 1387.54
934.116 1388.41
936.031 1389.05
937.993 1389.55
939.737 1390.58
941.576 1391.4
943.519 1391.95
945.382 1392.72
947.313 1393.14
949.281 1393.35
951.245 1393.66
953.161 1394.21
955.134 1394.4
957.118 1394.54
959.108 1394.66
961.109 1394.69
963.103 1394.64
965.07 1394.41
967.012 1393.95
968.948 1393.45
970.921 1393.16
972.873 1392.71
974.726 1391.87
976.558 1391.01
978.236 1389.75
980.253 1389.42
982.317 1389.27
984.347 1388.84
986.33 1388.17
988.174 1387.12
990.046 1386.15
991.993 1385.25
993.915 1384.21
995.68 1382.85
997.647 1381.88
999.791 1381.27
1001.87 1380.44
1003.74 1379.2
1005.53 1377.84
1007.25 1376.32
1009.23 1375.24
1010.95 1373.75
1013.02 1372.94
1015.16 1372.13
1017.07 1370.87
1019.03 1369.82
1021.2 1369.14
1023.45 1368.53
1025.77 1368.35
1028.06 1368.53
1030.29 1368.87
1032.52 1369.11
1034.74 1369.34
1036.92 1369.68
1038.96 1370.47
1040.99 1371.27
1043.01 1372.04
1045.09 1372.55
1047.19 1372.8
1049.22 1373.23
1051.05 1374.24
1052.88 1375.29
1054.94 1375.46
1057.01 1375.37
1059.06 1375.53
1061.09 1375.62
1063.11 1375.66
1065.12 1375.69
1067.13 1375.71
1069.13 1375.72
1071.13 1375.76
1073.12 1375.81
1075.11 1375.82
1077.09 1375.82
1079.07 1375.73
1081.01 1375.63
1082.95 1375.74
1084.88 1375.94
1086.81 1375.84
1088.69 1375.4
1090.56 1374.87
1092.4 1374.19
1094.32 1373.82
1096.27 1373.51
1098.25 1373.31
1100.22 1373.2
1102.18 1373.12
1104.14 1373.05
1106.12 1372.92
1108.11 1372.72
1110.1 1372.49
1112.09 1372.13
1114.07 1371.63
1116.02 1371.02
1117.98 1370.48
1119.87 1369.74
1121.87 1369.4
1123.91 1369.27
1125.95 1369.2
1127.99 1369.09
1130.01 1368.79
1131.93 1368.01
1133.88 1367.33
1135.79 1366.53
1137.84 1366.29
1139.91 1366.22
1141.92 1365.85
1143.91 1365.34
1145.92 1364.84
1147.96 1364.52
1150.01 1364.2
1152.06 1363.76
1154.06 1363.18
1156.07 1362.67
1158.12 1362.41
1160.18 1362.29
1162.25 1362.21
1164.3 1362.06
1166.34 1361.83
1168.37 1361.43
1170.4 1361.31
1172.44 1361.3
1174.48 1361.33
1176.51 1361.4
1178.56 1361.46
1180.59 1361.53
1182.61 1361.62
1184.63 1361.78
1186.64 1361.82
1188.66 1361.82
1190.67 1361.85
1192.66 1362.1
1194.66 1362.19
1196.67 1362.14
1198.66 1361.85
1200.62 1361.39
1202.62 1361.19
1204.63 1361.04
1206.61 1360.63
1208.51 1359.9
1210.48 1359.38
1212.41 1358.66
1214.4 1358.39
1216.34 1359.21
1218.38 1359.36
1220.36 1359.01
1221.83 1357.36
1223.74 1356.63
1225.78 1356.25
1227.79 1355.74
1229.78 1355.13
1231.79 1354.65
1233.85 1354.41
1235.91 1354.25
1237.96 1354.03
1239.97 1353.51
1241.99 1353.21
1243.98 1352.73
1245.92 1352
1247.98 1352.04
1250.02 1351.72
1251.91 1350.88
1253.82 1350.13
1255.79 1349.6
1257.81 1349.22
1259.84 1348.99
1261.87 1348.8
1263.87 1348.48
1265.88 1348.08
1267.85 1347.46
1269.83 1346.92
1271.85 1346.63
1273.89 1346.45
1275.92 1346.21
1277.93 1345.92
1279.91 1345.39
1281.93 1345.06
1283.95 1344.68
1285.99 1344.39
1288.06 1344.4
1290.14 1344.36
1292.09 1343.67
1293.89 1342.66
1295.68 1341.62
1297.64 1340.94
1299.64 1340.41
1301.61 1339.68
1303.56 1338.91
1305.6 1338.46
1307.69 1338.18
1309.77 1337.87
1311.82 1337.4
1313.91 1337.02
1315.83 1336.15
1317.51 1334.83
1319.34 1333.75
1321.32 1333
1323.37 1332.43
1325.4 1331.75
1327.42 1330.98
1329.51 1330.44
1331.61 1329.93
1333.6 1329.07
1335.32 1327.61
1337.31 1326.64
1339.3 1325.63
1341.47 1325.12
1343.61 1324.42
1345.65 1323.38
1347.78 1322.53
1350.01 1321.91
1352.2 1321.06
1354.28 1319.82
1356.42 1318.66
1358.61 1317.56
1360.89 1316.56
1363.27 1315.66
1365.73 1314.92
1368.21 1315.45
1370.34 1317.24
1372.72 1318.72
1374.77 1320.55
1375.76 1322.99
1375.25 1325.51
1373.78 1327.77
1372.55 1330.1
1371.12 1332.29
1369.89 1334.55
1368.47 1336.66
1367.23 1338.83
1365.57 1340.75
1364.49 1343.01
1363.05 1344.98
1361.64 1346.9
1359.93 1348.61
1358.79 1350.73
1356.69 1351.89
1355.01 1353.61
1352.93 1354.68
1350.66 1355.46
1348.61 1356.62
1346.81 1358.12
1345.36 1359.97
1343.93 1361.91
1343 1364.1
1341.09 1365.63
1339.59 1367.52
1338.14 1369.46
1336.43 1371.18
1335.11 1373.23
1333.48 1375.1
1331.72 1376.75
1329.9 1378.33
1327.83 1379.58
1325.56 1380.45
1323.4 1381.45
1321.73 1383.23
1319.83 1384.65
1317.95 1386.06
1316.03 1387.34
1314 1388.45
1311.83 1389.24
1309.57 1389.75
1307.45 1390.58
1305.72 1392.15
1303.79 1393.41
1301.93 1394.71
1300.18 1396.12
1298.13 1397.03
1295.98 1397.8
1294.23 1399.29
1292.18 1400.22
1290.1 1401.07
1287.92 1401.63
1285.84 1402.47
1283.75 1403.29
1281.7 1404.19
1279.64 1405.05
1277.56 1405.71
1275.44 1406.24
1273.33 1406.84
1271.23 1407.47
1269.1 1408.04
1267.25 1409.31
1265.17 1409.96
1263.11 1410.72
1261.1 1411.66
1259.06 1412.49
1256.97 1413.08
1254.87 1413.65
1252.79 1414.21
1250.81 1415.09
1248.94 1416.24
1247.06 1417.33
1244.97 1417.96
1242.85 1418.42
1240.77 1419
1238.75 1419.82
1236.67 1420.41
1234.54 1420.76
1232.44 1421.14
1230.38 1421.65
1228.28 1421.84
1226.15 1421.97
1224.04 1422.29
1222.01 1422.93
1220.08 1423.87
1218.17 1424.8
1216.17 1425.46
1214.19 1426.2
1212.25 1427.02
1210.37 1428.02
1208.41 1428.77
1206.4 1429.4
1204.31 1429.67
1202.19 1429.75
1200.06 1429.79
1197.98 1430
1196.04 1430.78
1194.23 1431.83
1192.49 1433.05
1190.54 1433.83
1188.56 1434.56
1186.63 1435.44
1184.68 1436.26
1182.63 1436.68
1180.53 1436.87
1178.44 1437.06
1176.35 1437.37
1174.32 1437.89
1172.29 1438.41
1170.26 1438.92
1168.2 1439.33
1166.17 1439.82
1164.11 1440.17
1162.04 1440.28
1159.96 1440.24
1158.06 1441.05
1156.17 1441.9
1154.18 1442.47
1152.2 1443.07
1150.3 1443.95
1148.28 1444.41
1146.21 1444.59
1144.13 1444.69
1142.05 1444.75
1139.98 1444.88
1137.93 1445.13
1135.88 1445.53
1133.88 1446.08
1131.87 1446.59
1129.87 1447.15
1127.89 1447.78
1125.94 1448.47
1123.92 1448.9
1121.87 1449.1
1119.84 1449.38
1117.86 1449.94
1115.9 1450.52
1114.02 1451.33
1112.09 1452.06
1110.08 1452.43
1108.04 1452.58
1106.02 1452.79
1104 1453.14
1101.99 1453.58
1099.96 1453.76
1097.91 1453.8
1095.85 1453.76
1093.82 1453.75
1091.8 1453.88
1089.77 1454.11
1087.77 1454.53
1085.82 1455.16
1083.85 1455.71
1081.82 1455.96
1079.78 1456.13
1077.74 1456.26
1075.72 1456.51
1073.75 1457.05
1071.77 1457.48
1069.79 1457.96
1067.78 1458.18
1065.76 1458.32
1063.73 1458.39
1061.7 1458.39
1059.67 1458.39
1057.64 1458.39
1055.61 1458.48
1053.6 1458.77
1051.64 1459.36
1049.7 1460.03
1047.69 1460.43
1045.65 1460.63
1043.63 1460.83
1041.64 1461.11
1039.66 1461.52
1037.68 1461.88
1035.66 1462.07
1033.65 1462.27
1031.62 1462.36
1029.59 1462.35
1027.56 1462.42
1025.54 1462.68
1023.55 1463.14
1021.55 1463.4
1019.53 1463.61
1017.53 1464.01
1015.51 1464.34
1013.49 1464.63
1011.47 1464.87
1009.44 1465.05
1007.41 1465.07
1005.39 1464.96
1003.36 1464.91
1001.36 1465.17
999.37 1465.48
997.354 1465.67
995.335 1465.74
993.326 1465.8
991.332 1466
989.32 1466.12
987.308 1466.09
985.301 1466.04
983.299 1466.03
981.306 1466.03
979.317 1466.11
977.332 1466.22
975.345 1466.3
973.357 1466.41
971.366 1466.55
969.368 1466.7
967.362 1466.85
965.357 1467.06
963.368 1467.43
961.388 1467.87
959.395 1468.25
957.374 1468.48
955.351 1468.63

