CONTOUR

2

2119

1114.74 1458.81
1116.72 1458.44
1118.66 1457.94
1120.55 1457.29
1122.49 1456.87
1124.46 1456.66
1126.46 1456.57
1128.46 1456.42
1130.42 1455.91
1132.36 1455.25
1134.35 1454.81
1136.37 1454.5
1138.4 1454.22
1140.43 1454.04
1142.47 1453.96
1144.49 1453.9
1146.51 1453.83
1148.53 1453.76
1150.52 1453.57
1152.48 1453.05
1154.46 1452.69
1156.48 1452.47
1158.5 1452.35
1160.54 1452.36
1162.58 1452.53
1164.62 1452.77
1166.68 1453.05
1168.73 1453.36
1170.79 1453.47
1172.86 1453.42
1174.9 1453.17
1176.93 1452.73
1178.99 1452.44
1181.06 1452.18
1183.14 1451.88
1185.24 1451.64
1187.35 1451.34
1189.38 1450.75
1191.31 1449.9
1193.23 1449.1
1195.03 1448.08
1196.84 1447.05
1198.74 1446.18
1200.74 1445.55
1202.82 1445.28
1204.91 1445.22
1207 1445.41
1209.08 1445.77
1211.18 1445.83
1213.29 1445.78
1215.39 1445.51
1217.49 1445.05
1219.62 1444.82
1221.76 1444.63
1223.87 1444.18
1225.89 1443.4
1227.91 1442.61
1229.94 1441.94
1231.89 1441.12
1233.48 1439.75
1234.98 1438.28
1236.86 1437.56
1238.93 1437.67
1240.97 1437.61
1243.01 1437.54
1245.06 1437.41
1247.06 1437.06
1248.99 1436.36
1250.85 1435.47
1252.7 1434.55
1254.54 1433.63
1256.32 1432.54
1258.27 1432.09
1260.09 1433.05
1261.82 1434.2
1263.57 1435.33
1265.31 1436.52
1266.98 1437.81
1268.57 1439.29
1270.43 1440.42
1272.19 1441.71
1274.02 1442.95
1275.69 1444.48
1277.63 1445.62
1279.59 1446.79
1281.73 1447.61
1283.89 1448.39
1285.97 1449.4
1288.16 1450.2
1290.45 1450.72
1292.76 1451.26
1295.08 1451.8
1297.42 1452.26
1299.78 1452.63
1302.15 1452.97
1304.52 1453.37
1306.95 1453.48
1309.41 1453.44
1311.88 1453.43
1314.35 1453.43
1316.81 1453.35
1319.19 1452.8
1321.29 1451.58
1323.07 1449.92
1324.57 1447.97
1325.97 1445.98
1327.49 1444.1
1328.69 1442.03
1329.51 1439.81
1330.21 1437.56
1330.56 1435.27
1330.72 1432.96
1330.74 1430.67
1330.63 1428.42
1330.39 1426.22
1329.72 1424.18
1328.13 1422.66
1327.2 1420.78
1326.04 1419.13
1324.59 1417.8
1323.23 1416.44
1322.75 1414.65
1322.8 1412.8
1323.38 1411.1
1324.52 1409.76
1326.17 1409.19
1327.95 1409.05
1329.7 1408.72
1331.46 1408.34
1333.3 1408.28
1335.15 1408.13
1337.03 1407.9
1338.93 1407.82
1340.69 1408.45
1342.16 1409.75
1343.89 1410.65
1345.67 1411.52
1347.26 1412.71
1348.7 1414.11
1349.99 1415.69
1351.52 1417.11
1353.19 1418.36
1354.55 1419.97
1356.24 1421.13
1358.22 1421.72
1360.2 1422.38
1362.31 1422.52
1364.44 1422.4
1366.57 1422.41
1368.69 1422.5
1370.8 1422.42
1372.86 1422.16
1374.84 1421.68
1376.71 1420.98
1378.63 1420.37
1380.62 1420.05
1382.63 1420.16
1384.59 1420.71
1386.45 1421.53
1388.29 1422.4
1390.15 1423.25
1392.06 1423.96
1393.61 1425.47
1395.37 1426.64
1397.21 1427.72
1399.12 1428.7
1401.08 1429.51
1403.15 1429.91
1405.22 1430.47
1407.29 1431.14
1409.44 1431.51
1411.47 1432.34
1413.32 1433.57
1415.34 1434.48
1417.35 1435.45
1419.44 1436.23
1421.62 1436.81
1423.78 1437.47
1426.01 1437.84
1428.27 1438
1430.55 1438.06
1432.84 1437.99
1435.15 1437.83
1437.47 1438
1439.8 1438.25
1442.14 1438.14
1444.47 1437.87
1446.76 1437.43
1448.96 1436.52
1451.06 1435.39
1453.16 1434.24
1455.28 1433.07
1456.79 1431.16
1458.29 1429.22
1460.15 1427.58
1461.53 1425.57
1462.75 1423.43
1463.5 1421.1
1463.7 1418.69
1463.67 1416.28
1463.35 1413.93
1462.51 1411.69
1461.89 1409.43
1461.4 1407.18
1460.95 1404.94
1460.63 1402.72
1460.26 1400.52
1459.64 1398.4
1459.01 1396.32
1458.55 1394.23
1458.07 1392.17
1457.54 1390.17
1457.38 1388.13
1457.3 1386.11
1457.26 1384.1
1457.22 1382.13
1456.87 1380.23
1456.07 1378.45
1455.73 1376.57
1455.42 1374.7
1454.82 1372.92
1453.89 1371.29
1453.03 1369.65
1452.23 1367.99
1451.75 1366.22
1451.14 1364.49
1451.09 1362.7
1451.89 1361.1
1453.29 1359.98
1454.96 1359.18
1456.18 1357.75
1457.92 1357.3
1459.74 1357.17
1461.56 1357.12
1463.39 1357.15
1465.23 1357.2
1467.07 1357.21
1468.94 1357.21
1470.79 1357.38
1472.52 1358.03
1474.1 1359.11
1475.82 1359.91
1477.13 1361.38
1478.84 1362.33
1480.39 1363.52
1482.02 1364.64
1483.58 1365.85
1484.99 1367.34
1486.74 1368.45
1487.78 1370.27
1489.23 1371.79
1490.21 1373.6
1491.14 1375.48
1492.37 1377.24
1493.13 1379.17
1493.48 1381.25
1494.01 1383.31
1495.13 1385.18
1495.69 1387.28
1496.51 1389.32
1497.26 1391.36
1497.85 1393.45
1498.49 1395.53
1499.52 1397.47
1500.63 1399.41
1501.88 1401.27
1503.59 1402.72
1505.32 1404.2
1506.8 1405.9
1508.24 1407.68
1509.31 1409.71
1510.39 1411.74
1511.62 1413.69
1513.14 1415.5
1514.28 1417.53
1515.5 1419.5
1516.74 1421.46
1517.91 1423.5
1519.33 1425.41
1520.41 1427.5
1521.31 1429.7
1522.37 1431.85
1523.83 1433.8
1525.46 1435.62
1527.38 1437.12
1529.65 1437.68
1531.92 1436.7
1534.19 1435.61
1536.66 1435.41
1539.14 1435.67
1541.6 1436
1544.06 1436.25
1546.52 1436.47
1548.93 1436.96
1551.31 1437.55
1553.72 1437.93
1556.15 1438
1558.54 1437.75
1560.87 1437.15
1563.21 1436.58
1565.53 1435.89
1567.81 1435.1
1570.15 1434.48
1572.4 1433.66
1574.32 1432.18
1576.39 1430.97
1578.08 1429.29
1579.47 1427.39
1580.62 1425.35
1581.54 1423.22
1582.04 1420.96
1582.47 1418.71
1582.63 1416.45
1582.57 1414.22
1582.33 1412.05
1581.87 1409.97
1581.49 1407.94
1581.04 1405.97
1580.78 1404
1580.58 1402.05
1580.27 1400.13
1579.92 1398.25
1580.13 1396.41
1581.26 1395.04
1583.03 1394.94
1584.74 1395.8
1586.43 1396.73
1588.14 1397.67
1589.62 1399.09
1591.5 1399.95
1593.19 1401.25
1595.2 1401.79
1597.34 1401.86
1599.52 1401.77
1601.65 1401.24
1603.44 1399.85
1605.36 1398.76
1607.06 1397.31
1608.95 1396.21
1611.01 1395.5
1613.22 1395.43
1615.45 1395.4
1617.64 1394.94
1619.79 1394.26
1621.8 1393.23
1623.52 1391.67
1625.19 1390.08
1626.75 1388.45
1628.22 1386.73
1629.61 1384.97
1631.2 1383.32
1631.94 1381.14
1633.47 1379.43
1634.4 1377.41
1634.89 1375.25
1635.31 1373.07
1636.13 1371.02
1637.38 1369.21
1639 1367.75
1641.05 1368.08
1642.84 1369.59
1644.99 1370.17
1647.26 1370.23
1649.57 1370.03
1651.83 1369.49
1653.93 1368.41
1656.14 1367.55
1658.19 1366.39
1660.13 1365.06
1662.08 1363.77
1663.98 1362.38
1665.95 1361.06
1667.66 1359.45
1668.95 1357.52
1669.52 1355.31
1669.92 1353.06
1670.64 1350.89
1671 1348.69
1670.75 1346.53
1670.12 1344.45
1669.58 1342.42
1669.3 1340.36
1669.26 1338.28
1670.06 1336.46
1671.97 1336.18
1673.84 1337.13
1675.73 1337.97
1677.74 1338.55
1679.81 1339.04
1681.94 1339.54
1684.13 1339.85
1686.36 1339.76
1688.54 1339.03
1690.72 1338.24
1692.85 1337.26
1694.76 1335.78
1696.87 1334.68
1698.67 1333.1
1700.32 1331.35
1701.56 1329.27
1703.08 1327.33
1704.25 1325.21
1705.08 1322.96
1705.4 1320.58
1705.75 1318.22
1705.98 1315.86
1706.19 1313.51
1706.45 1311.18
1706.61 1308.84
1706.68 1306.52
1706.69 1304.22
1706.57 1301.95
1706.35 1299.7
1705.96 1297.5
1705.11 1295.43
1703.88 1293.54
1703.03 1291.52
1702.1 1289.55
1701.38 1287.51
1700.69 1285.48
1700.18 1283.41
1699.54 1281.38
1698.98 1279.33
1698.62 1277.24
1698.29 1275.17
1697.86 1273.12
1697.29 1271.11
1696.57 1269.13
1695.48 1267.34
1694.47 1265.5
1693.94 1263.5
1693.8 1261.42
1693.73 1259.34
1693.59 1257.27
1693.28 1255.21
1693.09 1253.16
1693.11 1251.1
1693.24 1249.05
1693.45 1247.01
1693.52 1244.95
1693.5 1242.89
1693.4 1240.84
1693.11 1238.81
1692.72 1236.78
1692.13 1234.79
1691.08 1232.98
1689.93 1231.21
1689.48 1229.18
1689.27 1227.09
1688.82 1225.05
1688.28 1223.01
1688.22 1220.86
1687.99 1218.7
1687.72 1216.54
1687.7 1214.37
1687.61 1212.2
1687.13 1210.09
1686.25 1208.06
1685.61 1205.95
1685.34 1203.75
1685.13 1201.56
1684.87 1199.37
1684.43 1197.22
1683.64 1195.15
1682.65 1193.17
1681.7 1191.16
1680.98 1189.05
1679.82 1187.15
1678.4 1185.4
1677.33 1183.42
1676.14 1181.53
1674.62 1179.9
1673.08 1178.29
1671.38 1176.81
1669.79 1175.21
1668.87 1173.14
1667.84 1171.16
1666.53 1169.33
1665.28 1167.45
1663.73 1165.78
1662.5 1163.95
1661.14 1162.18
1660.06 1160.25
1658.7 1158.5
1657.75 1156.54
1657.05 1154.46
1655.99 1152.5
1656.2 1150.33
1656.35 1148.16
1656.15 1146
1655.98 1143.84
1655.84 1141.67
1655.47 1139.54
1654.62 1137.55
1653.77 1135.55
1653.36 1133.42
1653.03 1131.28
1652.35 1129.24
1651.19 1127.37
1650.2 1125.39
1649.42 1123.33
1648.28 1121.42
1647.68 1119.34
1647.26 1117.17
1646.45 1115.11
1645.85 1113
1645.42 1110.85
1645.15 1108.65
1644.94 1106.44
1644.7 1104.23
1644.23 1102.06
1643.38 1100
1642.48 1097.96
1641.47 1095.98
1639.9 1094.35
1638.89 1092.38
1637.22 1090.9
1635.69 1089.35
1634.35 1087.6
1633.09 1085.78
1631.47 1084.3
1629.9 1082.77
1629 1080.87
1628.62 1078.78
1628.25 1076.69
1627.61 1074.69
1626.73 1072.79
1625.73 1070.96
1625.01 1069.03
1624.22 1067.12
1623.87 1065.08
1623.54 1063.06
1623.04 1061.07
1622.38 1059.12
1621.91 1057.14
1621.5 1055.15
1621.2 1053.15
1621.03 1051.14
1620.91 1049.14
1620.74 1047.14
1620.58 1045.14
1620.43 1043.14
1620.29 1041.14
1620.25 1039.15
1620.32 1037.15
1620.46 1035.16
1620.57 1033.17
1620.68 1031.19
1620.78 1029.21
1620.93 1027.22
1621.15 1025.24
1621.52 1023.28
1621.77 1021.31
1621.93 1019.33
1622.13 1017.33
1622.32 1015.33
1622.69 1013.34
1623.36 1011.41
1623.88 1009.44
1624.14 1007.41
1624.69 1005.45
1625.09 1003.44
1625.37 1001.42
1625.9 999.455
1626.78 997.603
1627.74 995.774
1628.49 993.848
1629.11 991.872
1629.71 989.913
1630.26 987.937
1630.81 985.928
1631.45 983.933
1632.33 982.057
1633.04 980.107
1633.34 978.045
1633.82 976.035
1634.92 974.245
1636.02 972.46
1636.72 970.492
1637.26 968.475
1637.92 966.503
1638.92 964.66
1640.15 962.935
1641.11 961.086
1641.78 959.107
1642.49 957.124
1643.35 955.189
1644.31 953.295
1645.02 951.302
1645.43 949.244
1645.88 947.179
1647.07 945.357
1647.76 943.338
1648.65 941.403
1649.17 939.355
1649.53 937.271
1650.37 935.332
1651.48 933.5
1652.36 931.569
1652.92 929.525
1653.44 927.479
1653.83 925.41
1654.21 923.34
1654.77 921.299
1655.4 919.268
1656.12 917.259
1656.87 915.267
1657.28 913.195
1657.77 911.148
1658.33 909.108
1659.05 907.112
1660.12 905.276
1661.18 903.423
1661.95 901.442
1663.02 899.602
1664.16 897.791
1665.22 895.931
1666.01 893.947
1666.69 891.931
1667.53 889.958
1668.25 887.944
1668.62 885.849
1668.87 883.751
1669.18 881.681
1669.58 879.639
1669.96 877.612
1670.23 875.569
1670.39 873.504
1670.98 871.523
1671.68 869.585
1672.21 867.597
1672.55 865.56
1672.63 863.486
1672.63 861.393
1672.88 859.318
1673.13 857.245
1673.2 855.16
1673.23 853.07
1673.34 850.99
1673.62 848.934
1674.46 847.017
1675.3 845.107
1676 843.144
1676.41 841.118
1676.71 839.084
1676.94 837.046
1677.19 834.998
1677.49 832.953
1678.01 830.951
1678.76 829
1679.45 827.027
1680.13 825.047
1680.99 823.141
1681.49 821.129
1681.67 819.045
1681.92 816.978
1682.56 814.981
1683.4 813.045
1684.23 811.1
1684.81 809.075
1685.36 807.036
1685.6 804.909
1685.69 802.768
1685.76 800.624
1685.87 798.481
1685.92 796.339
1685.9 794.201
1685.69 792.075
1685.3 789.945
1685.15 787.795
1685.08 785.648
1685 783.509
1684.89 781.374
1684.74 779.242
1684.52 777.116
1684.04 775.032
1683.41 772.954
1682.82 770.87
1682.42 768.751
1681.94 766.652
1681.74 764.515
1681.49 762.378
1680.83 760.329
1679.97 758.334
1679.42 756.223
1678.72 754.164
1677.93 752.12
1677.27 750.053
1676.89 747.913
1676.56 745.757
1676.09 743.629
1675.28 741.595
1674.49 739.557
1673.74 737.512
1672.68 735.588
1671.66 733.65
1670.78 731.658
1669.69 729.758
1668.85 727.733
1667.88 725.775
1666.86 723.849
1666.15 721.794
1665.28 719.812
1663.93 718.081
1663.13 716.056
1661.59 714.463
1660.59 712.579
1659.75 710.587
1658.74 708.685
1657.79 706.777
1656.66 704.95
1655.48 703.128
1654.14 701.383
1653.25 699.439
1652.53 697.438
1651.6 695.505
1650.56 693.606
1649.91 691.581
1649.39 689.531
1648.36 687.676
1647.4 685.814
1645.9 684.267
1645.13 682.376
1644.66 680.373
1644.08 678.4
1643.19 676.538
1642.44 674.625
1641.79 672.687
1640.99 670.8
1640.02 668.971
1639.05 667.142
1638.09 665.319
1637.52 663.358
1637.07 661.363
1636.75 659.345
1636.38 657.335
1635.75 655.38
1634.99 653.457
1634.46 651.473
1633.97 649.474
1633.34 647.508
1632.55 645.619
1631.64 643.789
1630.8 641.909
1629.98 640.024
1629.33 638.113
1628.97 636.128
1628.76 634.114
1628.6 632.106
1628.44 630.098
1628.11 628.114
1627.44 626.208
1626.75 624.31
1626.17 622.388
1625.92 620.403
1625.8 618.409
1625.67 616.42
1625.42 614.447
1625.27 612.467
1625.16 610.479
1625.11 608.481
1625.12 606.493
1625.05 604.514
1624.69 602.563
1624.2 600.635
1623.84 598.682
1623.68 596.694
1623.68 594.699
1623.7 592.704
1623.68 590.705
1623.64 588.697
1623.55 586.687
1623.32 584.688
1622.76 582.744
1622.33 580.767
1622.09 578.756
1621.99 576.734
1621.96 574.716
1621.88 572.702
1621.8 570.693
1621.67 568.688
1621.34 566.692
1621.21 564.679
1621.61 562.717
1622.91 561.065
1623.98 559.262
1625.51 557.765
1627.08 556.348
1628.59 554.83
1630.06 553.245
1631.6 551.646
1633.29 550.181
1634.56 548.387
1635.84 546.567
1637.01 544.66
1638.22 542.747
1639.5 540.828
1640.49 538.74
1641.29 536.562
1641.93 534.322
1642.2 532.009
1642.3 529.666
1642.29 527.312
1642.23 524.96
1642.1 522.614
1641.81 520.29
1641.26 518.031
1640.62 515.799
1639.86 513.601
1639.29 511.336
1637.86 509.435
1636.92 507.328
1635.92 505.254
1634.79 503.211
1634.06 501.017
1633.5 498.797
1632.5 496.727
1631.4 494.694
1630.11 492.706
1629.48 490.485
1629.24 488.163
1628.75 485.904
1628.09 483.68
1627.03 481.584
1625.94 479.491
1625.1 477.307
1623.92 475.277
1622.55 473.37
1621.26 471.403
1620 469.406
1618.57 467.519
1617.23 465.57
1615.63 463.743
1614.32 461.754
1612.94 459.853
1611.46 458.018
1609.86 456.287
1607.86 454.947
1606.67 452.839
1604.93 451.186
1603.22 449.525
1601.65 447.674
1599.68 446.278
1597.93 444.697
1596.5 442.797
1594.77 441.225
1592.99 439.701
1590.84 438.679
1588.94 437.21
1586.88 436.042
1584.78 434.986
1582.54 434.36
1580.23 434.095
1577.94 433.905
1575.69 433.528
1573.47 433.2
1571.25 433.055
1569.03 432.849
1566.86 432.42
1564.69 432.019
1562.53 431.706
1560.37 431.494
1558.23 431.315
1556.14 430.953
1554.14 430.207
1552.08 429.739
1550.03 429.373
1547.96 429.241
1545.88 429.065
1543.86 428.559
1541.92 427.749
1539.97 426.966
1537.94 426.523
1535.88 426.279
1533.82 426.103
1531.76 425.942
1529.69 425.736
1527.65 425.322
1525.68 424.609
1523.74 423.822
1521.71 423.289
1519.63 422.904
1517.91 421.593
1515.97 420.846
1513.92 420.348
1511.95 419.574
1510.07 418.609
1508.03 418.108
1505.95 417.731
1503.9 417.214
1502.1 416.09
1500.34 414.856
1498.4 414.011
1496.35 413.455
1494.44 412.559
1492.61 411.506
1490.73 410.539
1488.73 409.871
1486.74 409.178
1484.87 408.163
1483.05 407.057
1481.25 405.884
1479.3 404.95
1477.44 403.822
1475.59 402.665
1473.59 401.828
1471.6 400.912
1469.78 399.626
1467.85 398.554
1465.95 397.425
1463.93 396.496
1462.17 395.148
1460.28 394.062
1458.39 392.955
1456.86 391.312
1455.23 389.755
1453.23 388.674
1451.36 387.401
1449.55 386.079
1447.61 384.876
1445.89 383.392
1444.49 381.582
1442.89 380.003
1441.25 378.452
1439.4 377.109
1437.73 375.52
1436.26 373.746
1434.51 372.319
1432.82 370.819
1431.14 369.302
1429.43 367.729
1427.84 366.08
1426.14 364.59
1424.36 363.192
1423.09 361.353
1421.55 359.659
1420.25 357.816
1418.81 356.106
1417.39 354.387
1415.65 352.928
1414.29 351.148
1413.23 349.15
1412.11 347.212
1410.77 345.409
1409.57 343.501
1408.06 341.79
1406.92 339.876
1405.18 338.423
1403.65 336.801
1402.34 334.971
1401.3 332.891
1399.66 331.251
1398.03 329.618
1396.96 327.6
1395.91 325.586
1394.56 323.779
1393.22 321.957
1391.56 320.351
1389.93 318.735
1389.04 316.631
1388.22 314.487
1387.06 312.499
1386 310.459
1385.14 308.31
1383.71 306.468
1382.33 304.611
1381.16 302.622
1380.26 300.47
1379.03 298.469
1377.8 296.476
1376.36 294.609
1375.21 292.528
1373.58 290.726
1372.56 288.571
1371.7 286.312
1370.72 284.095
1369.69 281.905
1368.27 279.891
1367.29 277.68
1365.65 275.857
1364.41 273.793
1363.26 271.647
1362.21 269.462
1360.91 267.427
1359.3 265.567
1357.64 263.692
1356.39 261.544
1354.84 259.623
1353.29 257.687
1351.59 255.821
1349.84 254.037
1348.38 252.068
1346.83 250.129
1345.37 248.099
1343.4 246.552
1341.58 244.788
1339.84 242.962
1337.9 241.354
1336.09 239.561
1334.76 237.397
1332.91 235.666
1331.24 233.776
1329.76 231.694
1327.91 229.945
1326.21 228.137
1324.54 226.306
1322.74 224.595
1320.72 223.106
1319.16 221.074
1317.16 219.491
1315.28 217.78
1313.61 215.84
1311.52 214.382
1309.58 212.732
1307.74 210.984
1305.77 209.397
1303.87 207.684
1301.92 206.076
1300.03 204.481
1298 203.051
1295.82 201.821
1293.97 200.11
1291.82 198.956
1290.07 197.168
1287.99 195.831
1285.9 194.522
1283.86 193.204
1282.02 191.536
1280.11 189.977
1278.12 188.629
1276.16 187.264
1274.06 186.131
1271.91 185.071
1270.12 183.484
1268.43 181.795
1266.47 180.51
1264.4 179.427
1262.23 178.546
1260.23 177.425
1258.5 175.832
1256.26 175.25
1254.33 174.063
1252.46 172.817
1250.58 171.606
1248.68 170.423
1246.69 169.389
1244.73 168.282
1242.71 167.324
1240.8 166.148
1238.81 165.126
1236.83 164.118
1234.93 162.936
1232.91 162.051
1230.85 161.268
1228.84 160.358
1227.08 158.992
1225.25 157.803
1223.29 156.829
1221.34 155.793
1219.37 154.786
1217.29 154.081
1215.22 153.309
1213.25 152.3
1211.32 151.242
1209.41 150.152
1207.41 149.256
1205.41 148.32
1203.49 147.227
1201.52 146.259
1199.46 145.445
1197.42 144.598
1195.46 143.553
1193.54 142.452
1191.54 141.525
1189.46 140.793
1187.37 140.082
1185.4 139.091
1183.37 138.236
1181.24 137.744
1179.1 137.286
1177.19 136.146
1175.17 135.391
1173.01 134.923
1171.07 133.837
1168.97 133.241
1166.92 132.523
1164.95 131.612
1162.98 130.698
1160.95 129.996
1158.9 129.371
1156.79 128.966
1154.68 128.517
1152.62 127.855
1150.6 127.123
1148.73 125.99
1146.66 125.466
1144.58 125.068
1142.58 124.348
1140.64 123.479
1138.69 122.641
1136.69 121.991
1134.69 121.388
1132.64 120.932
1130.61 120.341
1128.62 119.613
1126.78 118.579
1125 117.328
1122.96 116.65
1120.85 116.158
1118.76 115.527
1116.67 114.882
1114.55 114.372
1112.44 113.869
1110.31 113.347
1108.14 113.086
1105.96 112.891
1103.77 112.826
1101.62 113.173
1099.66 114.181
1097.66 115.106
1095.6 114.569
1093.83 113.243
1091.96 112.117
1089.96 111.305
1087.9 110.651
1085.8 110.169
1083.68 109.992
1081.58 110.215
1079.51 110.65
1077.45 111.088
1075.38 111.4
1073.32 111.677
1071.26 111.89
1069.28 112.351
1067.28 112.696
1065.27 112.558
1063.3 112.15
1061.32 111.793
1059.32 111.592
1057.32 111.481
1055.32 111.419
1053.32 111.343
1051.32 111.237
1049.33 111.122
1047.33 111.043
1045.39 110.589
1043.49 110.021
1041.52 109.779
1039.56 109.539
1037.58 109.306
1035.6 109.091
1033.62 108.832
1031.64 108.513
1029.64 108.195
1027.64 107.864
1025.63 107.495
1023.6 107.24
1021.55 107.145
1019.51 107.116
1017.46 107.057
1015.43 106.915
1013.4 106.82
1011.36 106.811
1009.33 106.801
1007.31 106.669
1005.3 106.539
1003.27 106.505
1001.25 106.457
999.217 106.344
997.197 106.235
995.179 106.099
993.166 105.907
991.175 105.505
989.157 105.292
987.124 105.227
985.085 105.225
983.051 105.449
981.009 105.569
978.963 105.581
976.917 105.576
974.871 105.566
972.822 105.56
970.775 105.559
968.73 105.598
966.689 105.756
964.644 105.876
962.608 105.944
960.585 106.032
958.565 106.183
956.53 106.277
954.499 106.365
952.471 106.468
950.447 106.64
948.407 106.793
946.363 106.928
944.31 106.923
942.257 106.831
940.213 107.035
938.19 107.451
936.174 107.919
934.145 108.275
932.094 108.481
930.044 108.669
927.995 108.898
925.962 109.215
923.91 109.33
921.86 109.457
919.822 109.716
917.872 110.35
915.949 111.096
913.995 111.779
912.002 112.36
910.018 112.86
907.989 113.095
905.958 113.235
903.947 113.497
901.971 114.015
899.955 114.356
897.923 114.632
895.864 114.785
893.799 114.879
891.749 115.168
889.72 115.618
887.697 116.103
885.671 116.485
883.623 116.703
881.571 116.922
879.543 117.328
877.526 117.71
875.526 118.167
873.576 118.862
871.605 119.572
869.66 120.305
867.663 120.898
865.619 121.236
863.605 121.675
861.612 122.304
859.562 122.769
857.538 123.375
855.517 123.995
853.431 124.356
851.352 124.722
849.386 125.435
847.665 126.748
845.616 127.317
843.623 128.019
841.623 128.758
839.555 129.249
837.471 129.695
835.384 130.113
833.314 130.587
831.339 131.412
829.358 132.254
827.271 132.793
825.277 133.564
823.572 135.003
821.485 135.567
819.408 136.124
817.426 136.963
815.384 137.616
813.392 138.418
811.461 139.391
809.533 140.394
807.535 141.225
805.487 141.908
803.503 142.797
801.495 143.636
799.647 144.834
797.701 145.821
795.63 146.512
793.599 147.33
791.639 148.337
789.601 149.13
787.492 149.746
785.633 150.993
783.573 151.82
781.847 153.273
779.905 154.309
777.914 155.277
775.968 156.361
774.13 157.563
772.136 158.459
770.217 159.495
768.608 161.055
766.768 162.208
764.737 163.094
762.835 164.223
761.015 165.455
759.37 167.012
757.303 167.791
755.27 168.635
753.195 169.306
751.151 170.087
749.134 171.007
747.166 172.032
745.125 172.833
743.12 173.713
741.285 174.878
739.386 175.945
737.345 176.705
735.27 177.388
733.152 177.99
731.068 178.711
729.165 179.849
727.303 181.109
725.201 181.891
723.078 182.673
721.023 183.616
719.181 185.03
717.066 185.894
714.874 186.586
712.851 187.67
710.87 188.879
708.686 189.759
706.896 191.3
705.045 192.727
702.973 193.858
700.868 194.944
698.94 196.322
697.09 197.781
695.333 199.44
693.537 201.071
691.65 202.538
689.824 204.08
687.901 205.535
686.431 207.453
684.687 209.103
682.87 210.642
681.218 212.36
679.398 213.943
677.578 215.583
675.983 217.444
674.261 219.174
672.613 220.99
671.245 223.073
669.135 224.407
667.379 226.139
665.594 227.827
663.644 229.364
662.013 231.237
660.408 233.079
658.627 234.707
657.033 236.522
655.257 238.205
653.282 239.72
651.72 241.666
649.985 243.425
648.127 245.085
646.857 247.255
644.803 248.702
642.971 250.361
641.365 252.231
639.544 253.926
637.849 255.761
636.488 257.871
634.829 259.729
633.219 261.612
631.472 263.433
629.642 265.163
627.944 266.948
626.299 268.801
624.849 270.824
623.056 272.502
621.063 274.055
619.321 275.845
617.653 277.69
615.912 279.51
614.638 281.652
612.902 283.429
611.339 285.333
609.953 287.388
608.412 289.329
607.049 291.361
605.185 293.061
603.86 295.18
602.479 297.227
601.132 299.268
599.481 301.134
597.993 303.137
596.741 305.256
595.367 307.274
594.118 309.364
593.001 311.559
591.456 313.515
589.696 315.294
588.313 317.327
586.978 319.419
585.779 321.584
584.24 323.53
583.057 325.685
581.245 327.446
579.626 329.349
577.965 331.191
576.258 333.022
575.202 335.305
573.43 337.085
571.854 338.973
570.391 340.964
569.166 343.139
567.507 344.989
565.758 346.736
564.408 348.758
563.249 350.912
562.074 353.012
560.518 354.833
559.135 356.78
557.457 358.53
556.077 360.481
554.67 362.399
553.366 364.365
551.716 366.089
550.346 368.002
549.025 369.975
547.766 371.955
546.51 373.921
545.363 375.945
544.208 377.989
543.085 380.028
541.564 381.826
540.573 383.946
539.373 385.947
538.21 387.946
537.086 389.951
535.62 391.8
534.565 393.892
533.166 395.762
531.934 397.709
530.598 399.612
529.604 401.699
528.491 403.708
527.362 405.71
525.855 407.507
524.797 409.534
523.801 411.582
522.602 413.527
521.41 415.476
519.846 417.195
519.08 419.347
517.63 421.16
516.604 423.21
515.511 425.203
514.457 427.203
513.605 429.311
512.359 431.233
511.302 433.228
509.919 435.037
509.277 437.178
508.603 439.305
507.531 441.275
506.568 443.287
505.894 445.412
505.069 447.483
503.716 449.299
502.709 451.264
501.844 453.293
501.109 455.371
500.025 457.291
498.876 459.176
498.164 461.244
497.552 463.332
496.96 465.419
495.967 467.359
494.721 469.172
493.724 471.106
492.871 473.091
491.98 475.054
490.898 476.952
489.993 478.921
489.356 480.976
488.915 483.068
488.241 485.117
487.46 487.139
486.252 488.922
485.179 490.772
484.62 492.837
484.174 494.937
483.491 496.985
482.694 498.99
482.14 501.071
481.579 503.145
480.932 505.182
479.997 507.129
479.268 509.152
478.551 511.181
477.462 513.06
476.848 515.093
476.511 517.211
476.045 519.306
475.246 521.307
474.644 523.36
474.301 525.461
474.073 527.557
473.958 529.656
473.847 531.753
473.697 533.848
473.311 535.913
473.05 537.972
472.837 540.029
472.686 542.091
472.471 544.141
472.042 546.163
471.472 548.149
470.94 550.153
470.492 552.186
470.048 554.237
469.817 556.324
469.664 558.43
469.411 560.54
469.325 562.674
469.366 564.813
469.671 566.92
470.693 568.841
471.706 570.8
472.233 572.908
471.855 574.992
470.418 576.673
469.421 578.503
469.211 580.581
469.221 582.685
469.253 584.789
469.269 586.893
469.276 588.99
469.297 591.083
469.329 593.171
469.332 595.255
469.353 597.335
469.493 599.407
469.662 601.469
469.755 603.534
469.839 605.607
469.931 607.682
470.219 609.741
470.742 611.763
471.228 613.802
471.515 615.883
471.772 617.964
472.257 620.008
472.835 622.038
473.334 624.085
473.533 626.187
473.632 628.296
473.799 630.403
474.223 632.478
474.659 634.563
475.251 636.63
475.946 638.67
476.429 640.768
476.776 642.894
477.304 644.972
478.078 646.999
478.907 648.983
479.557 651.06
480.388 653.058
481.238 655.049
481.934 657.092
482.479 659.187
483.257 661.212
484.288 663.143
485.172 665.118
485.872 667.177
487.202 668.975
488.089 671.024
489.494 672.792
490.501 674.779
491.484 676.81
492.391 678.898
493.381 680.936
494.877 682.712
495.862 684.776
497.109 686.709
498.315 688.649
499.506 690.624
500.745 692.59
502.053 694.524
503.571 696.344
505.152 698.152
506.658 699.987
508.306 701.698
509.776 703.598
511.453 705.36
513.272 706.961
514.871 708.747
516.659 710.364
518.562 711.891
519.652 714.115
521.29 715.948
522.725 717.896
524.09 719.935
525.306 722.114
527.202 723.744
529.045 725.377
530.319 727.462
531.62 729.531
533.251 731.311
535.234 732.748
537.096 734.291
538.711 736.071
540.156 738.066
541.817 739.848
543.722 741.427
545.46 743.221
547.068 745.09
548.975 746.583
551.081 747.836
552.967 749.292
554.345 751.239
555.717 753.152
557.317 754.811
559.198 756.197
560.807 757.796
562.108 759.654
563.345 761.553
564.863 763.198
566.46 764.779
567.633 766.69
569.131 768.338
570.352 770.154
571.757 771.796
573.325 773.255
574.921 774.707
576.525 776.03
578.105 777.383
579.346 779.031
580.178 780.904
580.195 782.93
579.339 784.8
578.301 786.569
577.259 788.336
575.843 789.913
575.422 791.959
574.7 793.917
573.296 795.536
572.217 797.341
571.18 799.2
570.43 801.178
570.039 803.264
569.673 805.368
569.059 807.418
567.881 809.236
566.84 811.123
565.903 813.053
565.259 815.099
564.278 817.009
563.207 818.87
562.384 820.845
561.732 822.87
561.083 824.888
560.14 826.801
559.143 828.691
558.129 830.564
557.541 832.602
557.23 834.702
556.958 836.821
556.319 838.853
555.23 840.704
554.443 842.664
553.94 844.715
553.46 846.766
552.81 848.761
552.048 850.733
551.387 852.722
551.238 854.819
551.056 856.894
549.467 858.47
548.642 860.421
548.072 862.469
547.313 864.456
546.721 866.492
546.348 868.581
545.91 870.64
545.429 872.687
545.207 874.758
544.752 876.77
543.961 878.726
543.48 880.762
543.169 882.841
542.758 884.894
542.384 886.948
542.095 889.009
541.893 891.074
541.755 893.135
541.571 895.187
541.354 897.231
541.253 899.282
541.12 901.329
540.756 903.35
540.204 905.33
539.555 907.292
538.955 909.271
538.722 911.314
538.643 913.372
538.512 915.423
538.41 917.472
538.413 919.52
538.457 921.582
538.494 923.641
538.528 925.695
538.539 927.747
538.486 929.801
538.373 931.849
538.256 933.893
538.202 935.935
538.198 937.97
538.202 940.005
538.193 942.039
538.13 944.07
538.093 946.101
538.087 948.13
538.101 950.159
538.161 952.184
538.24 954.204
538.333 956.227
538.441 958.252
538.555 960.279
538.59 962.315
538.596 964.353
538.584 966.389
538.59 968.425
538.58 970.465
538.577 972.505
538.757 974.531
539.314 976.502
539.823 978.493
540.161 980.515
540.392 982.553
540.601 984.582
540.73 986.622
540.887 988.661
541.158 990.689
541.594 992.693
541.739 994.732
541.82 996.78
541.855 998.833
541.859 1000.88
542.084 1002.9
542.744 1004.81
543.756 1006.58
544.778 1008.33
545.216 1010.28
545.151 1012.31
545.06 1014.33
545.03 1016.35
545.151 1018.4
545.285 1020.45
545.359 1022.51
545.552 1024.57
545.64 1026.65
545.751 1028.72
546.042 1030.78
546.708 1032.73
547.373 1034.67
548.086 1036.58
548.918 1038.43
549.818 1040.24
550.501 1042.15
550.51 1044.19
550.294 1046.23
549.934 1048.26
549.554 1050.29
549.222 1052.34
549.035 1054.41
549.136 1056.5
549.753 1058.51
550.974 1060.34
550.956 1062.4
550.242 1064.45
550.627 1066.44
551.695 1068.28
552.198 1070.29
552.461 1072.33
552.473 1074.39
552.685 1076.42
553.158 1078.39
553.686 1080.34
553.898 1082.34
553.516 1084.33
553.22 1086.34
553.094 1088.37
553.053 1090.42
553.06 1092.46
553.172 1094.5
553.46 1096.53
553.61 1098.57
553.697 1100.62
553.89 1102.66
554.32 1104.68
554.658 1106.72
555.12 1108.75
555.691 1110.76
556.4 1112.72
557.161 1114.64
558.191 1116.45
558.699 1118.41
558.122 1120.45
558.217 1122.47
558.852 1124.44
559.679 1126.34
560.53 1128.24
560.935 1130.26
561.035 1132.32
561.119 1134.38
561.356 1136.43
561.495 1138.49
561.583 1140.57
561.825 1142.62
562.446 1144.59
563.349 1146.45
564.411 1148.23
565.395 1150.04
566.137 1151.99
566.574 1154.04
567.003 1156.1
567.005 1158.19
566.51 1160.28
566.953 1162.31
567.948 1164.19
568.826 1166.13
569.327 1168.21
569.603 1170.34
569.968 1172.47
570.697 1174.48
571.778 1176.36
572.665 1178.33
573.593 1180.27
574.951 1182
575.699 1184.02
576.414 1186.06
576.893 1188.16
577.447 1190.23
578.482 1192.12
579.758 1193.89
580.722 1195.82
581.462 1197.82
582.406 1199.74
583.517 1201.61
584.378 1203.59
585.162 1205.6
586.023 1207.57
587.369 1209.29
588.725 1210.99
589.888 1212.83
591.166 1214.65
591.877 1216.74
593.165 1218.6
593.859 1220.72
594.704 1222.8
595.918 1224.73
596.726 1226.85
597.596 1228.97
599.117 1230.75
600.431 1232.62
601.943 1234.38
603.406 1236.18
605.087 1237.76
606.666 1239.48
607.785 1241.55
609.512 1243.18
610.908 1245.05
612.219 1247.04
613.53 1249.02
615.066 1250.86
615.931 1253.11
617.551 1254.97
618.791 1257.06
620.247 1258.99
621.761 1260.91
623.457 1262.73
625.158 1264.53
626.375 1266.69
627.641 1268.84
629.139 1270.84
631.09 1272.47
632.39 1274.61
633.978 1276.56
635.491 1278.58
637.223 1280.42
639.164 1282.1
640.963 1283.89
642.378 1285.97
643.642 1288.19
645.132 1290.28
647.186 1291.88
649.021 1293.63
650.521 1295.66
651.941 1297.8
653.565 1299.75
655.458 1301.48
657.182 1303.38
658.815 1305.31
660.683 1306.96
662.728 1308.4
664.618 1309.96
666.239 1311.84
667.821 1313.76
669.698 1315.33
671.78 1316.66
673.953 1317.88
675.528 1319.79
676.946 1321.87
678.942 1323.33
681.125 1324.49
683.153 1325.82
684.992 1327.46
687.055 1328.81
688.674 1330.59
690.253 1332.38
691.962 1334.04
693.56 1335.84
695.333 1337.51
697.432 1338.72
699.412 1340.1
701.422 1341.42
703.265 1343.02
705.502 1343.89
707.222 1345.57
709.082 1347.02
711.099 1348.29
713.13 1349.5
714.767 1351.22
716.696 1352.54
718.59 1353.89
720.535 1355.13
722.424 1356.45
724.302 1357.73
726.007 1359.29
728.171 1360.11
730.106 1361.4
732.104 1362.56
733.843 1364.12
735.841 1365.27
737.714 1366.62
739.606 1367.89
741.21 1369.58
743.223 1370.66
745.252 1371.71
747.215 1372.8
749.119 1373.97
750.892 1375.42
752.794 1376.62
754.61 1377.91
756.576 1378.94
758.446 1380.15
760.375 1381.26
762.51 1381.81
764.591 1382.45
766.615 1383.29
768.626 1384.15
770.209 1385.72
772.057 1386.87
773.878 1388.06
775.732 1389.19
777.787 1389.88
779.827 1390.61
781.715 1391.66
783.42 1393.05
785.369 1393.97
787.354 1394.79
789.208 1395.88
791.118 1396.9
793.089 1397.73
795.088 1398.41
797.069 1399.2
799.031 1400.06
800.646 1401.5
802.501 1402.52
804.414 1403.45
806.28 1404.48
808.209 1405.4
810.314 1405.8
812.36 1406.33
814.313 1407.18
816.288 1407.96
817.864 1409.52
819.796 1410.43
821.866 1411.02
823.905 1411.74
825.749 1412.97
827.782 1413.68
829.873 1414.22
831.778 1415.26
833.863 1415.85
835.941 1416.5
837.954 1417.32
839.991 1418.07
842.039 1418.78
844.043 1419.62
845.995 1420.53
847.975 1421.35
850.065 1421.72
852.191 1421.99
854.209 1422.71
856.173 1423.53
858.268 1423.98
860.305 1424.59
862.276 1425.34
864.221 1426.16
866.246 1426.87
868.213 1427.73
870.17 1428.55
872.126 1429.38
874.194 1429.79
876.306 1430
878.393 1430.36
880.408 1431.01
882.459 1431.56
884.413 1432.39
886.355 1433.25
888.373 1433.84
890.416 1434.3
892.46 1434.83
894.403 1435.69
896.283 1436.7
898.295 1437.26
900.397 1437.42
902.492 1437.56
904.564 1437.86
906.653 1438.07
908.74 1438.36
910.749 1438.98
912.7 1439.73
914.705 1440.3
916.688 1440.93
918.697 1441.45
920.683 1442.12
922.694 1442.7
924.693 1443.35
926.64 1444.15
928.635 1444.8
930.702 1445.14
932.774 1445.35
934.838 1445.52
936.891 1445.76
938.949 1445.93
941.008 1446.17
943.053 1446.54
945.02 1447.19
946.978 1447.86
948.96 1448.44
951.005 1448.36
953.036 1447.79
955.041 1448.09
956.808 1449.32
958.768 1450.02
960.815 1450.38
962.887 1450.61
964.962 1450.86
967.037 1451.14
969.055 1451.68
971.07 1452.22
973.114 1452.58
975.175 1452.73
977.252 1452.75
979.327 1452.89
981.398 1453.1
983.448 1453.49
985.494 1453.8
987.558 1453.98
989.637 1454.09
991.724 1454.11
993.816 1454.11
995.891 1454.09
997.923 1453.82
999.817 1453.04
1001.69 1452.19
1003.53 1452.97
1005.22 1454.11
1006.96 1455.18
1008.94 1455.57
1010.98 1455.67
1013.05 1455.78
1015.14 1455.87
1017.23 1455.96
1019.25 1456.46
1021.12 1457.4
1023.11 1457.95
1025.14 1458.33
1027.14 1458.78
1029.14 1459.34
1031.17 1459.73
1033.24 1459.78
1035.3 1459.75
1037.37 1459.79
1039.42 1459.97
1041.47 1460.12
1043.53 1460.14
1045.59 1460.16
1047.64 1460.17
1049.69 1460.18
1051.73 1460.17
1053.77 1460.07
1055.78 1459.68
1057.79 1459.32
1059.83 1459.21
1061.87 1459.38
1063.87 1459.83
1065.9 1460.12
1067.95 1460.2
1070 1460.14
1072.04 1459.99
1074.07 1459.87
1076.11 1459.81
1078.15 1459.81
1080.18 1459.99
1082.21 1460.15
1084.24 1460.27
1086.27 1460.29
1088.31 1460.27
1090.35 1460.29
1092.39 1460.22
1094.42 1460.02
1096.4 1459.51
1098.4 1459.04
1100.42 1458.76
1102.46 1458.68
1104.51 1458.86
1106.56 1458.98
1108.62 1459.09
1110.68 1459.18
1112.72 1459.11

556

1069.85 1258.87
1067.38 1258.78
1065.01 1258.23
1062.72 1257.49
1060.4 1257.16
1058.07 1257.03
1055.84 1256.52
1053.7 1255.79
1051.54 1255.22
1049.46 1254.48
1047.35 1253.96
1045.19 1253.77
1043.05 1253.62
1040.94 1253.39
1038.86 1252.98
1036.77 1252.77
1034.68 1252.75
1032.61 1252.74
1030.55 1252.73
1028.48 1252.74
1026.42 1252.74
1024.36 1252.72
1022.3 1252.63
1020.23 1252.52
1018.18 1252.33
1016.16 1251.91
1014.21 1251.19
1012.21 1250.68
1010.17 1250.39
1008.12 1250.26
1006.08 1250.2
1004.03 1250.13
1001.98 1250.09
999.914 1250.12
997.847 1250.21
995.781 1250.27
993.715 1250.26
991.678 1249.95
989.694 1249.38
987.807 1248.5
985.888 1247.63
983.855 1247.08
981.881 1246.41
979.83 1246.04
977.762 1245.79
975.756 1245.3
973.925 1244.29
972.077 1243.28
970.048 1242.78
967.942 1242.71
965.844 1242.61
963.743 1242.58
961.64 1242.58
959.535 1242.58
957.426 1242.5
955.344 1242.25
953.309 1241.81
951.364 1241.02
949.622 1239.79
947.8 1238.72
945.845 1237.95
943.781 1237.5
941.788 1236.83
939.84 1236.07
937.946 1235.13
935.977 1234.41
933.945 1233.89
931.857 1233.73
929.756 1233.68
927.652 1233.67
925.55 1233.66
923.44 1233.63
921.32 1233.53
919.195 1233.33
917.065 1233.23
914.929 1233.14
912.824 1232.75
910.854 1231.81
908.767 1231.1
906.669 1230.47
904.607 1229.75
902.53 1229.07
900.492 1228.29
898.575 1227.22
896.668 1226.14
894.945 1224.78
893.101 1223.48
891.517 1221.87
889.756 1220.54
887.877 1219.35
885.972 1218.24
884.082 1217.19
882.355 1215.81
880.29 1215.07
878.255 1214.23
876.091 1213.9
873.897 1213.77
871.717 1213.46
869.594 1212.85
867.422 1212.44
865.259 1211.93
863.164 1211.13
861.048 1210.38
858.988 1209.53
857.23 1208.03
855.095 1207.21
853.222 1205.82
851.267 1204.65
849.418 1203.31
847.552 1201.97
845.438 1201.08
843.434 1200.01
841.622 1198.56
839.586 1197.49
837.51 1196.53
835.496 1195.45
833.513 1194.33
831.521 1193.21
829.878 1191.59
828.346 1189.9
826.622 1188.47
825.072 1186.85
823.364 1185.34
821.615 1183.84
819.732 1182.56
817.621 1181.7
815.383 1181.11
813.27 1180.2
811.335 1178.92
809.462 1177.56
807.81 1175.87
806.158 1174.26
804.36 1172.85
802.559 1171.43
800.952 1169.78
799.373 1168.02
797.143 1167.16
795.363 1165.57
793.33 1164.43
791.132 1163.56
788.861 1162.83
786.597 1162.09
784.477 1161.01
782.728 1159.32
780.918 1157.64
779.068 1156.04
777.399 1154.25
775.675 1152.47
774.354 1150.41
773.131 1148.3
772.11 1146.09
770.966 1143.91
769.532 1142
767.542 1140.67
765.533 1139.38
763.553 1138.09
761.609 1136.75
759.532 1135.58
757.661 1134.16
756.257 1132.32
755.024 1130.37
754.239 1128.19
753.244 1126.15
751.479 1124.66
749.888 1123.05
748.79 1121.1
747.563 1119.18
746.417 1117.2
745.155 1115.33
743.525 1113.72
741.805 1112.2
739.978 1110.86
737.888 1110.01
735.694 1109.35
733.927 1107.98
732.72 1106.08
731.777 1104
730.994 1101.84
730.229 1099.68
729.154 1097.67
727.606 1095.96
725.597 1094.84
724.123 1093.11
722.768 1091.28
721.953 1089.18
721.366 1087.01
721.018 1084.78
720.291 1082.65
719.501 1080.55
718.47 1078.56
717.249 1076.65
716.494 1074.55
715.864 1072.39
715.112 1070.26
714.447 1068.13
713.616 1066.06
712.194 1064.3
711.248 1062.3
709.693 1060.69
708.483 1058.88
707.24 1057.08
706.194 1055.15
705.607 1053.04
705.325 1050.85
705.052 1048.66
704.434 1046.55
703.672 1044.46
702.846 1042.4
702.194 1040.29
701.893 1038.13
701.826 1035.94
701.736 1033.77
701.443 1031.62
700.915 1029.5
700.653 1027.37
700.716 1025.22
701.288 1023.13
701.779 1021.03
702.601 1019.05
703.56 1017.12
704.309 1015.11
704.854 1013.03
705.119 1010.9
705.308 1008.76
705.696 1006.66
705.981 1004.54
706.116 1002.41
706.155 1000.27
706.199 998.133
706.372 996.001
706.695 993.878
707.303 991.809
708.138 989.825
708.527 987.726
708.715 985.597
708.949 983.485
709.632 981.487
711.153 979.911
712.204 978.08
713.335 976.266
714.209 974.348
714.89 972.349
715.867 970.467
716.85 968.596
718.116 966.932
719.331 965.161
720.554 963.389
721.252 961.386
721.744 959.297
722.445 957.273
723.329 955.3
724.335 953.369
725.184 951.369
725.711 949.263
726.146 947.115
726.717 944.981
727.622 942.958
728.878 941.046
729.716 938.958
730.885 937.056
732.46 935.352
733.708 933.39
735.372 931.758
736.623 929.847
737.601 927.75
738.752 925.756
740.266 924.038
741.803 922.335
743.586 920.826
745.299 919.197
746.8 917.354
748.608 915.788
749.994 913.862
751.412 911.902
752.967 910.082
754.463 908.306
756.018 906.578
757.624 904.917
759.344 903.293
761.014 901.612
763.074 900.568
765.229 899.676
767.4 898.809
769.617 898.104
771.707 897.131
773.469 895.566
775.191 893.934
776.015 891.676
777.628 889.834
778.782 887.687
780.165 885.687
781.645 883.762
783.455 882.086
785.495 880.662
787.433 879.091
789.306 877.368
791.604 876.215
794.031 875.252
796.635 875.115
799.071 876.024
801.322 877.301
803.416 878.801
805.839 879.614
808.015 880.979
810.454 881.573
812.779 882.336
813.989 884.305
814.379 886.607
814.129 888.945
813.987 891.253
813.992 893.529
814.082 895.77
814.104 897.974
814.386 900.114
814.952 902.175
815.574 904.19
816.336 906.148
817.107 908.061
817.968 909.891
819.47 911.35
820.823 912.885
822.425 914.076
824.042 915.22
825.708 916.344
827.307 917.556
828.863 918.859
830.723 918.253
832.536 917.318
834.542 916.998
836.592 916.751
838.661 916.287
840.647 915.448
842.628 914.521
844.637 913.56
846.44 912.119
848.506 911.101
850.433 909.632
852.744 909.302
855.086 910.064
857.334 911.098
859.501 912.134
861.214 913.79
862.061 915.999
862.935 918.198
864.057 920.273
864.749 922.5
865.182 924.775
865.743 926.99
866.794 929.011
867.88 930.995
868.665 933.093
869.327 935.215
869.988 937.322
871.039 939.274
872.202 941.156
873.29 943.057
874.362 944.957
875.627 946.724
876.755 948.591
877.859 950.479
879.352 952.161
880.053 954.365
881.641 956.035
883.056 957.821
884.539 959.6
886.041 961.377
887.938 962.727
889.857 964.113
891.407 965.851
892.61 967.899
893.698 970.043
895.418 971.729
897.29 973.262
898.817 975.076
899.957 977.132
900.46 979.404
900.612 981.714
900.425 984.016
900.094 986.299
899.573 988.532
899.062 990.75
898.721 992.973
898.523 995.187
898.414 997.382
898.37 999.554
898.383 1001.71
898.397 1003.85
898.413 1005.97
898.444 1008.08
898.448 1010.18
898.447 1012.27
898.472 1014.34
898.565 1016.41
898.744 1018.46
898.973 1020.51
899.166 1022.57
899.329 1024.62
899.646 1026.64
900.057 1028.65
900.382 1030.67
900.739 1032.67
901.029 1034.68
901.25 1036.72
901.517 1038.76
902.021 1040.74
902.843 1042.63
904.042 1044.32
905.079 1046.09
905.807 1048.01
906.483 1049.97
907.327 1051.88
908.361 1053.7
909.293 1055.58
909.807 1057.6
909.989 1059.69
910.013 1061.79
909.959 1063.88
909.945 1065.99
909.944 1068.1
910.007 1070.21
910.378 1072.28
910.979 1074.31
911.78 1076.27
912.765 1078.17
913.641 1080.1
914.211 1082.18
914.66 1084.29
915.257 1086.36
916.003 1088.41
916.386 1090.54
916.581 1092.7
916.641 1094.86
916.452 1097
915.949 1099.09
915.178 1101.11
914.48 1103.15
913.825 1105.15
913.524 1107.24
913.1 1109.29
911.894 1111.07
911.169 1113
910.625 1114.98
910.283 1117
910.14 1119.03
910.397 1121.03
911.19 1122.92
911.978 1124.8
912.73 1126.7
913.421 1128.6
913.675 1130.62
913.777 1132.66
914.074 1134.68
914.781 1136.63
915.707 1138.49
916.511 1140.42
917.367 1142.32
918.817 1143.88
919.893 1145.72
921.555 1147.11
922.974 1148.71
924.385 1150.35
925.569 1152.15
926.437 1154.19
927.537 1156.11
928.684 1158
929.831 1159.91
930.885 1161.91
932.101 1163.83
933.227 1165.79
934.529 1167.67
935.7 1169.65
937.158 1171.45
937.927 1173.6
938.866 1175.7
940.226 1177.58
941.651 1179.38
943.232 1181.11
943.867 1183.41
945.464 1185.16
946.802 1187.04
947.973 1189.05
948.902 1191.19
950.239 1193.03
951.894 1194.58
953.782 1195.94
955.418 1197.53
956.632 1199.49
957.782 1201.5
959.48 1203.08
961.224 1204.6
962.656 1206.36
964.168 1208.05
965.456 1209.96
967.287 1211.31
969.24 1212.45
971.093 1213.66
972.674 1215.3
974.668 1216.29
976.523 1217.52
978.405 1218.67
980.141 1220.02
981.783 1221.46
983.345 1223.04
985.217 1224.12
986.697 1225.67
988.341 1227
989.956 1228.38
991.789 1229.44
993.742 1230.27
995.608 1231.27
997.48 1232.23
999.292 1233.33
1001.15 1234.27
1002.99 1235.22
1004.83 1236.17
1006.75 1236.8
1008.71 1237.23
1010.69 1237.41
1012.65 1237.67
1014.38 1238.59
1016.1 1239.41
1017.94 1239.93
1019.55 1240.91
1021.24 1241.59
1022.97 1242.06
1024.76 1241.96
1026.53 1241.6
1028.33 1241.4
1030.15 1241.31
1031.98 1241.3
1033.82 1241.32
1035.67 1241.43
1037.54 1241.66
1039.41 1242.05
1041.31 1242.31
1043.25 1242.26
1045.22 1242.11
1047.23 1241.77
1049.24 1241.39
1051.33 1241.22
1053.48 1241.14
1055.69 1241.14
1057.93 1241.11
1060.22 1241.16
1062.52 1241.4
1064.82 1241.92
1067.14 1242.51
1069.38 1243.43
1071.47 1244.75
1073.59 1246.05
1075.49 1247.65
1076.4 1249.97
1076.05 1252.63
1075.67 1255.28
1074.54 1257.52
1072.32 1258.55

