CONTOUR

2

2146

1010.65 1429.4
1012.64 1429.35
1014.63 1429.21
1016.58 1428.86
1018.56 1428.63
1020.54 1428.46
1022.54 1428.31
1024.53 1428.18
1026.53 1428.17
1028.54 1428.2
1030.54 1428.23
1032.54 1428.24
1034.55 1428.25
1036.55 1428.15
1038.53 1427.86
1040.51 1427.46
1042.5 1427.1
1044.52 1426.92
1046.55 1426.86
1048.6 1426.82
1050.65 1426.7
1052.7 1426.49
1054.75 1426.32
1056.82 1426.21
1058.91 1426.12
1061 1426.11
1063.11 1426.06
1065.15 1425.64
1066.97 1424.49
1068.92 1423.7
1070.96 1423.85
1072.83 1425
1074.86 1425.1
1076.81 1424.48
1078.51 1423.27
1080.29 1422.23
1082.28 1421.84
1084.29 1422.26
1086.24 1423.05
1088.29 1423.43
1090.39 1423.44
1092.47 1423.18
1094.52 1422.6
1096.57 1422.12
1098.68 1421.96
1100.78 1421.86
1102.86 1421.64
1104.89 1421.11
1106.94 1420.74
1108.97 1420.34
1110.96 1419.77
1112.94 1419.16
1114.95 1418.75
1116.96 1418.37
1118.98 1418.09
1121 1417.96
1123.03 1418.02
1125.06 1417.97
1127.07 1417.66
1129.07 1417.2
1131.11 1417.02
1133.15 1416.75
1135.17 1416.23
1137.18 1415.67
1139.26 1415.36
1141.26 1414.76
1143.22 1413.93
1145.27 1413.36
1147.38 1413.08
1149.5 1412.88
1151.62 1412.67
1153.76 1412.46
1155.89 1412.18
1158 1411.73
1160.09 1411.07
1162.19 1410.51
1164.35 1410.08
1166.37 1409.29
1167.85 1407.68
1169.07 1405.8
1170.43 1404.04
1172.48 1403.99
1174.32 1405.44
1176.41 1406.02
1178.6 1405.94
1180.78 1405.63
1182.87 1404.96
1184.89 1404.09
1186.96 1403.43
1189.05 1402.83
1191.14 1402.26
1193.19 1401.63
1195.3 1401.26
1197.37 1400.75
1199.28 1399.8
1201.13 1398.74
1203.14 1398.14
1205.24 1397.84
1207.3 1397.43
1209.31 1396.73
1211.32 1396.04
1213.25 1395.11
1215.25 1394.35
1217.31 1393.78
1219.44 1393.47
1221.48 1392.83
1223.25 1391.55
1224.8 1389.96
1226.86 1389.37
1229.01 1389.13
1231.13 1388.84
1233.26 1388.51
1235.34 1387.96
1237.32 1387.08
1239.29 1386.15
1241.25 1385.28
1243.25 1384.49
1245.32 1383.82
1247.35 1383.06
1249.02 1381.54
1251.05 1380.76
1253.16 1380.14
1255.2 1379.3
1257.27 1378.53
1259.36 1377.85
1261.33 1376.85
1263.12 1375.5
1264.98 1374.33
1267.11 1373.9
1269.29 1373.71
1271.41 1373.21
1273.39 1372.25
1275.33 1371.18
1277.35 1370.28
1279.33 1369.31
1281.08 1367.9
1283.13 1367.11
1285.14 1366.21
1287.2 1365.46
1289.15 1364.48
1291.03 1363.36
1293 1362.4
1295.04 1361.61
1297.01 1360.64
1298.91 1359.56
1300.83 1358.5
1302.74 1357.42
1304.64 1356.33
1306.54 1355.25
1308.47 1354.23
1310.34 1353.11
1312.07 1351.68
1314.32 1351.13
1315.92 1349.46
1317.67 1348.06
1319.58 1346.81
1321.57 1345.7
1323.23 1344.08
1325.33 1343.28
1327.26 1342.15
1329.15 1340.96
1331.06 1339.84
1332.97 1338.69
1334.96 1337.69
1336.84 1336.46
1338.57 1335
1340.61 1334.09
1342.76 1333.48
1344.73 1332.42
1346.62 1331.2
1348.53 1330.01
1350.3 1328.6
1352.21 1327.37
1354.03 1325.91
1355.87 1324.54
1357.65 1323.08
1359.57 1321.78
1361.43 1320.35
1363.5 1319.27
1365.12 1317.54
1367.05 1316.19
1368.79 1314.66
1370.62 1313.25
1372.19 1311.5
1373.78 1309.76
1375.93 1308.77
1378.06 1307.72
1379.89 1306.21
1381.42 1304.35
1383.48 1303.11
1385.29 1301.48
1387.24 1300.1
1389.19 1298.68
1391.28 1297.45
1392.95 1295.69
1394.63 1294
1396.39 1292.41
1398.08 1290.75
1400 1289.32
1401.86 1287.73
1403.58 1286
1405.49 1284.56
1407.49 1283.2
1409.34 1281.67
1410.69 1279.67
1412.19 1277.81
1413.86 1276.16
1415.74 1274.69
1417.77 1273.36
1419.28 1271.48
1420.66 1269.47
1422.23 1267.64
1423.8 1265.77
1425.5 1263.99
1427.39 1262.5
1429.36 1261.13
1431.62 1260.24
1433.59 1258.91
1435.07 1257.07
1436.21 1254.95
1437.41 1252.89
1439.14 1251.2
1440.28 1249.16
1441.85 1247.38
1443.3 1245.51
1444.83 1243.72
1446.32 1241.89
1447.58 1239.87
1449.15 1238.1
1450.45 1236.19
1451.64 1234.21
1452.61 1232.1
1453.87 1230.23
1455.63 1228.75
1457.45 1227.34
1458.77 1225.51
1459.89 1223.5
1460.99 1221.49
1462.51 1219.78
1463.83 1217.89
1465.23 1216.01
1466.5 1214.12
1467.92 1212.37
1469.44 1210.7
1471.24 1209.29
1472.77 1207.56
1474.32 1205.85
1476.17 1204.44
1477.32 1202.52
1478.18 1200.43
1479.48 1198.55
1480.48 1196.47
1481.95 1194.72
1483.36 1192.95
1484.69 1191.11
1485.33 1188.95
1485.86 1186.75
1487.19 1184.88
1487.96 1182.77
1489.52 1181.1
1490.74 1179.25
1492.04 1177.46
1493.15 1175.59
1493.94 1173.6
1494.83 1171.67
1495.49 1169.69
1496.12 1167.68
1497.18 1165.88
1497.76 1163.96
1498.19 1161.99
1499.37 1160.47
1501.27 1159.89
1503.26 1159.71
1505.28 1159.79
1507.25 1160.28
1509 1161.46
1510.99 1161.93
1513.06 1162.11
1515.16 1162.29
1517.24 1162.58
1519.3 1163.07
1521.32 1163.76
1523.42 1164.23
1525.56 1164.47
1527.73 1164.61
1529.93 1164.67
1532.13 1164.69
1534.35 1164.69
1536.56 1164.63
1538.75 1164.32
1540.89 1163.67
1542.95 1162.78
1545.04 1161.98
1547.19 1161.41
1549.2 1160.45
1551.19 1159.48
1552.78 1157.93
1554.53 1156.68
1556.08 1155.25
1557.13 1153.45
1557.94 1151.51
1559.13 1149.77
1559.89 1147.83
1560.81 1145.98
1562.25 1144.63
1564.2 1144.44
1566.04 1145.32
1567.88 1146.07
1569.82 1146.62
1571.75 1147.27
1573.7 1147.91
1575.75 1148.05
1577.83 1147.93
1579.91 1147.87
1582 1147.92
1584.09 1148.09
1586.17 1148.33
1588.27 1148.58
1590.38 1148.8
1592.5 1149.02
1594.64 1149.09
1596.79 1149.12
1598.95 1149.3
1601.13 1149.62
1603.34 1149.7
1605.57 1149.66
1607.82 1149.5
1610.08 1149.46
1612.36 1149.43
1614.62 1149.19
1616.81 1148.54
1618.97 1147.7
1621.09 1146.71
1623.26 1145.85
1625.44 1145.01
1627.47 1143.83
1629.57 1142.73
1631.7 1141.66
1633.93 1140.8
1636.08 1139.75
1638.01 1138.34
1639.96 1136.91
1641.87 1135.35
1643.69 1133.66
1645.37 1131.89
1646.79 1129.92
1647.62 1127.66
1648.26 1125.33
1648.59 1122.95
1648.48 1120.57
1648.12 1118.21
1647.6 1115.92
1646.69 1113.77
1645.76 1111.63
1645.03 1109.45
1644.1 1107.4
1642.8 1105.57
1641.55 1103.73
1639.78 1102.45
1637.94 1101.38
1636.04 1100.48
1634.18 1099.47
1632.4 1098.35
1631.59 1096.49
1631.75 1094.48
1633.27 1093.04
1634.8 1091.65
1636.48 1090.48
1638.35 1089.65
1640.24 1088.84
1641.9 1087.57
1643.53 1086.28
1645.49 1085.73
1647.55 1085.38
1649.56 1084.77
1651.54 1084.07
1653.45 1083.13
1655.41 1082.31
1657.22 1081.25
1658.57 1079.61
1659.76 1077.87
1660.59 1075.98
1661.12 1073.98
1661.69 1072.01
1663.14 1070.57
1664.62 1069.16
1666.27 1068.02
1667.86 1066.82
1669.6 1065.93
1671.45 1065.24
1673.33 1064.68
1675.27 1064.7
1677.19 1065.11
1679.11 1065.44
1681.03 1065.71
1682.98 1065.79
1684.95 1065.86
1686.95 1066
1688.93 1066.35
1690.95 1066.68
1692.97 1067.21
1694.98 1067.9
1697 1068.52
1699.09 1068.88
1701.24 1069.13
1703.42 1069.37
1705.63 1069.52
1707.86 1069.5
1710.05 1069.23
1712.1 1068.37
1714.13 1067.34
1716.14 1066.28
1718.06 1065.06
1719.77 1063.5
1721.36 1061.81
1722.38 1059.8
1723.17 1057.67
1723.98 1055.53
1725.28 1053.74
1727.35 1052.84
1729.51 1052.22
1731.63 1051.48
1733.76 1050.82
1735.98 1050.61
1738.21 1050.59
1740.45 1050.57
1742.68 1050.38
1744.88 1049.94
1747.11 1049.77
1749.34 1049.56
1751.57 1049.14
1753.74 1048.34
1755.93 1047.62
1758.22 1047.21
1760.49 1046.7
1762.79 1046.19
1765.12 1045.79
1767.37 1045.11
1769.29 1043.71
1770.95 1042.01
1772.46 1040.13
1773.79 1038.17
1775.03 1036.15
1776.14 1034.05
1777.23 1031.92
1778.07 1029.68
1778.97 1027.49
1780.28 1025.47
1781.32 1023.32
1781.77 1020.99
1781.84 1018.63
1781.63 1016.29
1780.99 1014.04
1780.26 1011.84
1779.14 1009.8
1778.02 1007.81
1776.85 1005.9
1775.6 1004.04
1774.48 1002.11
1773.46 1000.16
1772.19 998.405
1770.74 996.792
1769.45 995.078
1767.88 993.625
1766.61 991.979
1766.02 990.064
1767.17 988.507
1769.1 988.051
1771.05 988.725
1772.85 989.75
1774.48 991.091
1776.08 992.4
1777.59 993.906
1779.19 995.339
1780.86 996.709
1782.65 997.926
1784.43 999.274
1786.53 1000.12
1788.26 1001.74
1790.38 1002.57
1792.68 1002.97
1795.01 1003.38
1797.37 1003.8
1799.76 1004.01
1802.16 1003.77
1804.54 1003.24
1806.92 1002.68
1809.16 1001.8
1811.15 1000.34
1813.32 999.216
1815.26 997.658
1817.25 996.199
1818.98 994.47
1820.74 992.77
1822.39 990.942
1823.37 988.661
1823.93 986.182
1825.22 983.931
1825.82 981.49
1826.09 979.002
1826.22 976.518
1826.2 974.062
1825.86 971.678
1825.03 969.44
1824.1 967.237
1823.54 964.97
1822.14 963.166
1820.88 961.361
1819.8 959.452
1818.66 957.591
1817.27 955.986
1815.58 954.624
1814.06 953.118
1813.28 951.182
1813.01 949.117
1813.26 947.06
1814.35 945.289
1815.7 943.674
1817.55 942.558
1818.9 940.914
1820.2 939.214
1821.12 937.285
1821.81 935.216
1822.71 933.203
1823.74 931.252
1824.62 929.21
1825.08 927.042
1825.25 924.843
1825.17 922.645
1824.7 920.495
1824 918.394
1823.62 916.236
1823.1 914.142
1822.04 912.207
1821.36 910.164
1820.89 908.077
1820.38 906.001
1819.52 904.053
1818.47 902.2
1817.96 900.178
1817.75 898.106
1817.57 896.04
1817.35 893.976
1817.32 891.916
1817.37 889.863
1817.54 887.82
1817.8 885.788
1817.86 883.746
1817.82 881.701
1817.63 879.664
1817.42 877.63
1817.36 875.581
1817.33 873.526
1817.28 871.462
1817.2 869.399
1817.11 867.329
1817.09 865.244
1817.11 863.144
1817.13 861.037
1817.08 858.917
1816.89 856.794
1816.45 854.694
1815.75 852.643
1814.9 850.653
1814.03 848.648
1813.44 846.563
1813.03 844.421
1812.6 842.284
1811.85 840.24
1810.69 838.327
1810.03 836.237
1809.75 834.058
1809.44 831.886
1808.91 829.76
1807.79 827.846
1806.6 825.96
1805.76 823.92
1805.14 821.821
1804.58 819.695
1803.72 817.663
1802.52 815.778
1801.36 813.884
1800.4 811.902
1799.44 809.91
1798.25 807.991
1797.15 806.063
1796.13 804.107
1794.92 802.22
1793.95 800.187
1792.98 798.161
1791.75 796.259
1790.76 794.207
1789.92 792.067
1789.23 789.912
1788.77 787.684
1788.11 785.499
1786.94 783.483
1785.96 781.37
1785.04 779.255
1783.38 777.572
1781.74 775.824
1780.4 773.896
1778.81 772.194
1777.14 770.549
1775.24 769.127
1773.43 767.506
1771.82 765.685
1769.98 764.142
1768.04 762.683
1765.96 761.485
1763.73 760.631
1761.7 759.371
1759.81 757.878
1757.76 756.702
1755.7 755.563
1753.63 754.432
1751.54 753.331
1749.76 751.735
1747.99 750.213
1746.21 748.74
1744.35 747.394
1742.34 746.285
1740.2 745.577
1738.07 744.842
1736.14 743.617
1734.1 742.705
1732.02 741.96
1729.86 741.68
1727.71 741.412
1725.62 740.898
1723.52 740.442
1721.5 739.73
1719.56 738.829
1717.58 738.082
1715.78 737.038
1714.21 735.564
1712.42 734.388
1710.77 733.065
1708.87 732.119
1707.07 731.023
1705.22 730.085
1703.33 729.197
1701.68 727.823
1699.68 727.123
1698.29 725.502
1696.72 724.114
1695.56 722.43
1695.05 720.375
1693.74 718.7
1693.03 716.781
1692.58 714.758
1691.85 712.829
1690.75 711.03
1690.11 709.046
1689.85 706.979
1689.63 704.918
1689.19 702.889
1688.41 700.938
1687.65 698.973
1686.92 696.98
1685.79 695.161
1685.24 693.116
1684.97 690.995
1684.74 688.87
1684.4 686.758
1683.77 684.698
1682.87 682.723
1682.15 680.696
1681.38 678.672
1680.51 676.693
1679.53 674.767
1678.41 672.903
1677.5 670.918
1676.81 668.814
1675.83 666.849
1674.57 665.04
1673.32 663.204
1671.76 661.527
1670.79 659.515
1669.72 657.545
1668.85 655.467
1667.87 653.433
1666.74 651.479
1665.53 649.596
1663.92 647.923
1663.53 645.665
1662.76 643.569
1661.95 641.477
1661.48 639.296
1661.11 637.06
1660.79 634.817
1660.48 632.555
1660.07 630.294
1659.62 628.019
1659.19 625.72
1658.94 623.383
1658.72 621.018
1658.22 618.711
1657.21 616.606
1655.41 614.983
1653.71 613.191
1652.06 611.397
1650.35 609.654
1648.87 607.684
1647.24 605.873
1645.2 604.506
1643.35 602.94
1641.47 601.42
1639.72 599.724
1638.15 597.921
1636.41 596.379
1634.65 594.873
1632.84 593.465
1631.21 591.799
1628.99 591.051
1627.17 589.623
1625.23 588.456
1623.27 587.258
1621.21 586.291
1619.26 585.171
1617.59 583.615
1615.74 582.286
1614.46 580.464
1613.25 578.593
1612.35 576.571
1611.33 574.593
1610.34 572.602
1609.18 570.723
1607.5 569.218
1605.92 567.578
1604.66 565.714
1603.24 564.014
1601.76 562.374
1599.92 561.075
1598.62 559.295
1597.38 557.437
1596.21 555.574
1594.84 553.831
1593.61 551.978
1591.88 550.57
1590.8 548.664
1589.26 547.088
1588.02 545.328
1586.86 543.462
1585.67 541.631
1583.97 540.22
1582.81 538.417
1581.11 537.038
1579.95 535.2
1578.78 533.349
1577.77 531.461
1576.92 529.51
1575.61 527.773
1574.51 525.946
1574.05 523.888
1573.8 521.8
1573.35 519.774
1572.54 517.855
1571.67 515.983
1570.81 514.107
1570.07 512.206
1569.38 510.317
1568.92 508.37
1568.39 506.435
1567.77 504.533
1567.23 502.622
1566.69 500.708
1566.27 498.763
1566.04 496.792
1565.89 494.812
1565.74 492.824
1565.61 490.844
1565.48 488.872
1565.23 486.908
1565.3 484.935
1565.53 482.975
1565.78 481.018
1566.59 479.211
1567.41 477.368
1568.16 475.49
1568.98 473.634
1569.37 471.65
1569.69 469.668
1569.83 467.649
1569.99 465.609
1570.45 463.604
1571.17 461.659
1572.06 459.766
1572.7 457.787
1573.28 455.787
1573.79 453.773
1574.45 451.798
1575.2 449.813
1575.83 447.79
1576.48 445.791
1577.08 443.782
1577.26 441.702
1577.24 439.608
1577.14 437.513
1577.02 435.415
1576.69 433.332
1576.38 431.243
1576.27 429.152
1576.34 427.061
1576.55 424.98
1576.81 422.902
1576.56 420.836
1575.98 418.815
1575.75 416.746
1575.61 414.672
1575.53 412.594
1575.3 410.543
1574.6 408.593
1573.63 406.725
1573.26 404.677
1573.12 402.606
1572.93 400.548
1572.62 398.517
1572.49 396.475
1572.4 394.426
1572.36 392.371
1572.33 390.322
1572.13 388.282
1571.83 386.243
1571.62 384.184
1571.4 382.105
1570.97 380.051
1570.54 378.001
1570.05 375.972
1569.52 373.974
1569.35 371.917
1569.19 369.858
1568.75 367.835
1568.01 365.873
1567.66 363.819
1567.31 361.766
1566.53 359.829
1565.67 357.935
1565.48 355.889
1565.4 353.835
1565.21 351.794
1564.87 349.775
1564.61 347.735
1564.3 345.696
1563.78 343.688
1563.08 341.723
1562.63 339.698
1562.28 337.653
1561.78 335.634
1561.38 333.606
1561.09 331.545
1560.44 329.546
1559.84 327.533
1559.35 325.469
1558.59 323.471
1557.89 321.483
1557.42 319.447
1556.91 317.397
1556.27 315.365
1555.3 313.451
1554.23 311.572
1553.43 309.582
1552.78 307.53
1551.99 305.507
1551.4 303.41
1550.51 301.4
1549.87 299.324
1549.56 297.177
1549.01 295.053
1548.09 293.048
1547 291.095
1546.12 289.058
1545.07 287.096
1543.76 285.224
1542.62 283.267
1541.79 281.181
1541 279.051
1539.78 277.111
1538.5 275.202
1537.4 273.183
1535.99 271.287
1535.27 269.049
1533.69 267.281
1532.61 265.251
1531.58 263.166
1530.45 261.101
1529.51 258.99
1528.26 257.027
1527.2 254.97
1525.69 253.072
1524.41 251.065
1522.91 249.204
1521.52 247.256
1520.29 245.172
1519.25 243.007
1517.46 241.31
1516.18 239.25
1514.92 237.145
1513.45 235.224
1511.6 233.591
1510.01 231.722
1508.6 229.769
1506.96 228.043
1505.37 226.281
1503.57 224.692
1501.73 223.163
1500.27 221.239
1498.54 219.612
1496.67 218.16
1494.78 216.719
1493.04 215.05
1491.59 213.089
1489.79 211.507
1487.71 210.266
1485.58 209.118
1483.83 207.431
1482.09 205.705
1479.96 204.492
1478.01 203.09
1476.16 201.62
1474.46 199.914
1472.16 199.207
1470.36 197.643
1468.4 196.393
1466.42 195.155
1464.36 194.091
1462.29 193.081
1460.3 191.936
1458.13 191.213
1456.03 190.271
1453.97 189.3
1451.84 188.576
1449.73 187.772
1447.66 186.874
1445.5 186.316
1443.3 185.933
1441.2 185.256
1439.43 183.795
1437.25 183.191
1435.35 181.999
1433.3 181.275
1431.24 180.584
1429.21 179.781
1427.24 178.866
1425.2 178.171
1423.19 177.401
1421.17 176.641
1419.14 175.909
1417 175.551
1414.96 174.925
1413.11 173.661
1410.98 173.15
1408.92 172.475
1407.04 171.301
1405.04 170.447
1402.9 170.047
1400.75 169.677
1398.63 169.18
1396.49 168.807
1394.32 168.531
1392.15 168.257
1390.07 167.584
1388.02 166.827
1385.94 166.165
1383.81 165.72
1381.67 165.395
1379.5 165.255
1377.33 165.093
1375.17 164.731
1372.98 164.501
1370.79 164.452
1368.59 164.412
1366.39 164.313
1364.18 164.323
1361.97 164.41
1359.76 164.689
1357.59 165.107
1355.41 165.377
1353.3 165.945
1351.46 167.233
1349.39 167.985
1347.42 168.913
1345.36 169.543
1343.41 170.477
1341.69 171.795
1339.99 173.048
1338.28 174.29
1336.47 175.403
1334.73 176.525
1332.88 177.39
1330.88 177.664
1328.87 177.908
1326.99 178.592
1325.21 179.508
1323.35 180.254
1321.44 180.741
1319.55 181.27
1317.64 181.617
1315.7 181.751
1313.75 181.848
1311.79 181.836
1309.84 181.815
1307.88 181.875
1305.92 181.958
1303.94 181.945
1301.96 181.878
1299.99 181.861
1298 181.864
1296.01 181.894
1294 181.96
1291.99 181.983
1289.98 181.972
1287.97 181.913
1285.97 181.816
1283.98 181.797
1281.99 181.801
1280 181.822
1278.01 181.86
1276.03 181.855
1274.06 181.771
1272.12 181.571
1270.19 181.212
1268.24 181.098
1266.31 180.899
1264.39 180.578
1262.48 180.15
1260.58 179.572
1258.7 178.914
1256.76 178.51
1254.79 178.272
1252.79 178.158
1250.79 178.007
1248.79 177.77
1246.81 177.343
1244.82 177.085
1242.83 176.77
1240.9 176.182
1239.14 175.134
1237.28 174.268
1235.27 173.921
1233.25 173.667
1231.26 173.232
1229.29 172.681
1227.3 172.247
1225.31 171.736
1223.34 171.125
1221.33 170.688
1219.3 170.339
1217.28 169.983
1215.29 169.467
1213.28 169.134
1211.23 168.906
1209.24 168.376
1207.35 167.499
1205.36 166.824
1203.37 166.223
1201.34 165.79
1199.32 165.318
1197.31 164.802
1195.27 164.464
1193.24 164.06
1191.27 163.385
1189.32 162.708
1187.29 162.327
1185.26 161.981
1183.27 161.428
1181.24 161.076
1179.21 160.71
1177.18 160.284
1175.22 159.531
1173.21 159.025
1171.25 158.312
1169.25 157.77
1167.24 157.282
1165.2 156.832
1163.13 156.485
1161.08 156.02
1159.11 155.287
1157.08 154.717
1155.03 154.353
1152.99 154.015
1150.99 153.502
1148.96 153.248
1146.93 153.08
1144.87 153.033
1142.83 152.935
1140.84 152.421
1139.07 151.344
1137.31 150.212
1135.35 149.586
1133.28 149.358
1131.2 149.254
1129.14 149.146
1127.09 148.962
1125 149.048
1122.94 148.876
1121.05 148.04
1119.32 146.869
1117.34 146.321
1115.28 146.053
1113.22 145.807
1111.18 145.376
1109.13 145.107
1107.07 144.869
1105.02 144.498
1103.03 143.831
1101.08 143.109
1099.13 142.407
1097.14 141.918
1095.13 141.561
1093.11 141.34
1091.07 141.228
1089.05 140.963
1087.12 140.254
1085.24 139.397
1083.27 138.765
1081.25 138.406
1079.21 138.202
1077.17 138.066
1075.12 137.953
1073.07 137.779
1071.06 137.383
1069.03 137.066
1067.01 136.67
1065.04 136.067
1063.16 135.166
1061.24 134.351
1059.22 133.874
1057.15 133.641
1055.12 133.218
1053.06 132.867
1050.99 132.708
1048.92 132.577
1046.84 132.454
1044.78 132.197
1042.77 131.63
1040.8 130.936
1038.77 130.497
1036.71 130.296
1034.64 130.146
1032.61 129.854
1030.62 129.35
1028.61 129.08
1026.61 128.94
1024.61 129.042
1022.64 129.372
1020.67 129.454
1018.8 128.861
1017.02 127.896
1015.08 127.379
1013.03 127.012
1011.41 125.521
1009.46 124.817
1007.37 124.593
1005.28 124.453
1003.18 124.302
1001.08 124.108
999.002 123.804
996.939 123.422
994.876 123.042
992.808 122.74
990.742 122.473
988.665 122.342
986.597 122.236
984.537 122.114
982.486 122.006
980.432 121.959
978.376 121.948
976.32 121.93
974.264 121.893
972.209 121.882
970.157 121.88
968.108 121.877
966.069 121.89
964.029 121.988
961.988 122.118
959.941 122.214
957.92 122.352
955.903 122.484
953.889 122.623
951.874 122.684
949.861 122.749
947.869 123.058
945.901 123.516
943.919 123.885
941.922 124.105
939.924 124.275
937.931 124.409
935.94 124.486
933.954 124.474
931.965 124.351
929.972 124.154
927.99 123.822
926.028 123.362
924.029 123.169
922.012 123.146
919.994 123.172
917.976 123.2
915.957 123.206
913.935 123.201
911.909 123.164
909.877 123.092
907.839 123.073
905.797 123.079
903.751 123.084
901.703 123.083
899.651 123.08
897.597 123.08
895.541 123.089
893.484 123.079
891.428 123.049
889.372 122.975
887.317 122.863
885.274 122.9
883.247 123.161
881.26 123.655
879.311 124.291
877.313 124.756
875.305 125.054
873.305 125.206
871.328 125.439
869.345 125.634
867.355 125.756
865.358 125.871
863.357 125.989
861.373 126.317
859.435 126.907
857.465 127.359
855.473 127.723
853.486 128.175
851.479 128.555
849.454 128.832
847.414 128.948
845.373 129.032
843.334 129.143
841.298 129.265
839.277 129.54
837.24 129.848
835.182 130.01
833.113 130.091
831.037 130.148
828.973 130.361
826.913 130.66
824.842 130.964
822.765 131.255
820.711 131.699
818.684 132.228
816.678 132.771
814.737 133.477
812.708 133.79
810.68 133.968
808.693 134.302
806.848 135.058
805.054 135.919
803.242 136.755
801.27 136.891
799.276 136.76
797.266 136.752
795.265 136.964
793.27 137.225
791.286 137.622
789.283 138.067
787.262 138.413
785.211 138.725
783.152 139.093
781.126 139.63
779.105 140.178
777.067 140.637
775.097 141.33
773.029 141.639
770.951 141.861
768.93 142.378
766.996 143.204
764.924 143.721
762.912 144.427
760.886 145.074
758.841 145.592
756.74 145.853
754.652 146.029
752.584 146.259
750.609 146.841
748.759 147.803
746.854 148.623
744.848 149.074
742.797 149.246
740.737 149.292
738.657 149.417
736.609 149.805
734.688 150.726
732.631 151.273
730.6 151.893
728.617 152.723
726.565 153.29
724.439 153.482
722.309 153.605
720.211 153.86
718.16 154.449
716.191 155.283
714.24 156.207
712.233 156.971
710.181 157.633
708.104 158.185
705.983 158.669
703.958 159.457
702.27 160.89
700.218 161.457
698.071 161.637
695.968 161.987
693.944 162.748
692.001 163.739
689.965 164.532
687.881 165.204
685.903 166.042
684.084 167.224
682.207 168.346
680.172 169.127
678.105 169.746
676.006 170.236
673.939 170.867
672.007 171.859
670.23 173.04
668.3 173.949
666.608 175.324
664.712 176.344
662.878 177.492
660.863 178.293
658.911 179.229
657.083 180.405
655.16 181.456
653.282 182.604
651.512 183.904
649.619 184.975
647.559 185.723
645.636 186.763
643.906 188.112
642.147 189.42
640.574 191.018
638.502 191.77
636.762 193.163
634.816 194.102
632.817 194.928
630.823 195.853
628.774 196.639
626.81 197.576
625.136 199.094
623.018 199.753
621.191 201.115
619.228 202.139
617.238 203.105
615.204 204.065
613.09 204.837
611.096 205.834
609.494 207.498
607.669 208.85
605.678 209.909
603.642 210.866
601.762 212.135
599.836 213.357
598.131 214.87
596.03 215.723
594.313 217.271
592.292 218.261
590.226 219.2
588.308 220.422
586.468 221.762
584.938 223.538
583.14 225.017
580.952 225.913
578.801 226.881
576.817 228.191
574.773 229.44
572.966 231.108
570.711 231.974
568.652 233.241
566.692 234.668
564.719 236.113
562.773 237.567
561.134 239.403
559.342 241.075
557.191 242.24
555.174 243.579
553.385 245.2
551.646 246.925
549.637 248.235
548.071 250.048
546.377 251.718
544.664 253.374
542.964 255.066
540.622 255.787
538.989 257.557
537.321 259.241
535.328 260.588
533.231 261.823
531.639 263.672
530.055 265.559
527.974 266.889
526.224 268.538
524.475 270.173
522.679 271.783
521.143 273.719
519.054 275.014
516.943 276.301
514.976 277.753
513.31 279.592
511.527 281.344
509.535 282.815
507.817 284.554
506.264 286.438
504.908 288.47
503.602 290.552
502.155 292.52
500.795 294.513
499.455 296.506
497.994 298.391
496.286 300.082
495.086 302.119
493.351 303.815
492.058 305.848
490.624 307.762
489.262 309.711
487.647 311.527
486.314 313.541
484.814 315.396
483.42 317.311
482.266 319.385
481.213 321.511
479.497 323.156
477.749 324.763
476.62 326.796
475.615 328.904
474.335 330.809
473.085 332.724
471.696 334.581
471.05 336.821
469.46 338.534
468.213 340.429
466.812 342.213
465.674 344.162
465.05 346.328
464.115 348.37
463.139 350.382
461.667 352.103
460.712 354.111
459.745 356.108
458.595 358.003
457.671 360.006
457.18 362.144
456.452 364.194
455.468 366.144
454.311 368.009
453.138 369.876
452.239 371.865
451.247 373.818
450.318 375.81
449.73 377.908
449.114 379.973
447.787 381.764
447.126 383.88
445.613 385.572
444.56 387.503
443.636 389.505
442.759 391.529
442.159 393.635
441.38 395.643
439.885 397.335
439.207 399.438
438.03 401.317
437.45 403.393
437.041 405.516
436.237 407.519
435.038 409.343
434.161 411.284
433.605 413.35
433.025 415.443
431.823 417.255
430.648 419.082
429.866 421.078
429.363 423.151
428.666 425.175
427.935 427.185
427.002 429.131
426.274 431.139
425.751 433.192
425.581 435.307
425.159 437.366
423.774 439.086
423.17 441.095
422.714 443.162
422.021 445.14
421.449 447.132
420.696 449.069
419.82 450.944
418.808 452.772
418.011 454.674
417.322 456.599
416.796 458.583
416.222 460.573
415.656 462.566
415.131 464.544
414.375 466.468
413.881 468.471
413.452 470.474
412.587 472.332
411.57 474.141
410.616 476
409.927 477.965
409.229 479.935
408.391 481.871
407.296 483.697
406.244 485.538
405.493 487.513
404.802 489.513
404.13 491.519
403.241 493.454
402.388 495.402
401.74 497.388
401.489 499.475
401.114 501.551
399.804 503.302
399.089 505.278
398.486 507.3
397.831 509.291
397.083 511.239
395.864 512.959
394.779 514.74
394.137 516.73
393.547 518.74
392.669 520.627
391.674 522.459
390.86 524.373
389.964 526.243
389.268 528.189
388.517 530.112
387.526 531.939
386.506 533.758
385.662 535.673
385.066 537.676
384.328 539.654
383.49 541.613
382.415 543.479
381.195 545.275
380.329 547.251
379.417 549.224
378.624 551.247
378.131 553.359
377.708 555.498
376.889 557.511
375.37 559.143
373.912 560.801
373.313 562.89
372.763 565.006
371.778 566.966
370.602 568.812
370.011 570.873
369.74 573.038
369.299 575.161
368.443 577.147
367.637 579.145
367.292 581.252
367.093 583.405
365.873 585.224
364.954 587.142
364.322 589.182
363.535 591.169
362.658 593.109
362.204 595.172
361.932 597.275
361.531 599.343
361.199 601.417
360.866 603.484
360.168 605.472
359.504 607.472
358.841 609.45
358.131 611.435
357.647 613.472
357.043 615.471
356.278 617.45
355.744 619.495
355.25 621.546
354.806 623.597
354.553 625.673
354.337 627.737
354.044 629.79
353.518 631.814
353.175 633.847
352.948 635.915
352.35 637.903
351.324 639.724
350.446 641.61
349.935 643.61
349.689 645.663
349.274 647.687
348.758 649.689
348.384 651.711
348.002 653.745
347.507 655.771
347.072 657.805
346.741 659.854
346.511 661.914
346.314 663.974
346.164 666.035
346.068 668.091
346.017 670.139
345.969 672.185
345.889 674.252
345.791 676.312
345.623 678.363
345.242 680.38
344.774 682.386
344.031 684.327
343.396 686.305
342.973 688.324
342.186 690.24
341.8 692.237
341.718 694.272
341.69 696.304
341.677 698.341
341.661 700.375
341.537 702.396
341.044 704.365
340.636 706.348
340.306 708.35
339.965 710.357
339.602 712.358
339.22 714.353
338.897 716.361
338.789 718.393
338.777 720.434
338.613 722.47
338.354 724.488
338.121 726.5
337.943 728.507
337.858 730.525
337.802 732.55
337.633 734.573
337.293 736.574
337.043 738.579
336.761 740.584
336.628 742.603
336.663 744.616
336.658 746.614
336.284 748.567
335.59 750.445
334.991 752.357
334.382 754.281
333.957 756.25
333.84 758.271
333.742 760.301
333.663 762.349
333.605 764.406
333.496 766.462
333.12 768.506
332.978 770.571
333.078 772.652
333.203 774.745
333.157 776.837
333.081 778.929
333.045 781.025
333.1 783.123
333.258 785.201
333.282 787.279
333.29 789.356
333.308 791.434
333.315 793.516
333.336 795.598
333.423 797.679
333.629 799.749
333.79 801.82
333.898 803.893
334.019 805.964
334.228 808.023
334.8 810.003
335.651 811.892
336.334 813.837
336.71 815.866
336.901 817.926
337.073 819.974
337.294 822.004
337.787 823.989
338.199 826.024
338.48 828.096
338.769 830.183
339.133 832.268
339.715 834.314
340.265 836.37
340.669 838.457
341.111 840.524
341.271 842.62
341.332 844.729
341.591 846.804
342.442 848.717
343.44 850.592
344.171 852.581
344.581 854.675
344.936 856.772
345.11 858.91
345.256 861.061
345.563 863.215
346.295 865.282
347.115 867.338
348.148 869.324
349.063 871.371
349.677 873.534
350.158 875.749
350.852 877.921
351.816 880.019
352.658 882.209
353.15 884.514
353.752 886.78
354.969 888.827
356.212 890.867
357.258 893.019
358.57 895.04
359.921 896.988
361.883 898.326
363.952 899.501
366.15 900.382
368.508 900.681
370.886 900.797
373.256 900.993
375.53 901.575
377.261 903.209
378.668 905.131
380.183 906.93
381.621 908.789
383.374 910.424
385.129 912.046
386.34 914.14
387.836 916.009
389.489 917.723
391.242 919.409
392.849 921.18
394.655 922.667
396.56 924.02
398.724 924.872
400.755 925.897
402.337 927.586
403.96 929.211
405.846 930.437
407.789 931.654
409.884 932.524
412.087 932.993
414.285 933.352
416.432 933.897
418.492 934.698
420.471 935.612
422.376 936.672
424.331 937.611
426.289 938.494
428.19 939.474
430.139 940.311
432.221 940.724
434.317 941.001
436.421 941.225
438.495 941.527
440.488 942.128
442.385 943.003
444.114 944.171
445.903 945.15
447.799 945.895
449.636 946.779
451.394 947.815
453.242 948.625
455.125 949.296
457.029 949.906
458.844 950.685
460.597 951.587
461.6 953.279
462.463 955.007
463.451 956.678
464.474 958.353
465.392 960.069
465.862 961.97
466.171 963.909
466.571 965.823
467.236 967.68
468.026 969.499
468.439 971.428
468.728 973.379
469.221 975.277
469.64 977.201
469.794 979.174
470.213 981.097
470.92 982.969
471.318 984.92
471.827 986.853
472.426 988.763
472.767 990.73
472.897 992.722
473.065 994.712
473.222 996.693
473.459 998.661
473.947 1000.62
474.165 1002.62
474.2 1004.65
474.209 1006.67
474.248 1008.69
474.43 1010.71
474.785 1012.71
475.278 1014.7
475.772 1016.69
476.087 1018.71
476.296 1020.75
476.516 1022.78
476.882 1024.79
477.598 1026.72
478.349 1028.67
478.398 1030.74
477.961 1032.82
477.673 1034.92
477.987 1036.99
479.047 1038.85
479.712 1040.81
480.318 1042.75
481.03 1044.63
481.765 1046.49
482.147 1048.42
481.437 1050.34
481.007 1052.32
480.889 1054.38
480.944 1056.47
481.067 1058.58
481.124 1060.71
481.066 1062.85
480.997 1065
480.982 1067.15
481.109 1069.27
481.481 1071.34
482.376 1073.24
483.71 1074.93
484.916 1076.74
485.296 1078.88
484.929 1081.05
483.945 1083.06
482.693 1084.97
482.128 1087.08
482.324 1089.21
483.09 1091.22
484.071 1093.15
484.717 1095.18
485.28 1097.24
486.188 1099.17
487.042 1101.14
487.423 1103.23
487.978 1105.26
488.578 1107.27
489.356 1109.22
490.495 1111.04
490.694 1113.13
490.275 1115.27
490.642 1117.35
491.623 1119.3
492.481 1121.27
493.117 1123.32
493.83 1125.33
494.933 1127.2
495.926 1129.09
497.248 1130.8
497.842 1132.82
498.124 1134.9
498.351 1136.99
498.754 1139.05
499.416 1141.06
500.031 1143.11
500.391 1145.22
500.818 1147.31
501.636 1149.28
503.139 1150.93
503.829 1152.99
504.473 1155.06
505.111 1157.16
505.743 1159.25
506.916 1161.1
508.242 1162.86
509.458 1164.73
511.05 1166.35
511.963 1168.35
512.593 1170.5
513.049 1172.7
513.598 1174.86
514.687 1176.83
515.83 1178.79
516.675 1180.92
517.589 1183.02
519.09 1184.84
519.698 1187.09
521.124 1188.95
522.081 1191.03
522.81 1193.22
523.864 1195.28
524.998 1197.32
526.302 1199.28
527.556 1201.27
529.1 1203.06
530.204 1205.12
531.166 1207.26
532.374 1209.26
533.687 1211.18
535.34 1212.89
536.449 1215
537.892 1216.86
539.184 1218.8
540.617 1220.66
542 1222.58
543.666 1224.29
545.299 1226.1
546.724 1228.06
548.32 1229.88
549.766 1231.86
551.401 1233.75
553.119 1235.55
554.541 1237.54
555.898 1239.62
557.404 1241.61
559.421 1243.12
561.256 1244.82
562.609 1246.93
563.95 1249.04
565.317 1251.1
567.027 1252.97
567.876 1255.36
569.635 1257.14
571.478 1258.8
573.355 1260.44
575.393 1261.92
577.154 1263.71
578.7 1265.73
580.618 1267.38
582.461 1269.06
584.358 1270.71
586.252 1272.35
587.759 1274.36
589.389 1276.25
591.364 1277.82
593.117 1279.64
594.608 1281.67
596.403 1283.4
598.202 1285.13
599.684 1287.19
601.643 1288.78
603.39 1290.54
605.185 1292.25
607.245 1293.66
608.985 1295.45
610.736 1297.2
612.782 1298.54
614.979 1299.65
617.159 1300.72
619.248 1301.9
621.114 1303.5
623.096 1304.96
625.077 1306.3
627.049 1307.63
629.161 1308.75
631.301 1309.85
632.901 1311.62
634.259 1313.61
635.821 1315.42
637.478 1317.13
639.269 1318.74
641.261 1320.02
642.865 1321.82
644.907 1323
647.103 1323.94
649.236 1324.92
651.137 1326.25
652.894 1327.81
654.549 1329.52
656.363 1331.01
658.217 1332.44
660.094 1333.8
661.827 1335.37
663.943 1336.38
665.88 1337.76
667.914 1338.93
669.898 1340.16
671.903 1341.34
673.97 1342.42
676.016 1343.48
677.855 1344.87
679.807 1346.04
681.898 1346.96
683.883 1348.07
685.976 1348.91
688.023 1349.86
689.857 1351.27
692.048 1351.96
693.663 1353.64
695.67 1354.69
697.746 1355.61
699.771 1356.58
701.734 1357.65
703.449 1359.18
705.598 1359.91
707.188 1361.51
708.912 1362.9
710.643 1364.3
712.52 1365.43
714.666 1365.94
716.793 1366.5
718.888 1367.16
720.9 1367.94
722.405 1369.61
724.225 1370.82
726.087 1371.96
727.964 1373.08
729.981 1373.93
731.926 1374.96
734.06 1375.41
736.185 1375.79
738.103 1376.9
740.172 1377.54
742.196 1378.25
743.897 1379.64
745.754 1380.79
747.821 1381.35
749.963 1381.64
752.112 1381.99
754.182 1382.63
756.078 1383.68
757.879 1384.89
759.883 1385.65
761.942 1386.27
763.991 1386.94
765.978 1387.8
768.047 1388.4
770.167 1388.7
772.292 1388.97
774.394 1389.37
776.448 1389.97
778.427 1390.79
780.381 1391.65
782.323 1392.55
784.215 1393.5
786.207 1394.24
788.174 1395.06
789.947 1396.26
791.791 1397.36
793.875 1397.88
796.008 1398.22
798.131 1398.64
800.123 1399.48
802.11 1400.36
804.141 1401.02
806.235 1401.41
808.263 1402.04
810.305 1402.66
812.35 1403.29
814.392 1403.93
816.487 1404.35
818.568 1404.72
820.65 1405.08
822.713 1405.53
824.68 1406.31
826.623 1407.2
828.554 1408.06
830.481 1408.93
832.412 1409.83
834.407 1410.6
836.457 1411.23
838.53 1411.76
840.638 1412.11
842.769 1412.21
844.898 1412.26
847.023 1412.35
849.107 1412.6
851.187 1412.79
853.255 1413.04
855.285 1413.48
857.291 1413.9
859.32 1414.03
861.348 1414.02
863.37 1413.85
865.382 1413.82
867.314 1414.33
869.055 1415.36
870.714 1416.57
872.452 1417.63
874.428 1418.17
876.498 1418.47
878.548 1418.89
880.554 1419.56
882.591 1420.1
884.692 1420.4
886.784 1420.74
888.851 1421.19
890.95 1421.36
893.057 1421.43
895.158 1421.57
897.257 1421.76
899.366 1421.77
901.472 1421.91
903.584 1422.1
905.706 1422.06
907.731 1421.52
909.44 1420.1
911.415 1419.57
913.175 1420.76
914.754 1422.2
916.346 1423.62
918.16 1424.7
920.154 1425.38
922.217 1425.88
924.28 1426.35
926.318 1426.88
928.266 1427.7
930.283 1428.27
932.361 1428.47
934.447 1428.53
936.523 1428.5
938.59 1428.41
940.651 1428.29
942.707 1428.21
944.755 1428.2
946.794 1428.2
948.828 1428.22
950.855 1428.31
952.867 1428.48
954.877 1428.65
956.883 1428.86
958.877 1429.2
960.869 1429.58
962.886 1429.69
964.904 1429.62
966.908 1429.39
968.883 1428.99
970.88 1428.86
972.883 1428.87
974.88 1429.01
976.852 1429.29
978.834 1429.4
980.825 1429.42
982.82 1429.4
984.816 1429.36
986.808 1429.3
988.798 1429.27
990.784 1429.27
992.775 1429.27
994.766 1429.29
996.755 1429.31
998.737 1429.4
1000.71 1429.63
1002.68 1429.73
1004.67 1429.76
1006.65 1429.69
1008.65 1429.47

800

1004.08 1228.32
1002.06 1228.02
1000.05 1227.59
998.071 1227.07
996.04 1226.87
993.994 1226.91
991.967 1227.21
990 1227.78
988.025 1228.31
986.01 1228.65
983.971 1228.8
981.927 1228.86
979.877 1228.86
977.821 1228.85
975.76 1228.83
973.689 1228.78
971.614 1228.66
969.534 1228.5
967.458 1228.24
965.421 1227.72
963.412 1227.07
961.357 1226.63
959.274 1226.4
957.193 1226.16
955.239 1225.49
953.659 1223.9
951.69 1223.9
949.763 1224.91
947.685 1225.12
945.582 1225.1
943.484 1225.14
941.393 1225.17
939.304 1225.19
937.219 1225.16
935.14 1225.05
933.083 1224.73
931.084 1224.12
929.114 1223.39
927.129 1222.71
925.117 1222.19
923.04 1221.98
921.006 1221.67
919.022 1221.07
916.968 1220.63
914.887 1220.38
912.79 1220.29
910.696 1220.27
908.606 1220.26
906.521 1220.24
904.472 1220
902.542 1219.25
900.604 1218.54
898.756 1217.66
897.047 1216.49
895.097 1216.31
893.279 1217.37
891.341 1218.04
889.29 1218.1
887.254 1217.62
885.244 1217.04
883.302 1216.16
881.242 1215.59
879.153 1215.1
877.097 1214.33
875.002 1213.75
872.842 1213.47
870.687 1213.12
868.517 1212.91
866.408 1212.46
864.504 1211.43
862.659 1210.27
860.571 1209.65
858.454 1209.11
856.682 1207.71
854.73 1206.72
852.576 1206.2
850.383 1205.91
848.192 1205.65
846.041 1205.11
843.853 1204.76
841.687 1204.31
839.625 1203.52
837.53 1202.79
835.39 1202.25
833.385 1201.41
831.818 1199.88
830.854 1197.93
829.679 1196.09
829.544 1193.9
829.462 1191.67
828.352 1189.82
826.416 1188.74
824.265 1188.03
822.024 1187.61
819.791 1188.01
817.76 1189.18
815.593 1189.91
813.333 1190.05
811.107 1189.74
809.239 1188.49
807.708 1186.69
806.041 1185.04
804.418 1183.37
802.561 1182.03
800.362 1181.52
798.086 1181.6
795.806 1181.75
793.521 1181.65
791.233 1181.58
788.975 1181.44
786.807 1180.95
784.966 1179.68
783.102 1178.39
780.986 1177.56
779.103 1176.34
777.234 1175.13
775.459 1173.73
773.535 1172.55
771.755 1171.2
770.048 1169.74
768.609 1167.94
766.627 1166.98
764.428 1166.45
762.212 1166
759.942 1165.85
757.694 1165.54
755.523 1164.91
753.867 1163.29
752.275 1161.58
751.127 1159.58
749.479 1157.9
748.112 1156.07
746.694 1154.26
745.239 1152.49
743.381 1151.08
741.642 1149.48
739.711 1148.19
737.772 1146.86
735.711 1145.71
733.749 1144.36
731.534 1143.44
729.831 1141.86
728.406 1140.02
727.087 1138.11
725.378 1136.55
723.522 1135.17
721.571 1133.81
719.162 1133.79
716.783 1133.68
714.665 1132.78
713.197 1130.86
711.531 1129.09
709.952 1127.24
708.602 1125.23
706.919 1123.53
705.318 1121.78
703.705 1120
701.978 1118.44
700.088 1117.12
697.907 1116.33
695.709 1115.55
693.635 1114.49
691.809 1113.08
690.457 1111.15
689.343 1109
687.506 1107.44
685.579 1105.97
684.242 1103.99
682.966 1101.97
681.358 1100.27
679.577 1098.68
678.389 1096.64
676.97 1094.74
675.453 1092.92
673.718 1091.31
671.85 1089.84
670.338 1088
668.473 1086.59
667.163 1084.69
666.258 1082.57
665.418 1080.42
664.134 1078.49
662.996 1076.5
661.23 1074.94
659.787 1073.15
658.538 1071.18
657.416 1069.1
655.723 1067.42
654.444 1065.49
653.325 1063.47
652.416 1061.34
651.469 1059.24
650.492 1057.17
649.598 1055.07
649.11 1052.85
648.707 1050.61
648.047 1048.42
647.134 1046.34
646.32 1044.2
645.739 1041.99
645.263 1039.78
644.594 1037.65
643.816 1035.54
642.849 1033.49
642.027 1031.37
640.868 1029.42
639.222 1027.81
637.612 1026.1
637.022 1023.86
636.741 1021.56
636.578 1019.25
636.443 1016.93
636.356 1014.6
636.448 1012.27
636.635 1009.95
636.813 1007.63
636.937 1005.29
636.921 1002.94
636.849 1000.59
636.814 998.221
637.242 995.915
638.43 993.826
639.188 991.565
639.761 989.281
640.634 987.107
641.598 984.992
643.502 983.719
645.761 983.029
648 982.311
650.292 982.01
652.595 981.993
654.882 982.132
657.161 982.29
659.427 982.228
661.673 982.282
663.828 983.013
666.02 983.144
668.031 982.118
670.048 981.191
672.202 980.765
674.399 980.663
676.589 980.628
678.765 980.592
680.934 980.548
683.096 980.535
685.253 980.537
687.404 980.565
689.554 980.652
691.699 980.801
693.829 981.045
695.903 981.599
697.936 982.299
699.903 983.212
701.904 984.1
703.98 984.731
706.165 984.928
708.35 985.054
710.522 985.28
712.679 985.752
714.862 986.123
717.072 986.295
719.313 986.338
721.563 986.34
723.823 986.345
726.08 986.442
728.294 986.897
730.407 987.791
732.557 988.608
734.743 989.285
736.948 989.958
739.023 990.968
740.863 992.429
742.97 993.461
744.738 994.879
746.485 996.332
748.356 997.602
749.956 999.253
751.834 1000.54
753.7 1001.88
755.535 1003.19
757.279 1004.64
759.215 1005.87
760.601 1007.63
761.74 1009.55
762.945 1011.37
764.367 1013.04
765.69 1014.78
767.682 1015.69
769.381 1017.08
771.222 1018.12
773.135 1018.97
775.021 1019.9
777.039 1020.46
779.065 1020.92
780.968 1021.68
782.564 1023.1
784.528 1023.66
786.488 1024.21
788.36 1024.91
790.299 1025.21
792.233 1025.27
794.143 1025.32
796.014 1025.52
797.801 1026.08
799.599 1026.44
801.327 1025.66
803.156 1025.31
805.042 1025.24
806.953 1025.21
808.835 1024.99
810.617 1024.3
812.115 1023.02
813.73 1021.95
815.55 1021.21
817.18 1020.11
818.558 1018.7
819.957 1017.3
821.101 1015.66
821.872 1013.81
822.748 1012.02
823.863 1010.33
825.175 1008.73
826.015 1006.83
826.781 1004.86
827.766 1002.97
828.503 1000.98
828.92 998.841
829.687 996.847
831.338 995.286
832.502 993.421
833.508 991.439
834.427 989.379
835.578 987.442
836.687 985.468
837.687 983.404
839.293 981.765
841.184 980.442
842.82 978.862
844.411 977.225
845.806 975.378
847.469 973.725
849.18 972.168
850.527 970.303
852.099 968.571
853.454 966.694
854.633 964.674
856.195 962.912
857.486 960.99
858.923 959.121
860.421 957.238
862.009 955.46
863.801 953.848
866.004 952.814
868.002 951.493
869.862 949.951
871.999 948.886
874.251 948.114
876.358 946.997
878.472 945.933
880.705 945.184
882.783 944.105
884.96 943.366
887.067 942.448
889.192 941.83
891.464 942.269
893.513 941.403
895.594 940.701
897.755 940.259
899.799 939.451
901.786 938.533
903.784 937.656
905.898 937.2
908.064 937.066
910.227 936.898
912.261 936.105
914.355 935.534
916.512 935.233
918.426 934.248
920.141 932.92
922.066 931.965
923.971 930.97
925.958 930.172
927.983 929.394
930.036 928.688
931.972 927.656
933.766 926.349
935.765 925.431
937.841 924.629
939.838 923.64
941.883 922.751
944.123 922.433
946.361 921.959
948.599 921.55
950.863 921.525
953.116 921.85
955.385 921.918
957.659 921.785
959.912 921.351
962.181 921.085
964.472 921.025
966.772 921.189
969.082 921.564
971.405 921.745
973.71 921.928
976.004 922.15
978.251 922.637
980.227 923.809
981.931 925.368
983.753 926.804
985.231 928.424
985.802 930.509
986.346 932.578
986.908 934.588
987.607 936.519
988.565 938.292
989.702 939.894
991.232 941.119
992.738 942.269
994.246 943.402
995.895 944.225
997.698 944.665
999.565 944.684
1001.44 944.521
1003.33 944.318
1005.23 944.241
1007.15 944.36
1009.09 944.567
1011.05 944.529
1013.01 944.366
1014.98 944.385
1016.93 944.736
1018.89 945.038
1020.87 945.097
1022.84 944.81
1024.61 943.898
1026.29 942.749
1028.12 941.963
1030.08 941.536
1031.9 940.656
1033.61 939.491
1035.3 938.297
1037.03 937.145
1038.63 935.683
1040.72 935.101
1042.58 933.935
1044.66 933.494
1046.81 933.259
1048.84 932.61
1050.66 931.462
1052.26 929.999
1053.54 928.202
1055.13 926.647
1056.51 924.898
1058.29 923.52
1059.96 921.986
1061.39 920.164
1063.33 918.942
1065.21 917.558
1067.28 916.551
1069.32 915.447
1071.34 914.272
1073.54 913.479
1075.86 913.043
1078.07 912.199
1080.1 910.914
1082.29 909.826
1084.72 909.366
1087.19 908.944
1089.58 908.181
1091.9 907.159
1094.32 906.489
1096.81 906.6
1099.24 907.221
1101.52 908.251
1103.8 909.272
1106.21 909.892
1108.59 910.546
1110.79 911.636
1112.69 913.197
1114.78 914.395
1116.42 916.138
1117.87 917.989
1119.55 919.701
1121.26 921.386
1123.12 922.799
1125.08 924.053
1127.26 924.905
1129.21 926.062
1130.78 927.704
1132.15 929.485
1133.23 931.413
1134.55 933.173
1135.82 934.888
1137.57 936.137
1139.61 936.686
1141.74 936.575
1143.87 936.253
1146.02 936.45
1148.17 936.853
1150.34 937.178
1152.47 937.681
1154.61 938.164
1156.72 938.769
1158.69 939.744
1160.57 940.897
1162.63 941.562
1164.76 941.922
1166.8 942.595
1168.72 943.687
1170.8 944.331
1172.91 944.776
1175.01 945.204
1177.01 945.866
1178.98 946.488
1180.82 947.375
1182.45 948.534
1183.7 950.055
1185.12 951.358
1186.97 951.591
1188.77 951.028
1190.35 949.809
1192.18 949.022
1193.96 948.069
1195.5 946.696
1196.98 945.196
1198.51 943.677
1200.65 943.038
1202.4 941.614
1204.36 940.604
1206.34 939.561
1208.35 938.489
1210.3 937.283
1211.84 935.497
1213.46 933.774
1215.47 932.507
1217.38 931.097
1219.12 929.477
1220.81 927.731
1223.14 927.197
1225.57 927.031
1228.03 927.338
1230.3 928.492
1232.57 929.724
1235.03 930.441
1237.62 930.546
1240.21 930.294
1242.69 930.717
1244.89 931.974
1247.02 933.299
1248.55 935.247
1250.11 937.133
1251.46 939.119
1252.58 941.236
1253.42 943.467
1254.13 945.729
1255.02 947.93
1256.02 950.098
1257.28 952.102
1257.98 954.351
1258.67 956.597
1259.79 958.642
1261.18 960.514
1261.93 962.681
1262.84 964.78
1263.96 966.796
1265.35 968.637
1265.96 970.78
1266.16 973.001
1266.13 975.233
1265.77 977.396
1264.79 979.368
1263.9 981.355
1264.76 983.371
1265.46 985.371
1265.57 987.468
1265.58 989.562
1265.74 991.635
1266.05 993.685
1266.48 995.721
1267.13 997.688
1267.9 999.622
1268.43 1001.64
1268.92 1003.65
1269.66 1005.6
1270.88 1007.35
1271.54 1009.35
1271.98 1011.4
1272.8 1013.35
1273.7 1015.26
1274.93 1016.97
1276.25 1018.59
1277.12 1020.49
1277.85 1022.5
1279.12 1024.28
1279.74 1026.32
1280.17 1028.41
1281.08 1030.34
1282.01 1032.25
1282.99 1034.14
1284 1036.02
1284.59 1038.02
1284.79 1040.1
1284.8 1042.21
1284.82 1044.31
1284.82 1046.4
1284.82 1048.47
1284.83 1050.52
1284.95 1052.55
1285.35 1054.55
1286.36 1056.33
1287.36 1058.12
1288.5 1059.82
1289.77 1061.43
1290.99 1063.13
1293.03 1063.81
1294.63 1065.23
1296.53 1066.06
1298.6 1066.52
1300.63 1067.19
1302.56 1068.19
1304.52 1069.22
1306.6 1070.06
1308.45 1071.33
1310.08 1073
1312.06 1074.18
1314.3 1075.03
1316.55 1076.05
1318.98 1076.69
1321.39 1077.51
1322.88 1079.62
1324.04 1082.1
1325.28 1084.62
1325.53 1087.31
1324.68 1089.86
1322.94 1091.89
1320.45 1092.85
1317.75 1092.82
1315.1 1092.13
1312.48 1091.97
1310.36 1093.27
1309.75 1095.68
1310.47 1098.17
1311.51 1100.56
1311.46 1103.01
1309.97 1105
1308.43 1106.87
1306.72 1108.55
1304.84 1110.03
1303.01 1111.62
1301.02 1113.05
1299.03 1114.4
1297.18 1115.9
1295.36 1117.45
1293.76 1119.26
1292.28 1121.12
1290.68 1122.86
1289.31 1124.83
1287.51 1126.38
1285.58 1127.82
1284.07 1129.75
1282.16 1131.21
1279.93 1132.22
1277.95 1133.51
1276.51 1135.43
1275.04 1137.3
1273.35 1138.93
1271.41 1140.31
1269.36 1141.59
1267.81 1143.48
1265.91 1144.9
1263.69 1145.84
1261.8 1147.31
1260.02 1148.88
1257.85 1149.82
1255.81 1151.09
1253.62 1151.97
1251.88 1153.6
1249.9 1154.84
1247.86 1155.99
1245.62 1156.6
1243.36 1157.1
1241.23 1157.95
1239.58 1159.62
1237.97 1161.33
1236.27 1162.85
1234.45 1164.25
1232.53 1165.5
1230.96 1167.21
1229.03 1168.36
1226.92 1169.12
1224.73 1169.61
1222.76 1170.72
1220.79 1171.83
1218.7 1172.66
1216.69 1173.64
1215.06 1175.28
1212.89 1175.8
1210.65 1176.15
1208.48 1176.74
1206.65 1178.03
1204.92 1179.41
1203 1180.47
1200.87 1180.98
1198.67 1181.17
1196.52 1181.64
1194.8 1183.13
1192.95 1184.27
1191.19 1185.56
1189.24 1186.63
1187.38 1187.85
1185.45 1188.93
1183.48 1190.01
1181.79 1191.53
1180.16 1193.1
1178.13 1193.99
1175.95 1194.38
1173.75 1194.69
1171.63 1195.3
1169.58 1196.11
1167.47 1196.68
1165.33 1197.03
1163.15 1197.2
1160.98 1197.42
1158.94 1198.15
1157.01 1199.2
1154.98 1199.96
1153.11 1201.03
1151.24 1202.1
1149.6 1203.56
1148.01 1205.04
1146.13 1206.1
1144.31 1207.32
1142.27 1208.08
1140.31 1209.08
1138.22 1209.77
1136.19 1210.61
1134.13 1211.36
1132.14 1212.25
1130.08 1212.91
1127.99 1213.47
1125.89 1213.86
1123.74 1213.93
1121.61 1214.07
1119.48 1214.2
1117.36 1214.25
1115.24 1214.25
1113.13 1214.21
1111.03 1214.14
1108.93 1214.17
1106.84 1214.15
1104.75 1214.11
1102.67 1214.07
1100.62 1214.37
1098.69 1215.1
1096.95 1216.26
1095.2 1217.38
1093.22 1217.98
1091.16 1218.36
1089.14 1218.87
1087.26 1219.83
1085.36 1220.72
1083.34 1221.24
1081.29 1221.57
1079.22 1221.86
1077.13 1222
1075.05 1222.16
1072.99 1222.52
1071.01 1223.18
1068.97 1223.7
1066.95 1224.27
1064.92 1224.79
1062.86 1224.96
1060.79 1224.7
1058.72 1224.49
1056.65 1224.5
1054.56 1224.45
1052.69 1225.47
1050.71 1226.04
1048.66 1226.28
1046.6 1226.37
1044.52 1226.39
1042.46 1226.4
1040.4 1226.4
1038.35 1226.39
1036.29 1226.39
1034.25 1226.39
1032.21 1226.4
1030.18 1226.37
1028.16 1226.22
1026.15 1226.06
1024.14 1226.03
1022.12 1226.04
1020.11 1226.19
1018.1 1226.38
1016.08 1226.57
1014.07 1226.82
1012.07 1227.19
1010.1 1227.73
1008.12 1228.19
1006.11 1228.43

