CONTOUR

2

2000

955.245 1449.32
957.29 1449.23
959.344 1449.14
961.332 1448.72
963.152 1447.76
965.013 1446.92
967.012 1446.49
969.063 1446.57
971.108 1446.81
973.152 1447.06
975.208 1447.17
977.262 1447.01
979.302 1446.69
981.338 1446.33
983.395 1446.12
985.443 1445.98
987.486 1445.87
989.525 1445.79
991.555 1445.62
993.58 1445.44
995.61 1445.35
997.639 1445.22
999.648 1444.89
1001.66 1444.55
1003.69 1444.34
1005.73 1444.2
1007.77 1444.15
1009.81 1444.03
1011.82 1443.73
1013.83 1443.4
1015.84 1443.05
1017.82 1442.65
1019.8 1442.18
1021.75 1441.66
1023.7 1441.15
1025.65 1440.72
1027.6 1440.22
1029.56 1439.73
1031.54 1439.28
1033.56 1438.91
1035.63 1438.8
1037.7 1438.78
1039.75 1438.45
1041.81 1438.23
1043.87 1438.16
1045.92 1438.05
1047.96 1437.96
1050.01 1437.9
1052.05 1437.85
1054.09 1437.7
1056.09 1437.2
1058.12 1436.76
1060.16 1436.32
1062.17 1435.74
1064.16 1435.09
1066.21 1434.66
1068.28 1434.32
1070.35 1433.96
1072.4 1433.47
1074.49 1433.25
1076.57 1432.96
1078.53 1432.23
1080.31 1431.06
1082.29 1430.35
1084.38 1430.04
1086.46 1429.78
1088.5 1429.27
1090.55 1428.83
1092.63 1428.47
1094.65 1427.88
1096.57 1426.98
1098.59 1426.42
1100.66 1426.03
1102.65 1425.41
1104.39 1424.25
1106.21 1423.16
1108.17 1422.41
1110.2 1421.88
1112.22 1421.36
1114.31 1420.95
1116.42 1420.64
1118.53 1420.38
1120.66 1420.09
1122.72 1419.46
1124.77 1418.76
1126.82 1418.05
1128.78 1417.12
1130.65 1415.97
1132.78 1415.53
1134.91 1415.04
1136.7 1413.69
1138.79 1413.14
1140.95 1412.91
1143.08 1412.63
1145.15 1412.11
1147.1 1411.25
1149.08 1410.49
1151.06 1409.82
1152.91 1408.94
1154.5 1407.63
1156.17 1406.44
1158.15 1405.89
1160.19 1405.5
1162.28 1405.19
1164.35 1404.85
1166.43 1404.45
1168.51 1403.96
1170.55 1403.26
1172.61 1402.58
1174.67 1401.91
1176.64 1401.01
1178.48 1399.83
1180.44 1398.87
1182.34 1397.79
1184.36 1396.99
1186.4 1396.24
1188.36 1395.27
1190.32 1394.32
1192.27 1393.32
1194.16 1392.21
1196.11 1391.25
1197.92 1390.02
1199.91 1389.13
1201.95 1388.36
1203.96 1387.48
1205.94 1386.54
1207.92 1385.58
1209.98 1384.79
1211.92 1383.69
1213.81 1382.54
1215.8 1381.54
1217.93 1380.83
1220.06 1380.12
1222.02 1379.03
1223.97 1377.9
1225.84 1376.58
1227.8 1375.39
1229.56 1373.9
1231.64 1373.03
1233.81 1372.34
1235.8 1371.24
1237.75 1370.11
1239.69 1368.92
1241.54 1367.55
1243.22 1365.94
1245.31 1365.08
1247.58 1364.7
1249.84 1364.27
1251.96 1363.38
1254.04 1362.36
1256.07 1361.21
1257.82 1359.61
1259.45 1357.88
1261.39 1356.63
1263.46 1355.52
1265.51 1354.4
1267.51 1353.18
1269.28 1351.61
1271.31 1350.4
1273.36 1349.25
1275.44 1348.2
1277.37 1346.89
1279.35 1345.63
1280.91 1343.86
1282.54 1342.25
1284.28 1340.77
1286.03 1339.32
1287.95 1338.05
1289.94 1336.83
1291.9 1335.5
1294.08 1334.58
1296.23 1333.56
1298.37 1332.48
1300.18 1330.89
1301.92 1329.25
1303.65 1327.55
1305.41 1325.84
1307.24 1324.29
1309.11 1322.79
1311.17 1321.5
1312.77 1319.7
1314.42 1318.01
1316.11 1316.4
1317.7 1314.68
1319.46 1313.12
1321.06 1311.37
1322.47 1309.48
1324.18 1307.88
1325.86 1306.23
1327.72 1304.75
1329.74 1303.43
1331.42 1301.71
1333.13 1300.07
1334.7 1298.25
1336.04 1296.23
1338.11 1294.91
1339.89 1293.25
1341.75 1291.7
1343.78 1290.33
1345.89 1289.03
1347.62 1287.23
1349.2 1285.25
1351.3 1283.83
1353.19 1282.18
1354.53 1280.06
1356.01 1278.08
1357.71 1276.33
1359.61 1274.76
1361.54 1273.21
1362.99 1271.22
1364.32 1269.08
1365.86 1267.13
1367.75 1265.46
1369.53 1263.65
1370.85 1261.5
1372.28 1259.43
1373.66 1257.34
1375.44 1255.54
1377.26 1253.79
1378.94 1251.98
1380.47 1250.02
1381.75 1247.87
1383.46 1246.05
1385.17 1244.27
1386.43 1242.18
1387.47 1239.95
1388.68 1237.86
1390.16 1235.96
1391.7 1234.07
1393.28 1232.17
1394.52 1230.07
1395.99 1228.16
1397.32 1226.16
1398.8 1224.23
1400.08 1222.2
1401.78 1220.47
1402.92 1218.39
1403.85 1216.19
1404.76 1213.99
1405.96 1212.01
1407.6 1210.27
1409.22 1208.51
1410.29 1206.41
1411.31 1204.3
1412.36 1202.21
1413.14 1200.03
1413.93 1197.88
1414.95 1195.83
1415.89 1193.74
1417.12 1191.79
1418.06 1189.71
1418.89 1187.61
1419.79 1185.52
1420.42 1183.33
1421.19 1181.21
1422.56 1179.39
1423.78 1177.51
1425.36 1175.84
1426.34 1173.82
1427.25 1171.77
1428.29 1169.78
1429.18 1167.73
1429.76 1165.62
1430.12 1163.45
1430.71 1161.33
1431.47 1159.26
1431.72 1157.06
1432.35 1154.96
1433.67 1153.16
1434.38 1151.13
1434.85 1149.01
1435.57 1146.97
1436.37 1144.98
1437.02 1142.94
1437.41 1140.86
1437.62 1138.74
1438.08 1136.69
1439.31 1134.88
1439.64 1132.75
1440 1130.64
1441.52 1128.98
1442.22 1126.97
1442.61 1124.86
1443.1 1122.77
1443.74 1120.72
1444.35 1118.67
1444.66 1116.56
1444.88 1114.44
1445.17 1112.33
1445.55 1110.23
1445.83 1108.11
1446.16 1106
1446.64 1103.91
1447.49 1101.96
1448.77 1100.22
1449.26 1098.19
1449.41 1096.08
1449.34 1093.98
1448.09 1092.11
1448.25 1090.11
1449.49 1088.31
1450.22 1086.33
1450.74 1084.28
1451.32 1082.25
1451.71 1080.18
1451.78 1078.07
1451.76 1075.95
1451.82 1073.84
1451.96 1071.77
1452.15 1069.71
1452.37 1067.65
1452.56 1065.6
1452.91 1063.57
1453.24 1061.56
1453.31 1059.54
1453.26 1057.51
1453.09 1055.5
1452.89 1053.49
1452.85 1051.48
1452.96 1049.46
1453.28 1047.47
1453.57 1045.46
1453.71 1043.43
1453.82 1041.4
1453.87 1039.35
1454.03 1037.3
1454.14 1035.25
1454.03 1033.18
1453.96 1031.1
1453.82 1029.01
1453.34 1026.98
1452.27 1025.13
1451.56 1023.15
1451.87 1021.13
1453.2 1019.44
1454.07 1017.57
1454.73 1015.61
1455.16 1013.59
1455.29 1011.55
1455.32 1009.5
1455.48 1007.46
1455.74 1005.43
1456.21 1003.45
1457.01 1001.55
1457.67 999.596
1458.43 997.679
1459.21 995.752
1460.11 993.849
1460.79 991.881
1461.17 989.831
1461.24 987.741
1461.25 985.649
1461.28 983.562
1461.3 981.49
1461.22 979.423
1460.95 977.375
1460.34 975.389
1459.94 973.367
1460.07 971.319
1460.36 969.295
1460.61 967.277
1460.73 965.255
1460.79 963.23
1460.78 961.202
1460.85 959.174
1460.95 957.138
1461.2 955.115
1461.32 953.087
1461.12 951.061
1460.99 949.044
1461.02 947.018
1461.13 944.992
1461.49 942.984
1461.69 940.971
1461.71 938.944
1461.64 936.914
1461.35 934.893
1461.13 932.867
1461.05 930.833
1460.99 928.804
1460.91 926.777
1460.9 924.748
1460.93 922.716
1461.04 920.687
1461.35 918.663
1461.49 916.62
1461.51 914.57
1461.39 912.521
1461.04 910.495
1460.85 908.46
1460.72 906.412
1460.61 904.356
1460.47 902.3
1460.27 900.248
1459.95 898.21
1459.47 896.197
1458.99 894.191
1458.85 892.135
1458.89 890.073
1458.95 888.011
1458.89 885.947
1458.65 883.914
1458.31 881.914
1457.86 879.939
1457.23 878.054
1456.45 876.236
1455.63 874.425
1454.72 872.657
1453.69 870.958
1453.29 869.066
1453.2 867.133
1453.13 865.23
1452.93 863.367
1452.56 861.551
1451.87 859.864
1450.98 858.272
1450.28 856.619
1449.82 854.91
1449.9 853.181
1450.89 851.796
1452.55 851.272
1454.33 851.469
1456.1 852.008
1457.92 852.377
1459.79 852.571
1461.69 852.733
1463.63 852.87
1465.61 852.981
1467.61 853.082
1469.65 853.191
1471.69 853.37
1473.76 853.461
1475.85 853.439
1477.96 853.332
1480.05 852.932
1482.11 852.325
1484.05 851.359
1485.96 850.306
1487.94 849.376
1490.02 848.62
1491.93 847.498
1493.74 846.187
1495.74 845.191
1497.76 844.243
1499.72 843.173
1501.79 842.313
1503.9 841.534
1506.06 840.898
1508.18 840.055
1510.29 839.218
1512.11 837.755
1514.19 836.716
1516.08 835.402
1517.68 833.732
1519.23 831.963
1520.92 830.439
1522.38 828.733
1523.67 826.912
1524.71 824.954
1525.55 822.912
1526.01 820.756
1526.16 818.564
1525.85 816.383
1525.34 814.256
1524.72 812.182
1524.7 810.083
1525.14 808.043
1525.55 806.025
1526.98 804.595
1528.69 803.503
1530.54 802.66
1532.3 801.655
1533.77 800.168
1535.62 799.236
1537.2 797.818
1538.91 796.637
1540.69 795.521
1542.49 794.41
1544.35 793.395
1546.32 792.571
1548.28 791.667
1550.22 790.671
1552.15 789.609
1554.22 788.838
1556.23 787.921
1558.01 786.581
1559.8 785.19
1561.37 783.517
1562.39 781.466
1563.49 779.461
1564.61 777.47
1565.54 775.379
1566.57 773.323
1567.93 771.456
1569.06 769.485
1569.9 767.358
1570.97 765.335
1572.06 763.339
1572.84 761.239
1573.5 759.114
1573.79 756.935
1573.84 754.747
1573.66 752.588
1573.26 750.471
1572.95 748.36
1572.73 746.251
1572.7 744.15
1573.11 742.078
1573.69 740.061
1574.63 738.173
1575.29 736.165
1575.94 734.19
1577.39 732.564
1578.12 730.608
1578.46 728.531
1578.86 726.461
1579.5 724.443
1580.14 722.423
1580.53 720.363
1580.83 718.306
1581.02 716.234
1581.19 714.155
1581.49 712.08
1582.03 710.07
1582.71 708.1
1583.3 706.114
1583.57 704.053
1583.99 702.037
1584.65 700.063
1585.13 698.048
1585.58 696.033
1586.33 694.105
1587.1 692.192
1588.03 690.324
1588.81 688.394
1589.55 686.449
1590.01 684.429
1590.49 682.38
1591.07 680.346
1591.86 678.399
1593.45 676.903
1594.75 675.199
1596.16 673.576
1597.51 671.864
1599.55 671.049
1601.3 669.64
1603.34 668.811
1605.41 667.998
1607.33 666.808
1609.36 665.886
1611.57 665.426
1613.7 664.623
1615.7 663.482
1617.48 661.98
1619.08 660.354
1620.43 658.503
1621.28 656.384
1622.06 654.234
1623.05 652.164
1623.45 649.913
1623.7 647.648
1624.02 645.408
1624.66 643.247
1625.16 641.074
1625.46 638.875
1625.69 636.665
1626.32 634.577
1627.78 632.885
1629.24 631.183
1630.21 629.131
1631.42 627.216
1632.59 625.275
1633.68 623.27
1634.64 621.179
1635.58 619.069
1636.35 616.898
1636.69 614.622
1636.75 612.301
1636.71 609.968
1636.59 607.632
1636.37 605.29
1636.09 602.951
1635.66 600.629
1635.1 598.333
1634.62 596.029
1634.21 593.707
1633.62 591.437
1632.98 589.194
1631.88 587.126
1630.56 585.176
1629.52 583.086
1628.64 580.923
1627.33 579.022
1625.84 577.299
1624.15 575.758
1621.98 575.006
1620.36 573.408
1618.51 572.221
1616.62 571.119
1614.56 570.472
1612.52 569.859
1610.66 568.883
1608.96 567.599
1607.03 566.761
1605.48 565.338
1604.63 563.429
1604.44 561.327
1604.66 559.205
1604.97 557.091
1605.21 554.935
1605.51 552.757
1606.03 550.586
1606.41 548.37
1606.29 546.113
1605.82 543.876
1605.31 541.638
1604.68 539.446
1603.52 537.477
1602.21 535.568
1600.82 533.712
1599.02 532.251
1597.13 530.862
1595.31 529.432
1593.65 527.761
1591.58 526.666
1589.77 525.206
1587.94 523.841
1586.09 522.532
1584.1 521.426
1582.85 519.562
1581.41 517.816
1580.1 516.032
1578.86 514.173
1577.96 512.164
1577.44 510.017
1577.24 507.808
1576.85 505.644
1575.87 503.64
1575.27 501.492
1573.71 499.919
1572.18 498.351
1570.57 496.863
1569.01 495.297
1567.44 493.681
1565.68 492.307
1564.24 490.64
1562.75 489.023
1561.36 487.306
1559.79 485.725
1557.8 484.823
1555.7 484.252
1553.66 483.493
1551.7 482.541
1550.09 481.159
1549.29 479.202
1548.81 477.142
1548.28 475.097
1547.39 473.185
1546.43 471.299
1545.87 469.281
1545.49 467.213
1544.6 465.321
1543.55 463.503
1542.78 461.565
1542.3 459.531
1541.87 457.511
1541.41 455.508
1540.83 453.526
1540.21 451.562
1539.3 449.708
1538.37 447.871
1537.54 446.006
1536.95 444.072
1536.14 442.203
1535.09 440.448
1533.87 438.788
1533.55 436.774
1533.46 434.735
1533.42 432.698
1533.25 430.663
1533.13 428.617
1533.06 426.576
1533.01 424.543
1532.9 422.505
1532.8 420.452
1532.68 418.388
1532.58 416.311
1532.46 414.234
1532.3 412.151
1532.05 410.07
1531.74 407.992
1531.33 405.924
1530.86 403.866
1530.46 401.802
1529.92 399.777
1529.4 397.787
1528.99 395.757
1528.24 393.796
1527.7 391.764
1527.32 389.699
1526.73 387.681
1526.09 385.671
1525.64 383.615
1525.25 381.554
1525.02 379.465
1524.76 377.383
1524.31 375.333
1523.58 373.338
1522.77 371.361
1522.14 369.337
1521.41 367.344
1520.55 365.389
1519.37 363.596
1518.22 361.777
1517.53 359.763
1516.88 357.724
1516.2 355.694
1515.3 353.727
1514.49 351.72
1513.95 349.632
1513.76 347.48
1513.52 345.329
1512.9 343.246
1512.01 341.229
1511.13 339.229
1510.09 337.287
1509.36 335.226
1508.59 333.156
1507.61 331.181
1506.48 329.284
1505.37 327.371
1503.86 325.692
1502.98 323.66
1501.48 321.971
1500.57 319.956
1499.47 318.079
1498.21 316.335
1496.83 314.666
1495.27 313.125
1493.75 311.526
1492.71 309.605
1491.65 307.7
1490.63 305.776
1489.84 303.774
1489.37 301.673
1489.12 299.521
1488.64 297.41
1487.75 295.401
1487.09 293.277
1485.82 291.385
1485.32 289.234
1484.79 287.063
1484.01 284.942
1482.87 282.939
1481.89 280.871
1480.59 278.959
1479.41 276.917
1477.81 275.109
1476.83 272.973
1476.05 270.708
1475.04 268.51
1473.8 266.437
1472.19 264.578
1471.25 262.33
1469.66 260.474
1468.26 258.513
1466.74 256.628
1465.19 254.762
1463.59 252.85
1461.97 250.962
1460.64 248.893
1459.24 246.849
1457.7 244.873
1455.63 243.438
1453.54 242.023
1451.89 240.099
1449.89 238.637
1447.84 237.181
1445.77 235.792
1443.78 234.335
1441.68 233.025
1439.72 231.455
1437.88 229.747
1435.81 228.423
1433.71 227.131
1431.57 225.956
1429.3 225.118
1427 224.377
1424.67 223.731
1422.41 223.001
1420.48 221.476
1418.31 220.455
1416.14 219.452
1413.97 218.494
1411.72 217.839
1409.49 217.078
1407.6 215.597
1405.56 214.402
1403.67 212.995
1401.76 211.65
1399.72 210.457
1397.73 209.218
1396.3 207.358
1394.95 205.39
1393.34 203.679
1391.42 202.257
1389.5 200.811
1387.94 199.009
1386.65 196.897
1385.17 194.945
1383.39 193.221
1381.64 191.418
1380.36 189.242
1378.81 187.282
1377.12 185.436
1375.37 183.583
1373.56 181.781
1371.9 179.89
1370.28 177.946
1368.76 175.909
1367.26 173.881
1365.47 172.069
1364.03 170.002
1362.68 167.836
1361.25 165.768
1359.47 163.955
1357.73 162.089
1356.57 159.836
1355.33 157.635
1353.83 155.64
1352 153.866
1350.85 151.616
1349.26 149.65
1347.64 147.752
1345.91 145.944
1343.93 144.365
1342.11 142.71
1340.73 140.661
1339.28 138.675
1337.62 136.87
1335.72 135.24
1334.1 133.313
1332.35 131.569
1330.52 129.897
1329 127.927
1327.21 126.236
1325.2 124.764
1323.28 123.213
1321.43 121.599
1319.64 119.861
1317.8 118.244
1316.01 116.644
1314.16 115.119
1312.19 113.765
1310.29 112.353
1308.23 111.231
1306.56 109.524
1304.66 108.196
1302.71 106.919
1300.69 105.781
1298.91 104.28
1296.96 103.097
1295.3 101.462
1293.36 100.211
1291.48 98.8956
1289.43 97.8996
1287.39 96.8778
1285.52 95.5054
1283.57 94.3011
1281.53 93.2781
1279.46 92.2607
1277.59 90.9022
1275.8 89.4915
1274.17 87.8274
1271.93 87.1777
1270.07 85.8344
1268.17 84.6409
1266.23 83.4907
1264.25 82.4127
1262.31 81.2793
1260.45 80.0213
1258.41 79.112
1256.51 77.9135
1254.51 76.923
1252.52 75.8936
1250.6 74.7582
1248.56 73.8796
1246.48 73.0714
1244.44 72.1876
1242.29 71.6438
1240.1 71.1649
1238.08 70.2436
1236.15 69.1701
1234.1 68.3526
1232.09 67.4527
1230.26 66.1824
1228.31 65.1833
1226.26 64.4161
1224.16 63.7495
1222.05 63.1649
1220.03 62.2706
1218.02 61.3455
1215.87 60.8688
1213.73 60.4284
1211.87 59.2476
1210.07 58.0113
1208.1 57.0631
1206.29 55.786
1204.17 55.3013
1202.07 54.6738
1200.08 53.7205
1198.03 52.921
1196.13 51.8457
1194.2 50.8185
1192.09 50.412
1189.88 50.3796
1187.87 49.5761
1185.88 48.7187
1183.96 47.7089
1181.88 47.1561
1179.9 46.2532
1177.95 45.28
1175.9 44.5758
1173.83 43.8906
1171.88 42.9449
1169.87 42.2013
1167.83 41.5671
1165.74 41.1517
1163.61 41.0406
1161.48 41.1074
1159.34 41.1006
1157.23 40.6909
1155.3 39.7222
1153.35 38.7922
1151.22 38.6746
1149.06 38.9234
1146.91 38.9628
1144.75 38.8537
1142.62 38.4782
1140.48 38.2305
1138.34 38.0143
1136.21 37.8806
1134.1 38.1003
1132.09 38.8679
1130.01 39.1303
1127.92 39.0318
1125.84 38.7996
1123.76 38.7688
1121.72 38.4425
1119.72 37.8944
1117.67 37.8705
1115.61 38.0112
1113.54 38.1094
1111.45 37.9412
1109.36 37.8849
1107.28 38.0964
1105.23 38.6389
1103.25 39.3826
1101.33 40.2869
1099.46 41.3147
1097.71 42.5966
1095.74 43.4902
1093.59 43.7835
1091.41 43.7513
1089.34 43.1419
1087.57 41.7823
1085.61 40.9639
1083.52 40.6161
1081.41 40.8018
1079.33 41.2131
1077.22 41.4539
1075.12 41.5615
1073.04 41.6808
1071 42.0429
1068.93 42.3651
1066.85 42.7244
1064.83 43.3145
1062.85 44.0214
1060.82 44.4383
1058.77 44.7513
1056.76 45.1331
1054.79 45.6818
1052.85 46.2884
1051.04 47.2051
1049.17 47.9497
1047.24 48.5517
1045.24 48.7905
1043.22 48.9056
1041.22 49.0733
1039.22 49.3141
1037.2 49.5089
1035.18 49.5852
1033.16 49.6748
1031.15 49.9667
1029.11 50.2403
1027.06 50.521
1025.03 50.9538
1023.06 51.6699
1021.04 52.2254
1018.97 52.5975
1016.92 52.979
1014.9 53.5564
1012.86 54.0143
1010.85 54.649
1008.86 55.3255
1006.94 56.2392
1004.88 56.7838
1002.78 57.0581
1000.67 57.2907
998.585 57.6952
996.465 57.9547
994.327 58.1138
992.173 58.2336
990.04 58.5201
987.967 59.1051
985.953 59.9316
983.938 60.768
981.964 61.6479
979.901 62.262
977.797 62.8207
975.754 63.5659
973.82 64.5943
971.704 65.0729
969.526 65.2725
967.412 65.7891
965.399 66.6686
963.436 67.6996
961.396 68.5628
959.315 69.3385
957.173 69.9769
955.166 70.9865
953.258 72.2504
951.216 73.2578
949.022 73.9103
946.802 74.5087
944.672 75.3801
942.59 76.3892
940.588 77.5324
938.968 79.2562
937.079 80.574
935.082 81.7747
932.974 82.8332
931.05 84.1981
929.133 85.5403
927.388 87.1847
925.351 88.4114
923.724 90.1386
922.038 91.7847
920.235 93.321
919.132 95.4208
917.462 97.1058
916.185 99.0131
915.096 101.034
914.432 103.209
914.047 105.414
913.871 107.633
913.706 109.837
913.177 111.947
912.343 113.951
911.55 115.932
911.026 117.978
910.468 119.989
909.975 121.991
909.79 124.02
909.511 126.005
908.639 127.79
907.314 129.281
905.601 130.267
903.717 130.938
901.812 131.585
899.89 132.158
897.924 132.578
895.977 133.097
894.031 133.644
892.037 134.03
890.037 134.514
888.17 135.38
886.525 136.678
884.604 137.396
882.525 137.571
880.452 137.773
878.399 138.169
876.382 138.701
874.439 139.512
872.568 140.483
870.701 141.456
868.721 142.159
866.752 142.911
864.686 143.34
862.713 144.048
860.699 144.721
858.628 145.105
856.551 145.406
854.532 145.987
852.486 146.55
850.45 147.186
848.43 147.9
846.339 148.398
844.24 148.835
842.267 149.641
840.586 151.1
838.509 151.576
836.42 152.04
834.417 152.786
832.342 153.292
830.296 153.885
828.239 154.427
826.218 155.128
824.29 156.077
822.375 157.004
820.338 157.584
818.375 158.434
816.456 159.413
814.499 160.245
812.425 160.812
810.312 161.152
808.192 161.462
806.146 162.084
804.112 162.692
802.148 163.532
800.2 164.389
798.192 165.022
796.115 165.271
794.074 165.648
792.365 166.884
790.513 167.742
788.596 168.492
786.602 168.92
784.583 169.209
782.594 169.652
780.59 170.098
778.595 170.64
776.715 171.523
774.888 172.562
772.929 173.288
770.902 173.888
769.114 175.105
767.098 175.749
765.06 176.379
762.958 176.758
760.908 177.247
758.874 177.803
756.826 178.37
754.816 179.088
752.926 180.116
750.929 180.889
748.811 181.233
746.686 181.563
744.738 182.485
742.825 183.49
740.768 184.209
738.696 184.84
736.646 185.436
734.627 186.192
732.615 186.989
730.676 188.003
728.66 188.801
726.658 189.638
724.579 190.289
722.455 190.823
720.304 191.268
718.194 191.794
716.357 193.109
714.255 193.699
712.156 194.322
710.189 195.308
708.3 196.428
706.356 197.472
704.59 198.849
702.562 199.654
700.511 200.468
698.388 201.077
696.264 201.649
694.308 202.701
692.382 203.806
690.382 204.762
688.414 205.776
686.634 207.192
684.463 207.858
682.927 209.535
681.275 211.019
679.423 212.289
677.298 213.046
675.216 213.804
673.379 215.137
671.242 215.866
669.389 217.218
667.375 218.192
665.482 219.338
663.676 220.663
661.639 221.524
659.558 222.197
657.778 223.457
656.118 224.929
654.135 225.799
652.118 226.556
650.228 227.586
648.357 228.632
646.42 229.526
644.437 230.301
642.634 231.442
640.909 232.71
638.987 233.612
636.957 234.323
635.034 235.272
633.216 236.402
631.307 237.376
629.343 238.233
627.492 239.333
625.606 240.365
623.657 241.291
621.62 242.015
619.605 242.765
617.741 243.864
615.831 244.897
613.949 245.972
612.178 247.227
610.214 248.143
608.33 249.257
606.366 250.186
604.399 251.114
602.489 252.202
600.533 253.194
598.684 254.399
596.734 255.484
594.76 256.53
592.802 257.596
590.852 258.735
588.947 259.979
587.152 261.351
585.586 263.047
583.454 263.907
581.688 265.406
579.803 266.666
577.956 268.013
575.997 269.213
574.442 270.924
572.344 271.875
570.75 273.536
569.059 275.04
567.129 276.317
565.077 277.457
563.485 279.234
561.503 280.413
559.51 281.625
557.495 282.804
555.602 284.156
553.675 285.449
551.945 287.057
549.932 288.128
548.282 289.711
546.494 291.084
544.794 292.55
543.034 293.96
541.151 295.345
539.053 296.327
537.121 297.595
535.231 298.988
533.296 300.315
531.401 301.663
529.656 303.277
527.439 304.164
525.566 305.669
523.577 306.953
521.653 308.371
519.623 309.673
517.896 311.371
516.211 313.07
514.277 314.443
512.351 315.858
510.604 317.486
508.939 319.257
507.19 320.903
505.341 322.392
503.354 323.748
501.365 325.13
499.716 326.957
497.481 327.876
495.649 329.48
493.768 330.977
492.141 332.71
490.518 334.462
488.648 335.94
487.129 337.857
485.188 339.377
483.435 341.076
481.879 343
479.771 344.246
478.126 346.033
476.435 347.732
474.752 349.439
473.29 351.368
471.542 353.034
469.664 354.519
467.956 356.169
466.234 357.807
464.578 359.556
462.914 361.31
460.768 362.484
458.788 363.898
456.936 365.482
455.117 367.173
452.717 367.954
450.945 369.735
449.105 371.412
447.237 373.108
445.469 374.969
443.517 376.544
441.637 378.187
439.591 379.646
437.69 381.251
436.193 383.26
434.491 385.041
432.552 386.509
430.549 387.919
428.632 389.418
427.097 391.344
425.543 393.232
423.508 394.59
421.623 396.119
419.993 397.872
418.475 399.771
417.162 401.862
415.373 403.554
413.521 405.2
412.225 407.287
410.932 409.364
409.528 411.323
407.814 413.084
407.016 415.407
405.343 417.199
403.851 419.073
402.473 421.05
401.346 423.193
399.721 425.009
398.329 426.923
397.204 428.993
396.155 431.132
394.718 433.002
393.276 434.81
391.629 436.509
390.497 438.55
389.198 440.503
387.951 442.481
386.585 444.385
385.254 446.306
383.429 447.835
381.771 449.601
379.958 451.159
378.028 452.613
376.433 454.369
375.277 456.436
373.867 458.419
373.132 460.697
372.309 462.954
370.946 464.908
369.419 466.693
367.728 468.371
366.74 470.527
365.106 472.236
363.611 474.051
362.053 475.81
360.42 477.513
359.126 479.504
357.453 481.244
356.099 483.181
354.815 485.181
353.776 487.319
352.623 489.373
351.247 491.284
350.018 493.278
349.154 495.448
348.096 497.541
346.834 499.523
345.782 501.601
344.618 503.635
343.447 505.662
341.729 507.299
340.468 509.221
339.46 511.314
338.311 513.334
337.169 515.319
335.947 517.27
335.17 519.431
333.88 521.362
333.079 523.49
331.908 525.425
330.51 527.255
329.638 529.342
329.024 531.497
328.226 533.588
327.143 535.561
325.559 537.242
324.657 539.288
323.904 541.409
322.999 543.473
322.365 545.602
321.964 547.781
321.393 549.905
320.195 551.801
319.429 553.898
318.505 555.901
317.655 557.904
316.923 559.948
316.058 561.948
315.019 563.872
314.191 565.858
313.458 567.88
312.807 569.92
312.056 571.934
311.571 574.034
311.011 576.099
309.718 577.908
309.308 580.005
309.123 582.146
308.632 584.236
307.978 586.286
307.047 588.24
306.361 590.251
305.872 592.317
305.659 594.42
305.524 596.525
305.367 598.634
305.027 600.698
304.545 602.747
303.852 604.741
303.196 606.74
302.493 608.702
301.941 610.703
301.716 612.752
301.489 614.794
301.039 616.807
300.72 618.849
300.451 620.904
300.152 622.966
299.723 625.002
299.263 627.036
298.906 629.084
298.687 631.153
298.534 633.226
298.382 635.3
298.165 637.371
297.688 639.408
297.342 641.453
297.241 643.532
297.175 645.623
297.14 647.723
297.076 649.828
296.873 651.933
296.66 654.045
296.756 656.151
297.349 658.165
298.661 659.941
298.757 661.929
297.205 663.389
295.541 664.775
294.649 666.701
294.022 668.736
293.812 670.84
293.782 672.955
293.767 675.056
293.567 677.122
293.283 679.161
292.9 681.185
292.568 683.218
292.217 685.247
291.898 687.286
291.571 689.324
291.211 691.354
290.956 693.394
290.945 695.445
291.077 697.502
291.149 699.56
291.115 701.617
290.965 703.668
290.841 705.717
290.821 707.765
290.83 709.813
290.754 711.855
290.65 713.888
290.59 715.917
290.539 717.943
290.451 719.965
290.355 721.985
290.253 723.997
290.203 726.002
290.219 728.002
290.179 730.01
290.071 732.009
289.984 734
289.978 735.987
289.956 737.978
289.942 739.959
289.991 741.934
290.035 743.902
290.064 745.861
290.069 747.82
290.062 749.782
290.032 751.747
290.009 753.722
289.948 755.706
289.909 757.699
289.916 759.702
289.928 761.701
289.931 763.706
289.882 765.714
289.688 767.721
289.574 769.73
289.561 771.746
289.567 773.766
289.576 775.79
289.569 777.82
289.581 779.854
289.578 781.889
289.582 783.927
289.578 785.954
289.571 787.98
289.569 790.008
289.584 792.04
289.593 794.073
289.594 796.108
289.546 798.143
289.341 800.172
289.237 802.209
289.189 804.252
289.154 806.3
289.148 808.35
289.182 810.398
289.227 812.443
289.301 814.482
289.464 816.524
289.534 818.574
289.588 820.617
289.703 822.652
289.992 824.669
290.254 826.694
290.58 828.704
291.168 830.656
292.021 832.51
292.408 834.499
292.597 836.52
292.788 838.543
293.132 840.538
293.268 842.546
293.29 844.565
293.291 846.587
293.283 848.606
293.279 850.617
293.241 852.615
293.18 854.598
293.101 856.572
293.237 858.55
293.157 860.526
292.754 862.479
292.406 864.458
292.286 866.485
292.326 868.537
292.433 870.605
292.613 872.686
292.815 874.778
292.982 876.883
293.241 878.99
293.645 881.075
293.806 883.185
294.036 885.282
294.734 887.258
295.873 889.029
297.037 890.781
297.84 892.691
297.889 894.786
297.663 896.877
297.615 898.996
297.732 901.137
298.076 903.261
298.709 905.335
299.567 907.342
300.41 909.356
301.163 911.394
301.707 913.481
302.207 915.575
302.827 917.647
303.531 919.679
304.237 921.708
304.748 923.793
305.217 925.864
305.885 927.868
306.783 929.795
307.929 931.616
308.757 933.582
309.405 935.63
310.04 937.682
310.885 939.678
311.642 941.732
312.863 943.584
313.787 945.572
314.426 947.681
315.277 949.714
316.362 951.665
317.13 953.753
317.889 955.818
319.359 957.534
320.532 959.434
321.734 961.338
322.555 963.422
323.468 965.473
324.488 967.484
325.216 969.595
325.822 971.748
327.138 973.616
328.098 975.665
329.481 977.529
330.349 979.645
331.287 981.728
332.414 983.741
333.174 985.918
333.962 988.059
335.527 989.784
337.005 991.582
338.107 993.622
339.218 995.635
340.406 997.605
341.527 999.619
343.098 1001.37
344.041 1003.46
345.568 1005.23
346.5 1007.32
347.516 1009.38
348.682 1011.33
349.837 1013.29
351.291 1015.12
352.174 1017.23
353.645 1019
354.838 1020.93
355.985 1022.93
357.092 1024.92
358.672 1026.6
359.686 1028.6
360.838 1030.54
361.94 1032.51
362.974 1034.52
364.212 1036.43
365.457 1038.33
367.1 1039.98
367.913 1042.18
369.494 1043.93
370.649 1045.91
371.664 1048.01
372.534 1050.2
373.624 1052.25
375.332 1053.89
376.87 1055.66
378.132 1057.63
379.53 1059.45
381.054 1061.15
382.718 1062.72
384.477 1064.07
385.748 1065.91
386.652 1067.94
387.738 1069.87
388.52 1071.94
389.163 1074.09
390.279 1076.02
391.507 1077.88
392.868 1079.66
393.96 1081.59
394.983 1083.53
396.197 1085.37
397.171 1087.33
398.085 1089.29
399.246 1091.12
400.449 1092.93
401.452 1094.84
402.309 1096.82
403.321 1098.69
404.404 1100.53
405.319 1102.44
406.147 1104.4
407.194 1106.24
408.415 1108
409.109 1109.99
409.085 1112.12
409.016 1114.23
409.079 1116.33
409.355 1118.41
410.004 1120.41
410.656 1122.42
411.485 1124.38
412.357 1126.32
413.055 1128.36
414.002 1130.29
415.052 1132.22
415.308 1134.36
415.497 1136.5
416.244 1138.51
417.092 1140.49
417.986 1142.44
418.575 1144.5
418.353 1146.64
418.064 1148.8
418.17 1150.97
418.727 1153.08
419.598 1155.12
420.471 1157.16
421.351 1159.18
422.474 1161.05
423.813 1162.8
424.714 1164.77
425.288 1166.87
425.855 1168.97
426.361 1171.08
427.082 1173.16
428.136 1175.12
428.995 1177.16
429.596 1179.28
430.479 1181.31
431.346 1183.36
432.126 1185.43
432.683 1187.58
433.248 1189.72
433.995 1191.81
434.989 1193.82
436.168 1195.73
437.385 1197.6
438.762 1199.4
439.584 1201.53
441.132 1203.2
442.207 1205.14
443.046 1207.24
444.304 1209.12
445.482 1211.02
446.538 1213.01
447.5 1215.08
449.039 1216.78
449.987 1218.8
450.751 1220.93
451.694 1223.01
452.649 1225.07
453.777 1227.03
455.319 1228.8
456.213 1230.96
457.576 1232.89
458.679 1234.96
459.94 1236.98
461.099 1239.08
462.606 1240.94
463.761 1243.03
465.412 1244.83
466.583 1246.93
467.709 1249.08
468.89 1251.18
470.25 1253.19
471.623 1255.22
473.358 1256.98
474.971 1258.79
476.564 1260.65
478.041 1262.62
479.8 1264.35
481.637 1266.09
483.401 1267.88
485.286 1269.54
487.113 1271.29
488.144 1273.6
489.852 1275.45
491.311 1277.46
492.624 1279.61
493.894 1281.78
495.679 1283.56
497.689 1285.15
499.25 1287.18
501.017 1288.99
503.157 1290.34
505.062 1291.93
506.767 1293.68
508.35 1295.58
509.855 1297.55
511.621 1299.3
513.421 1301.05
514.657 1303.23
516.236 1305.09
518.3 1306.34
520.476 1307.43
522.509 1308.72
524.385 1310.2
526.016 1311.95
527.462 1313.95
529.148 1315.72
530.686 1317.56
532.146 1319.5
533.591 1321.45
535.573 1322.85
537.632 1324.15
539.552 1325.59
541.237 1327.35
543.285 1328.66
545.126 1330.2
546.866 1331.83
548.902 1333.07
551.087 1334.1
552.964 1335.62
554.738 1337.29
556.781 1338.53
558.818 1339.78
560.754 1341.13
562.441 1342.8
564.261 1344.28
565.862 1346.04
567.929 1347.18
570.025 1348.29
572.039 1349.46
573.767 1351.09
575.93 1351.97
577.905 1353.32
579.948 1354.51
581.969 1355.7
584.071 1356.72
586.092 1357.86
587.889 1359.38
589.808 1360.69
591.765 1361.98
593.887 1362.98
595.946 1364.1
598.101 1364.93
600.25 1365.73
602.446 1366.37
604.596 1367.13
606.469 1368.44
608.186 1369.93
609.974 1371.34
611.726 1372.8
613.479 1374.25
615.29 1375.68
616.96 1377.3
618.881 1378.52
620.857 1379.68
622.877 1380.75
624.967 1381.66
627.142 1382.28
629.365 1382.76
631.49 1383.57
633.552 1384.51
635.626 1385.4
637.782 1386.02
639.753 1387.11
641.685 1388.28
643.701 1389.28
645.582 1390.54
647.523 1391.69
649.2 1393.24
651.134 1394.34
653.14 1395.3
655.148 1396.22
657.264 1396.75
659.419 1397.02
661.557 1397.34
663.672 1397.77
665.784 1398.21
667.728 1399.09
669.473 1400.32
671.309 1401.41
673.252 1402.33
675.144 1403.33
677.046 1404.33
679.039 1405.12
681.05 1405.85
683.035 1406.63
685.066 1407.33
687.189 1407.78
689.162 1408.65
691.011 1409.79
692.984 1410.7
694.889 1411.74
696.756 1412.81
698.81 1413.27
700.928 1413.4
703.027 1413.56
705.097 1413.83
707.153 1414.16
709.152 1414.76
711.104 1415.53
713.087 1416.19
714.799 1417.45
716.733 1418.2
718.706 1418.83
720.64 1419.57
722.581 1420.26
724.583 1420.75
726.583 1421.25
728.557 1421.87
730.512 1422.53
732.557 1422.98
734.593 1423.55
736.689 1423.76
738.714 1424.31
740.416 1425.63
742.206 1426.79
744.087 1427.83
746.118 1428.5
748.231 1428.91
750.367 1429.22
752.506 1429.17
754.355 1427.82
756.398 1427.2
758.244 1428.23
759.604 1429.99
761.265 1431.34
763.388 1431.75
765.573 1431.97
767.594 1432.82
769.596 1433.62
771.667 1434.15
773.757 1434.53
775.837 1434.92
777.906 1435.39
779.948 1435.96
782.017 1436.37
784.115 1436.52
786.22 1436.68
788.303 1436.95
790.383 1437.33
792.45 1437.8
794.546 1437.91
796.596 1437.5
798.493 1436.53
800.486 1436.1
802.348 1437.02
804.145 1438.01
805.984 1438.92
807.924 1439.58
809.992 1439.89
811.959 1440.63
813.943 1441.3
815.999 1441.6
818.044 1441.85
820.072 1442.16
822.092 1442.51
824.088 1442.98
826.04 1443.65
828.019 1444.26
830.033 1444.71
832.037 1445.2
834.105 1445.38
836.181 1445.42
838.255 1445.52
840.319 1445.78
842.394 1445.91
844.472 1445.94
846.544 1445.9
848.597 1445.74
850.647 1445.51
852.705 1445.62
854.732 1446.02
856.751 1446.49
858.801 1446.77
860.865 1446.88
862.919 1446.74
864.906 1446.26
866.836 1445.58
868.816 1445.3
870.708 1445.95
872.482 1446.96
874.294 1447.91
876.251 1448.52
878.299 1448.7
880.368 1448.61
882.427 1448.65
884.464 1448.99
886.498 1449.16
888.535 1448.77
890.604 1448.64
892.595 1449.4
894.661 1449.67
896.758 1449.5
898.846 1449.14
900.913 1448.62
903.003 1448.69
905.042 1449.35
907.13 1449.42
909.165 1448.84
911.173 1448.1
913.259 1448.03
915.296 1448.6
917.298 1449.21
919.348 1449.34
921.375 1449.11
923.368 1448.73
925.283 1448.05
927.213 1447.39
929.232 1447.34
931.258 1447.35
933.287 1447.32
935.319 1447.37
937.345 1447.28
939.359 1446.95
941.389 1446.67
943.431 1446.77
945.399 1447.32
947.286 1448.13
949.135 1449.05
951.161 1449.34
953.204 1449.35

670

925.535 1252.29
923.48 1252.26
921.423 1252.21
919.377 1252.01
917.387 1251.45
915.438 1250.69
913.457 1250.02
911.473 1249.32
909.629 1248.21
907.623 1248.01
905.836 1249.29
903.857 1249.98
901.779 1250.25
899.669 1250.34
897.552 1250.16
895.559 1249.4
893.815 1248.05
891.889 1247.07
889.771 1247.06
887.835 1247.96
886.177 1249.38
884.191 1249.95
882.115 1249.99
880.061 1249.73
878.023 1249.34
875.962 1249.24
873.899 1249.2
871.836 1249.21
869.787 1249.22
867.735 1249.1
865.675 1249.12
863.617 1249.2
861.565 1249.25
859.52 1249.22
857.477 1249.14
855.426 1249.03
853.395 1248.72
851.374 1248.3
849.386 1247.7
847.357 1247.31
845.291 1247.11
843.275 1246.66
841.269 1246.15
839.221 1245.89
837.172 1245.73
835.127 1245.65
833.079 1245.63
831.045 1245.3
829.002 1244.97
826.934 1244.82
824.862 1244.73
822.792 1244.56
820.731 1244.21
818.733 1243.56
816.722 1242.94
814.659 1242.58
812.57 1242.31
810.528 1241.87
808.497 1241.32
806.482 1240.7
804.483 1240.03
802.545 1239.24
800.697 1238.19
798.757 1237.39
796.653 1237.05
794.515 1236.88
792.387 1236.68
790.254 1236.41
788.163 1235.92
786.125 1235.18
784.118 1234.35
782.208 1233.36
780.346 1232.31
778.417 1231.38
776.389 1230.63
774.264 1230.28
772.128 1230
770.007 1229.75
767.905 1229.33
765.977 1228.37
764.005 1227.49
761.96 1226.75
759.897 1226.03
758.022 1224.96
756.286 1223.63
754.359 1222.62
752.336 1221.8
750.219 1221.19
748.095 1220.6
745.959 1219.95
743.831 1219.2
741.624 1218.67
739.377 1218.25
737.197 1217.53
735.194 1216.26
732.892 1215.72
730.569 1215.17
728.393 1214.15
726.351 1212.93
724.618 1211.32
724.028 1209.05
724.645 1206.57
725.173 1204.02
725.658 1201.51
727.154 1199.58
729.111 1198.15
731.415 1197.48
733.774 1197.08
735.998 1196.27
738.146 1195.31
740.339 1194.54
742.534 1193.89
744.681 1193.19
746.818 1192.55
748.921 1191.85
751.043 1191.21
753.053 1190.35
755.154 1189.92
757.284 1189.71
759.383 1189.35
761.443 1188.83
763.532 1188.56
765.62 1188.37
767.704 1188.24
769.783 1188.06
771.817 1187.66
773.819 1187.11
775.826 1186.57
777.878 1186.27
779.937 1186.08
781.996 1185.85
784.032 1185.47
786.072 1185.13
788.01 1184.41
789.952 1183.73
791.987 1183.4
793.984 1182.86
795.752 1181.69
797.761 1181.3
799.799 1181.05
801.822 1180.7
803.824 1180.18
805.664 1179.23
807.422 1178.11
809.316 1177.31
811.301 1176.77
813.325 1176.28
815.318 1175.65
817.316 1175.07
818.829 1173.55
820.535 1172.34
822.171 1171.04
823.894 1169.83
825.897 1169.06
827.732 1167.96
829.703 1167.16
831.674 1166.3
833.577 1165.27
835.552 1164.43
837.519 1163.55
839.391 1162.45
841.284 1161.42
843.344 1160.83
845.459 1160.3
847.448 1159.4
849.303 1158.21
851.356 1157.51
853.502 1157.11
855.518 1156.3
857.294 1155.01
859.177 1154.01
861.277 1153.5
863.433 1153.12
865.393 1152.23
867.163 1150.93
869.111 1150.05
871.169 1149.48
873.14 1148.7
875.017 1147.76
876.851 1146.7
878.765 1145.81
880.668 1144.9
882.49 1143.83
884.422 1143
886.117 1141.75
887.818 1140.5
889.576 1139.31
891.439 1138.33
893.42 1137.54
895.294 1136.46
897.239 1135.59
899.336 1135.07
900.77 1133.39
902.431 1132.02
904.092 1130.62
905.979 1129.52
907.684 1128.14
909.608 1127.14
911.429 1125.91
913.391 1124.97
915.338 1124.01
917.163 1122.81
919.123 1121.82
921.008 1120.74
922.836 1119.59
924.631 1118.34
926.463 1117.19
928.503 1116.48
930.518 1115.7
932.474 1114.76
934.465 1113.91
936.406 1112.95
938.301 1111.86
940.335 1111.06
942.269 1110.07
944.07 1108.84
945.856 1107.57
947.704 1106.4
949.625 1105.32
951.339 1103.84
953.391 1102.91
955.079 1101.39
956.998 1100.24
959.021 1099.25
961.141 1098.46
963.134 1097.47
964.805 1095.89
966.845 1094.89
968.576 1093.43
970.406 1092.12
972.164 1090.71
973.918 1089.32
975.712 1087.88
977.902 1087.09
979.585 1085.45
981.493 1084.18
983.489 1082.99
985.646 1082.13
987.678 1081.06
989.437 1079.49
991.295 1078.04
993.195 1076.69
995.007 1075.26
996.993 1074.1
999.1 1073.11
1000.81 1071.52
1002.48 1069.9
1004.4 1068.64
1006.35 1067.47
1008.43 1066.55
1010.63 1065.95
1012.77 1065.18
1014.62 1063.74
1016.85 1063.19
1018.74 1061.95
1020.65 1060.78
1022.49 1059.53
1024.14 1057.99
1026.24 1057.2
1028.27 1056.32
1030.15 1055.12
1031.94 1053.72
1034.02 1052.8
1036.03 1051.77
1037.9 1050.49
1039.86 1049.31
1041.89 1048.19
1043.8 1046.88
1045.45 1045.18
1047.48 1043.99
1049.47 1042.71
1051.29 1041.24
1052.9 1039.48
1054.64 1037.84
1056.51 1036.41
1058.48 1035.06
1060.35 1033.6
1061.86 1031.69
1063.68 1030.08
1065.53 1028.53
1067.02 1026.6
1068.9 1025.11
1070.84 1023.63
1072.91 1022.37
1074.69 1020.76
1076.57 1019.28
1078.54 1017.93
1080.02 1016.05
1081.76 1014.43
1083.13 1012.52
1084.54 1010.64
1085.94 1008.76
1087.6 1007.04
1089.25 1005.26
1090.67 1003.34
1092.13 1001.48
1093.39 999.463
1094.64 997.455
1095.91 995.486
1097.66 993.842
1098.84 991.791
1100.05 989.756
1100.98 987.63
1101.73 985.452
1103.06 983.54
1104.03 981.468
1105.33 979.567
1106.3 977.502
1107.6 975.587
1108.87 973.677
1109.66 971.54
1110.79 969.545
1111.71 967.451
1113.01 965.532
1113.45 963.296
1113.98 961.104
1115.18 959.155
1116.29 957.121
1117.41 955.099
1119.04 953.38
1119.76 951.147
1121.16 949.247
1122.27 947.229
1123.51 945.289
1124.66 943.255
1125.73 941.151
1127.43 939.487
1129.12 937.815
1130.06 935.667
1130.86 933.467
1132.07 931.464
1133.26 929.455
1134.59 927.493
1135.58 925.341
1137.05 923.525
1138.49 921.712
1140.13 920.032
1142.04 918.709
1143.54 916.879
1145.14 915.128
1146.39 913.152
1147.57 911.103
1148.76 909.012
1150.26 907.143
1151.82 905.292
1153.53 903.523
1155.06 901.619
1156.84 899.978
1158.78 898.501
1160.55 896.858
1162.25 895.12
1163.52 892.958
1165.2 891.166
1167.28 889.763
1168.88 887.881
1170.32 885.91
1171.84 884.041
1173.41 882.206
1175.32 880.688
1177.14 879.078
1178.42 876.976
1180.12 875.267
1182.15 873.951
1184.28 872.703
1186.2 871.108
1187.98 869.321
1189.79 867.535
1191.73 865.837
1193.84 864.322
1196 862.887
1198.03 861.16
1200.52 860.609
1203.03 861.196
1205.16 862.829
1207.63 863.763
1209.74 865.352
1211.96 866.672
1214.03 868.208
1216.19 869.57
1218.4 870.841
1220.57 872.201
1222.77 873.472
1224.49 875.257
1226.24 877.008
1227.72 878.98
1229.07 880.948
1230.15 883.037
1231.65 884.897
1233.06 886.817
1234.34 888.766
1235.75 890.622
1237.28 892.358
1239.13 893.802
1240.62 895.585
1242.26 897.231
1244.05 898.665
1245.77 900.166
1247.62 901.539
1249.26 903.185
1250.86 904.793
1252.45 906.394
1253.91 908.105
1255.43 909.812
1256.51 911.836
1257.79 913.774
1258.73 915.877
1259.86 917.881
1261.07 919.855
1261.99 921.996
1263.27 923.932
1264.45 925.901
1265.6 927.892
1266.13 930.111
1266.34 932.374
1266.4 934.647
1266.53 936.906
1267.02 939.092
1268.01 941.122
1269 943.142
1269.86 945.172
1271.05 946.979
1272.53 948.631
1273.32 950.688
1274.45 952.506
1276.09 953.95
1277.36 955.64
1278.16 957.632
1279.18 959.56
1279.92 961.611
1280.4 963.718
1281 965.791
1281.52 967.885
1282.16 969.951
1283 971.956
1284.21 973.766
1285.31 975.658
1286.45 977.533
1287.96 979.174
1289.07 981.061
1289.7 983.205
1290.64 985.214
1291.64 987.199
1292.41 989.289
1292.71 991.486
1292.74 993.714
1292.77 995.94
1292.76 998.167
1292.72 1000.39
1292.64 1002.61
1292.52 1004.84
1292.51 1007.07
1292.63 1009.3
1292.75 1011.52
1292.8 1013.73
1292.6 1015.92
1292.24 1018.13
1291.63 1020.28
1290.98 1022.42
1290.37 1024.55
1289.5 1026.56
1287.94 1028.27
1287.52 1030.44
1287.31 1032.63
1286.9 1034.81
1286.22 1036.92
1285.61 1039.05
1284.95 1041.17
1284.24 1043.26
1283.28 1045.27
1282.21 1047.24
1281.37 1049.29
1281 1051.48
1280.49 1053.64
1279.38 1055.58
1277.86 1057.28
1276.84 1059.26
1275.85 1061.27
1274.69 1063.21
1273.86 1065.3
1273.2 1067.44
1272.02 1069.4
1271.3 1071.53
1270.85 1073.77
1270.56 1076.05
1269.98 1078.26
1269.29 1080.44
1268.45 1082.57
1267.11 1084.42
1265.42 1085.97
1263.68 1087.55
1262.16 1089.32
1260.42 1090.79
1258.58 1092.2
1256.97 1093.83
1255.45 1095.62
1253.95 1097.42
1253.02 1099.52
1252.25 1101.69
1251.3 1103.82
1250.45 1105.99
1249.46 1108.09
1247.89 1109.89
1247.16 1112.14
1245.76 1114.1
1244.54 1116.12
1243.08 1117.98
1241.51 1119.77
1239.73 1121.42
1237.77 1122.8
1235.98 1124.35
1234.15 1125.87
1232.53 1127.65
1231.16 1129.66
1229.26 1131.22
1227.49 1132.89
1225.68 1134.52
1223.6 1135.85
1221.81 1137.58
1219.89 1139.07
1217.85 1140.44
1215.69 1141.61
1213.96 1143.34
1212.48 1145.27
1210.98 1147.17
1209.57 1149.11
1207.83 1150.8
1206.09 1152.41
1204.62 1154.25
1202.88 1155.78
1200.94 1157.01
1198.99 1158.25
1196.96 1159.44
1194.69 1160
1192.61 1161.01
1190.86 1162.49
1189.37 1164.26
1188.13 1166.22
1186.87 1168.19
1185.85 1170.36
1184.32 1172.16
1182.41 1173.56
1180.33 1174.7
1178.49 1176.26
1176.38 1177.28
1174.16 1178.12
1172.09 1179.22
1170.08 1180.41
1167.96 1181.29
1165.71 1181.75
1163.47 1182.15
1161.44 1183.14
1159.71 1184.67
1157.89 1186.05
1156.2 1187.53
1154.51 1189.03
1152.93 1190.67
1150.95 1191.83
1149.26 1193.42
1147.4 1194.74
1145.53 1196.05
1143.52 1197.13
1141.34 1197.71
1139.13 1198.07
1136.98 1198.69
1135 1199.73
1133.25 1201.22
1131.38 1202.43
1129.6 1203.76
1127.75 1204.98
1125.69 1205.76
1123.73 1206.71
1121.94 1207.95
1120.19 1209.28
1118.35 1210.4
1116.52 1211.55
1114.62 1212.59
1112.65 1213.5
1110.86 1214.75
1108.87 1215.64
1106.86 1216.49
1104.86 1217.3
1102.84 1218.06
1100.84 1218.86
1098.89 1219.82
1096.93 1220.71
1094.96 1221.53
1092.86 1221.9
1090.72 1222.04
1088.59 1222.24
1086.49 1222.61
1084.43 1223.13
1082.37 1223.53
1080.32 1223.94
1078.32 1224.46
1076.34 1224.93
1074.34 1225.2
1072.36 1225.49
1070.46 1226.09
1068.56 1226.64
1066.76 1227.48
1065.11 1228.57
1063.36 1229.56
1061.6 1230.56
1059.86 1231.61
1058.22 1232.91
1056.41 1233.85
1054.39 1234.24
1052.35 1234.63
1050.38 1235.3
1048.5 1236.26
1046.62 1237.24
1044.54 1237.62
1042.43 1237.84
1040.41 1238.4
1038.57 1239.46
1036.68 1240.45
1034.68 1241.12
1032.58 1241.39
1030.52 1241.83
1028.44 1242.21
1026.34 1242.51
1024.32 1243.06
1022.4 1243.93
1020.39 1244.5
1018.32 1244.85
1016.26 1245.24
1014.22 1245.67
1012.14 1245.83
1010.06 1245.9
1007.97 1245.89
1005.89 1245.84
1003.82 1245.85
1001.75 1245.87
999.68 1245.87
997.61 1245.85
995.542 1245.9
993.474 1245.94
991.406 1245.92
989.343 1245.9
987.282 1245.9
985.222 1245.92
983.165 1245.96
981.102 1245.97
979.039 1245.97
976.975 1245.95
974.914 1245.92
972.884 1246.17
971.036 1247.07
969.369 1248.31
967.58 1249.34
965.642 1250.05
963.64 1250.47
961.607 1250.69
959.566 1250.73
957.539 1250.61
955.528 1250.47
953.531 1250.34
951.542 1250.22
949.554 1250.03
947.574 1249.82
945.591 1249.86
943.611 1250.04
941.616 1250.2
939.609 1250.33
937.602 1250.51
935.608 1250.85
933.637 1251.39
931.655 1251.9
929.632 1252.2
927.588 1252.3

