CONTOUR

1

2034

896.194 1508.81
898.137 1507.96
900.166 1508.27
902.031 1509.3
904.043 1509.71
906.098 1509.86
908.159 1509.96
910.224 1510.05
912.292 1510.05
914.36 1510.02
916.416 1509.94
918.457 1509.75
920.486 1509.46
922.53 1509.35
924.576 1509.36
926.619 1509.47
928.648 1509.7
930.682 1509.76
932.717 1509.6
934.726 1509.18
936.667 1508.48
938.69 1508.15
940.727 1507.91
942.765 1507.7
944.816 1507.57
946.875 1507.48
948.925 1507.28
950.92 1506.79
952.767 1505.91
954.478 1504.75
956.214 1503.64
958.077 1502.81
960.051 1502.27
962.111 1502.23
964.17 1502.22
966.221 1502.11
968.261 1501.94
970.292 1501.74
972.317 1501.55
974.348 1501.52
976.379 1501.63
978.413 1501.71
980.458 1501.67
982.504 1501.49
984.557 1501.24
986.627 1501.27
988.695 1501.52
990.771 1501.52
992.825 1501.15
994.887 1500.87
996.954 1500.63
999.021 1500.37
1001.07 1500.03
1003.13 1499.74
1005.19 1499.4
1007.24 1498.99
1009.26 1498.47
1011.26 1497.93
1013.25 1497.35
1015.2 1496.62
1017.24 1496.19
1019.22 1495.52
1021.2 1494.86
1023.19 1494.3
1025.2 1493.81
1027.25 1493.5
1029.32 1493.5
1031.4 1493.44
1033.45 1493.03
1035.46 1492.48
1037.31 1491.5
1039.1 1490.32
1041.06 1489.42
1043.13 1488.74
1045.24 1488.12
1047.27 1487.35
1048.9 1485.87
1050.47 1484.29
1052.38 1483.23
1054.52 1483.27
1056.51 1484.32
1058.55 1485.11
1060.7 1485.37
1062.86 1485.29
1065 1484.99
1067.16 1484.78
1069.32 1484.54
1071.44 1484.13
1073.51 1483.46
1075.59 1482.85
1077.69 1482.32
1079.72 1481.61
1081.53 1480.41
1083.43 1479.42
1085.45 1478.71
1087.42 1477.87
1089.48 1477.38
1091.57 1476.94
1093.57 1476.22
1095.54 1475.37
1097.58 1474.78
1099.66 1474.36
1101.64 1473.68
1103.4 1472.49
1105.29 1471.55
1107.29 1470.88
1109.3 1470.24
1111.35 1469.77
1113.41 1469.35
1115.42 1468.72
1117.31 1467.72
1119.26 1466.83
1121.3 1466.27
1123.27 1465.51
1125.05 1464.27
1127.07 1463.54
1129.03 1462.7
1131.06 1462.08
1133.07 1461.36
1134.97 1460.3
1137.08 1459.78
1139.24 1459.43
1141.36 1458.92
1143.46 1458.3
1145.45 1457.43
1147.24 1456.14
1149.22 1455.2
1150.92 1453.78
1152.91 1452.97
1154.98 1452.34
1156.99 1451.54
1159.03 1450.78
1161.05 1450.02
1162.89 1448.88
1164.65 1447.57
1166.69 1446.77
1168.64 1445.77
1170.74 1445.19
1172.68 1444.2
1174.5 1442.92
1176.6 1442.25
1178.62 1441.41
1180.29 1439.91
1182.21 1438.82
1184.09 1437.62
1186.23 1436.93
1188.21 1435.98
1189.97 1434.61
1191.89 1433.46
1193.85 1432.35
1195.85 1431.34
1197.64 1429.93
1199.73 1429.18
1201.89 1428.58
1203.88 1427.6
1205.53 1426.09
1206.98 1424.33
1208.75 1422.97
1210.73 1421.92
1212.94 1421.5
1215.19 1421.24
1217.3 1420.51
1219.27 1419.45
1221.02 1418.04
1222.59 1416.36
1224.49 1415.18
1226.6 1414.35
1228.61 1413.34
1230.24 1411.68
1232.18 1410.47
1234.26 1409.44
1235.94 1407.82
1237.73 1406.37
1239.78 1405.29
1241.84 1404.23
1243.61 1402.68
1245.52 1401.37
1247.41 1400
1249.56 1399.16
1251.16 1397.51
1252.81 1395.95
1254.38 1394.31
1255.91 1392.65
1257.82 1391.35
1259.66 1389.96
1261.75 1389.08
1263.8 1388.06
1265.64 1386.65
1267.31 1385.06
1268.77 1383.23
1270.19 1381.35
1272.04 1379.89
1273.97 1378.49
1275.73 1376.9
1277.57 1375.38
1279.37 1373.78
1281.32 1372.4
1283.17 1370.9
1285.02 1369.4
1286.81 1367.77
1288.76 1366.4
1290.65 1364.95
1292.26 1363.16
1293.76 1361.27
1295.53 1359.6
1297.39 1358.01
1299.33 1356.57
1301.22 1355.03
1303.12 1353.49
1304.81 1351.7
1306.7 1350.14
1308.48 1348.48
1309.83 1346.47
1311.19 1344.43
1312.51 1342.39
1314.49 1340.97
1316.38 1339.43
1318 1337.61
1319.69 1335.83
1321.44 1334.08
1323.21 1332.41
1325.01 1330.75
1326.94 1329.23
1328.46 1327.3
1330.06 1325.42
1331.67 1323.57
1333.15 1321.61
1334.66 1319.65
1336.15 1317.69
1338.07 1316.12
1339.65 1314.24
1340.93 1312.14
1342.49 1310.27
1344.26 1308.64
1346.18 1307.14
1347.72 1305.28
1348.93 1303.19
1350.14 1301.09
1351.47 1299.06
1352.43 1296.84
1354.08 1295.1
1355.71 1293.32
1357.33 1291.57
1359.03 1289.86
1360 1287.64
1361.68 1285.9
1363.19 1284.08
1364.44 1282.05
1365.54 1279.94
1367.11 1278.15
1368.37 1276.18
1369.94 1274.43
1371.19 1272.48
1372.34 1270.47
1373.1 1268.3
1374 1266.18
1375.33 1264.26
1376.09 1262.09
1377.41 1260.2
1378.44 1258.16
1379.53 1256.16
1380.91 1254.36
1381.98 1252.4
1382.84 1250.34
1383.36 1248.16
1383.95 1246.03
1385.26 1244.2
1386.3 1242.25
1387.38 1240.32
1388.43 1238.41
1389 1236.32
1389.38 1234.18
1390 1232.1
1391.21 1230.27
1391.97 1228.21
1393.49 1226.6
1394.57 1224.74
1395.62 1222.87
1396.49 1220.89
1397.14 1218.84
1397.9 1216.83
1399.27 1215.08
1400.07 1213.04
1400.87 1211.02
1401.31 1208.9
1401.69 1206.77
1402.03 1204.66
1402.38 1202.56
1402.73 1200.47
1403.21 1198.41
1403.68 1196.36
1404.1 1194.3
1404.44 1192.24
1404.75 1190.19
1405.05 1188.13
1405.31 1186.06
1405.65 1184
1406.24 1182
1406.87 1180.02
1407.6 1178.08
1408.26 1176.11
1409.14 1174.21
1410.07 1172.35
1410.86 1170.4
1411.59 1168.42
1412.15 1166.39
1412.47 1164.31
1412.73 1162.22
1413.11 1160.15
1413.62 1158.12
1413.79 1156.05
1413.86 1153.98
1413.88 1151.9
1413.88 1149.83
1413.96 1147.77
1414.06 1145.71
1414.15 1143.64
1414.36 1141.58
1414.89 1139.58
1415.64 1137.65
1416.41 1135.72
1417 1133.74
1417.28 1131.7
1417.36 1129.63
1417.44 1127.57
1417.38 1125.54
1417.03 1123.53
1417.21 1121.52
1417.75 1119.57
1418.24 1117.6
1418.5 1115.59
1418.55 1113.56
1418.51 1111.53
1418.49 1109.5
1418.6 1107.48
1418.8 1105.47
1419.01 1103.45
1419.25 1101.44
1419.55 1099.43
1419.88 1097.44
1420.23 1095.45
1420.42 1093.45
1420.53 1091.44
1420.6 1089.43
1420.65 1087.41
1420.69 1085.39
1420.76 1083.39
1420.86 1081.38
1420.95 1079.38
1420.99 1077.36
1421.03 1075.34
1421.18 1073.32
1421.52 1071.32
1421.72 1069.31
1421.75 1067.29
1421.75 1065.27
1421.76 1063.24
1421.8 1061.22
1421.91 1059.2
1422.01 1057.17
1422.09 1055.15
1422.06 1053.12
1421.96 1051.1
1421.85 1049.09
1421.83 1047.09
1422.16 1045.14
1423.02 1043.32
1423.77 1041.48
1424.54 1039.62
1425.1 1037.7
1425.28 1035.71
1425.33 1033.69
1425.46 1031.68
1425.61 1029.68
1425.62 1027.67
1425.73 1025.66
1426.12 1023.68
1426.67 1021.72
1427.09 1019.72
1427.44 1017.7
1427.6 1015.66
1427.64 1013.61
1427.63 1011.55
1427.62 1009.5
1427.6 1007.44
1427.58 1005.38
1427.58 1003.33
1427.59 1001.27
1427.62 999.221
1427.63 997.172
1427.64 995.125
1427.64 993.078
1427.66 991.03
1427.67 988.986
1427.67 986.941
1427.67 984.896
1427.65 982.85
1427.64 980.802
1427.63 978.752
1427.62 976.702
1427.6 974.649
1427.6 972.594
1427.62 970.539
1427.64 968.482
1427.63 966.425
1427.41 964.379
1427.09 962.346
1426.87 960.311
1426.68 958.281
1426.45 956.264
1426.06 954.278
1425.54 952.322
1425.14 950.345
1424.91 948.331
1424.88 946.289
1425.08 944.24
1425.35 942.194
1425.45 940.127
1425.46 938.043
1425.39 935.951
1425.12 933.889
1424.58 931.871
1423.84 929.904
1423.17 927.902
1422.46 925.931
1422.01 923.891
1421.78 921.818
1421.47 919.756
1421.01 917.695
1420.75 915.597
1420.57 913.488
1420.24 911.394
1419.65 909.346
1418.97 907.316
1418.43 905.251
1417.89 903.178
1417.2 901.16
1415.91 899.375
1415.4 897.292
1415.09 895.159
1414.48 893.076
1414.03 890.961
1413.67 888.853
1413.04 886.817
1412.17 884.865
1411.06 883.018
1410.05 881.13
1409.06 879.232
1407.97 877.358
1407.17 875.359
1406.46 873.294
1406.14 871.127
1406 868.931
1405.87 866.727
1405.39 864.594
1404.28 862.662
1403.11 860.756
1402.04 858.785
1400.83 856.899
1399.69 854.952
1398.99 852.786
1398.15 850.673
1397.39 848.541
1396.3 846.538
1395.26 844.49
1394.42 842.343
1393.5 840.23
1392.14 838.359
1390.94 836.385
1390.05 834.259
1389.41 832.028
1388.24 830.048
1386.88 828.197
1385.54 826.315
1383.96 824.569
1383.19 822.342
1381.75 820.458
1380.89 818.288
1380.25 816.028
1379.29 813.883
1378.35 811.718
1377.32 809.587
1375.85 807.671
1374.68 805.613
1373.22 803.753
1371.94 801.782
1370.78 799.724
1369.51 797.777
1367.77 796.192
1366.22 794.469
1364.75 792.7
1363.4 790.839
1362.33 788.761
1361.12 786.776
1359.5 785.087
1357.93 783.348
1356.73 781.339
1355.25 779.593
1353.45 778.212
1351.44 777.087
1349.85 775.478
1348.79 773.471
1347.68 771.524
1346.52 769.627
1345.43 767.695
1344 765.996
1343.07 764.048
1341.5 762.569
1340.08 761.008
1338.68 759.416
1337.43 757.715
1335.96 756.219
1335.21 754.307
1334.56 752.348
1334.09 750.352
1333.95 748.296
1333.65 746.263
1332.78 744.387
1331.68 742.565
1331.15 740.529
1331.04 738.414
1331.03 736.292
1331.01 734.17
1330.99 732.048
1331 729.924
1331.04 727.798
1331.06 725.668
1331.2 723.543
1331.9 721.561
1333.33 719.947
1334.59 718.245
1335.71 716.464
1336.55 714.535
1336.98 712.481
1337.03 710.367
1337 708.242
1336.96 706.116
1336.91 703.988
1336.87 701.859
1336.85 699.728
1336.89 697.596
1336.97 695.462
1337.04 693.333
1337.08 691.202
1337.06 689.071
1336.8 686.963
1336.11 684.977
1334.91 683.238
1333.39 681.735
1331.94 680.161
1332.15 678.161
1333.39 676.341
1333.85 674.295
1333.9 672.176
1333.85 670.06
1333.78 667.947
1333.7 665.845
1333.47 663.763
1333.05 661.704
1332.81 659.632
1332.63 657.563
1332.42 655.508
1332.13 653.469
1331.72 651.455
1331.29 649.448
1330.9 647.437
1330.63 645.418
1330.37 643.404
1330.08 641.4
1329.73 639.406
1329.29 637.423
1328.67 635.468
1328.39 633.455
1328.66 631.417
1328.79 629.392
1328.81 627.352
1328.89 625.307
1329.05 623.261
1329.13 621.209
1329.08 619.15
1328.82 617.1
1328.15 615.153
1326.87 613.473
1325.48 611.859
1323.9 610.374
1323.02 608.458
1323.04 606.317
1323.41 604.175
1323.77 602.029
1324.32 599.931
1325.24 597.96
1325.68 595.889
1325.78 593.784
1325.77 591.687
1325.75 589.595
1325.73 587.511
1325.67 585.441
1325.38 583.398
1325 581.372
1324.76 579.329
1324.58 577.282
1324.43 575.237
1324.17 573.209
1323.67 571.228
1323.15 569.255
1322.71 567.275
1322.32 565.296
1321.98 563.323
1321.74 561.352
1321.49 559.39
1321.14 557.444
1320.52 555.569
1319.62 553.815
1318.42 552.209
1317.52 550.466
1317.95 548.668
1319.59 547.756
1321.53 547.837
1323.37 548.587
1325.14 549.512
1326.77 550.693
1328.39 551.862
1329.97 553.201
1331.86 554.051
1333.63 555.195
1335.32 556.574
1337.09 557.869
1338.76 559.326
1340.61 560.566
1342.66 561.565
1344.55 562.903
1346.26 564.554
1348.28 565.824
1350.34 567.137
1352.71 567.56
1355.11 567.358
1357.36 566.392
1359.63 565.477
1361.81 564.409
1363.72 562.91
1365.51 561.286
1367.18 559.517
1368.19 557.313
1369.35 555.197
1369.98 552.901
1370.7 550.641
1371.57 548.439
1372.33 546.214
1372.85 543.949
1373.24 541.684
1373.45 539.415
1373.57 537.151
1373.78 534.906
1373.91 532.669
1374.18 530.466
1374.87 528.371
1375.78 526.375
1376.63 524.36
1377.18 522.267
1377.45 520.129
1377.62 517.989
1377.34 515.884
1376.54 513.878
1376.12 511.795
1376.56 509.724
1377.57 507.805
1378.36 505.795
1378.89 503.687
1379.32 501.556
1379.83 499.447
1380.34 497.35
1380.6 495.218
1380.7 493.078
1380.71 490.941
1380.66 488.811
1380.48 486.697
1380.12 484.612
1379.55 482.573
1379.06 480.527
1378.72 478.471
1378.44 476.424
1378.1 474.403
1377.69 472.418
1377.14 470.474
1376.42 468.59
1375.54 466.784
1374.72 464.96
1374.11 463.069
1373.96 461.095
1374.08 459.115
1374.34 457.148
1374.55 455.168
1374.92 453.205
1375.46 451.286
1375.94 449.353
1376.49 447.428
1377 445.487
1377.25 443.497
1377.43 441.489
1377.78 439.496
1378.31 437.531
1378.54 435.509
1378.72 433.473
1378.99 431.442
1379.43 429.428
1379.84 427.405
1380.18 425.369
1380.44 423.321
1380.62 421.265
1380.76 419.212
1380.85 417.163
1380.86 415.112
1380.84 413.054
1380.81 411
1380.79 408.952
1380.74 406.909
1380.7 404.859
1380.72 402.81
1380.8 400.755
1381.25 398.757
1382.27 396.971
1383.83 395.625
1385.63 394.51
1387.19 393.113
1388.48 391.403
1389.76 389.669
1391.5 388.371
1393.18 386.992
1394.51 385.313
1395.62 383.436
1396.65 381.495
1397.76 379.622
1399.24 377.93
1399.76 375.779
1400.54 373.715
1401.73 371.814
1402.6 369.748
1403.41 367.654
1404.18 365.543
1404.71 363.382
1404.98 361.185
1404.99 358.987
1404.9 356.788
1404.85 354.603
1404.82 352.437
1404.77 350.279
1404.79 348.127
1404.91 345.986
1405.28 343.884
1405.7 341.807
1405.85 339.704
1405.91 337.6
1405.92 335.496
1405.92 333.397
1405.93 331.301
1405.95 329.207
1406 327.111
1406.06 325.004
1406.07 322.897
1406.05 320.787
1406.01 318.677
1405.99 316.565
1406 314.45
1406.03 312.333
1406.06 310.213
1406.01 308.094
1405.9 305.981
1405.62 303.881
1405.21 301.805
1404.98 299.697
1404.8 297.575
1404.62 295.438
1404.31 293.319
1403.66 291.268
1402.81 289.281
1401.88 287.312
1401.4 285.216
1401.08 283.081
1400.35 281.054
1399.53 279.065
1398.95 276.954
1398.4 274.83
1397.79 272.737
1397.12 270.661
1396.39 268.588
1395.43 266.585
1394.41 264.606
1393.52 262.55
1392.74 260.446
1391.69 258.444
1390.57 256.443
1389.56 254.388
1389.1 252.125
1388.64 249.825
1387.85 247.597
1386.63 245.557
1385.19 243.688
1383.56 241.938
1382.14 240.04
1381.06 237.938
1379.99 235.844
1378.73 233.843
1377.57 231.773
1376.24 229.809
1375.18 227.697
1373.47 225.978
1372.26 223.907
1371.05 221.835
1369.55 220.013
1367.65 218.553
1365.74 217.127
1364.29 215.234
1362.86 213.271
1361.19 211.554
1359.2 210.179
1357.09 208.946
1355.31 207.261
1353.7 205.361
1351.67 203.95
1349.7 202.493
1347.87 200.92
1346.13 199.206
1344.43 197.435
1342.69 195.758
1340.82 194.235
1338.98 192.677
1337.29 190.969
1335.73 189.067
1334.14 187.237
1332.56 185.432
1331.07 183.531
1329.53 181.672
1327.63 180.192
1325.82 178.625
1324.19 176.922
1322.69 175.06
1321.26 173.115
1319.35 171.66
1317.25 170.429
1315.36 168.949
1313.92 167.014
1312.68 164.89
1311.27 162.906
1309.4 161.288
1307.81 159.412
1306.13 157.612
1303.98 156.421
1301.96 155.085
1300.12 153.568
1298.38 151.892
1296.06 151.156
1294.2 149.701
1292.34 148.301
1290.48 146.899
1288.61 145.544
1287.19 143.676
1285.38 142.201
1283.72 140.591
1281.96 139.102
1279.96 137.951
1278.01 136.768
1276.04 135.669
1273.95 134.798
1272.15 133.371
1270.36 131.993
1268.57 130.622
1266.56 129.614
1264.55 128.564
1262.66 127.34
1260.83 125.986
1258.95 124.757
1257.37 123.126
1255.58 121.738
1253.75 120.407
1251.87 119.193
1250.26 117.542
1248.33 116.326
1246.46 115.01
1244.57 113.768
1242.61 112.644
1240.62 111.562
1238.53 110.668
1236.67 109.306
1234.6 108.375
1232.44 107.665
1230.31 106.884
1228.34 105.723
1226.17 105.122
1224.05 104.405
1222 103.552
1219.94 102.743
1218.02 101.622
1215.92 100.894
1214.01 99.8395
1212.2 98.6061
1210.21 97.707
1208.19 96.8235
1206.36 95.5578
1204.3 94.7302
1202.32 93.6798
1200.23 92.9271
1198.15 92.1504
1196.37 90.7934
1194.43 89.8083
1192.3 89.371
1190.1 89.1776
1187.97 88.6304
1185.87 87.8967
1183.65 87.7075
1181.55 87.1537
1179.72 85.9197
1177.82 84.8681
1175.79 84.0875
1173.7 83.4955
1171.59 82.9541
1169.46 82.504
1167.38 81.8604
1165.25 81.4378
1163.09 81.309
1160.91 81.3676
1158.78 81.7547
1156.73 82.5956
1154.61 83.1586
1152.43 83.1473
1150.34 82.5451
1148.47 81.424
1146.73 80.1242
1144.9 79.0087
1142.95 78.2038
1140.88 77.8298
1138.78 77.686
1136.7 77.5704
1134.62 77.3986
1132.54 77.4093
1130.47 77.5641
1128.41 77.7455
1126.34 77.8153
1124.26 77.7773
1122.18 77.7424
1120.1 77.7264
1118.02 77.6967
1115.93 77.6814
1113.84 77.7454
1111.79 78.0762
1109.79 78.7327
1107.77 79.288
1105.72 79.6619
1103.64 79.7416
1101.55 79.7744
1099.46 79.8303
1097.38 79.9419
1095.29 80.1219
1093.27 80.6031
1091.35 81.4146
1089.63 82.6751
1087.66 83.3207
1085.59 82.9904
1083.55 82.3022
1081.47 81.9346
1079.37 82.1157
1077.3 82.392
1075.24 82.3198
1073.19 82.0642
1071.15 82.132
1069.09 82.2924
1067.03 82.5044
1064.99 82.7991
1063 83.3584
1061.06 84.0676
1059.18 84.8734
1057.44 85.9273
1055.67 86.9509
1053.7 86.9334
1051.82 86.1532
1049.91 85.5249
1047.9 85.4406
1045.87 85.6015
1043.83 85.6695
1041.78 85.6753
1039.74 85.8112
1037.86 86.6379
1035.99 87.5108
1034.08 88.2995
1032.09 87.9829
1030.34 86.8787
1028.75 85.4976
1026.85 84.696
1024.8 84.255
1022.73 83.9036
1020.71 83.3493
1018.7 82.763
1016.65 82.4414
1014.6 82.3885
1012.6 82.9034
1010.59 83.313
1008.63 82.7857
1006.77 81.8602
1004.78 81.3138
1002.73 81.0097
1000.67 80.6815
998.702 79.9866
996.759 79.2443
994.841 78.4381
992.837 77.9919
990.801 78.1275
988.768 78.6781
986.705 78.7291
984.709 78.1783
982.838 77.2813
980.909 76.5076
978.965 75.7352
976.999 74.985
974.943 74.5593
972.832 74.3386
970.712 74.1585
968.601 73.8416
966.53 73.3146
964.431 73.0533
962.317 73.0172
960.265 73.467
958.431 74.6616
956.407 75.0269
954.561 73.9502
952.787 72.7408
951.027 71.5137
949.033 70.699
947.209 69.5694
945.355 68.5305
943.477 67.5444
941.557 66.6785
939.513 66.1974
937.434 65.8462
935.386 65.3627
933.322 64.9414
931.308 64.2898
929.326 63.5393
927.213 63.1505
925.283 62.2268
923.378 61.2443
921.352 60.5857
919.288 60.037
917.28 59.3131
915.259 58.6431
913.209 58.1215
911.175 57.5792
909.07 57.4318
906.977 57.3001
904.984 56.7482
903.271 55.5108
901.452 54.4936
899.465 53.9029
897.379 53.7036
895.293 53.4577
893.209 53.5054
891.186 54.0658
889.134 54.3463
887.106 53.9135
885.154 53.1313
883.194 52.3726
881.158 51.8427
879.071 51.6074
876.969 51.6649
874.879 51.9076
872.785 52.0316
870.718 51.7653
868.714 51.1811
866.701 50.6701
864.644 50.3775
862.598 50.0389
860.541 49.8728
858.478 49.7907
856.42 49.6624
854.37 49.419
852.317 49.3099
850.264 49.2682
848.214 49.2523
846.168 49.2505
844.125 49.2542
842.085 49.2596
840.046 49.2662
838.008 49.2678
835.971 49.2754
833.935 49.2671
831.898 49.2753
829.856 49.2705
827.812 49.284
825.767 49.3192
823.724 49.4431
821.697 49.7586
819.7 50.2993
817.655 50.5775
815.577 50.4121
813.517 50.4151
811.505 50.887
809.502 51.4155
807.439 51.4383
805.388 51.3778
803.357 51.5567
801.353 51.9342
799.372 52.3981
797.394 52.8683
795.38 53.1317
793.35 52.9665
791.328 52.6016
789.284 52.45
787.247 52.665
785.298 53.2909
783.511 54.3638
781.637 55.2735
779.632 55.862
777.636 56.5135
775.548 56.6961
773.444 56.6196
771.345 56.6093
769.256 56.7821
767.17 56.9942
765.121 57.379
763.134 58.0632
761.094 58.5198
758.981 58.3218
756.877 58.3594
754.778 58.6809
752.69 59.0969
750.612 59.5856
748.637 60.3879
746.659 61.1989
744.627 61.8509
742.551 62.3951
740.417 62.6592
738.262 62.8309
736.141 63.2107
734.031 63.6186
731.993 64.2954
729.99 65.1002
727.969 65.85
726.052 66.8443
724.138 67.8416
722.217 68.8307
720.388 69.9838
718.678 71.326
716.658 72.1267
714.654 72.9739
712.615 73.7119
710.662 74.6927
708.695 75.6593
706.737 76.6373
704.833 77.6977
703.067 79.0465
700.981 79.841
699.261 81.3106
697.291 82.2816
695.251 83.1491
693.21 84.0712
691.177 84.9858
689.271 86.134
687.441 87.4487
685.628 88.7987
683.635 89.7929
681.582 90.6375
679.574 91.6237
677.541 92.5743
675.538 93.5122
673.682 94.7491
671.66 95.719
669.999 97.2812
668.032 98.3194
665.984 99.2356
663.96 100.24
661.984 101.334
660.344 102.937
658.274 103.859
656.574 105.399
654.633 106.551
652.588 107.565
650.569 108.646
648.631 109.866
647.02 111.551
645.202 113.058
643.293 114.393
641.467 115.841
639.604 117.258
637.864 118.847
635.832 119.978
634.185 121.653
632.399 123.16
630.761 124.829
629.03 126.429
627.17 127.888
625.451 129.554
623.407 130.786
621.386 132.084
619.538 133.591
617.962 135.439
616.264 137.175
614.36 138.634
612.335 139.972
610.478 141.521
608.92 143.414
607.131 145.083
605.007 146.345
603.09 147.866
601.264 149.485
599.503 151.226
597.451 152.545
595.623 154.127
593.958 155.873
592.394 157.728
590.828 159.601
588.957 161.223
586.992 162.711
585.366 164.551
583.744 166.419
581.915 168.044
579.957 169.556
577.889 170.894
575.909 172.386
574.019 173.951
572.229 175.64
570.554 177.472
568.819 179.22
567.098 181.001
565.348 182.794
563.696 184.616
562.14 186.514
560.522 188.356
558.646 189.923
556.685 191.428
554.967 193.197
553.219 194.886
551.34 196.47
549.421 198.015
547.86 199.903
546.517 201.991
545.091 203.991
543.377 205.779
541.722 207.639
540.318 209.678
538.772 211.59
537.333 213.564
535.752 215.466
534.777 217.728
533.142 219.554
531.627 221.451
530.327 223.516
529.041 225.587
527.256 227.242
525.259 228.713
523.686 230.582
522.291 232.581
520.961 234.618
519.42 236.538
518.151 238.637
516.762 240.643
515.388 242.649
514.292 244.801
513.491 247.078
512.568 249.292
511.328 251.354
510.202 253.455
509.575 255.724
509.263 258.054
509.098 260.376
508.954 262.689
508.715 264.976
509.025 267.22
509.543 269.421
509.711 271.651
509.698 273.853
509.684 276.037
509.76 278.206
510.031 280.343
510.581 282.453
511.328 284.491
512.121 286.502
513.244 288.343
513.894 290.377
514.682 292.309
515.94 293.962
517.199 295.603
518.001 297.507
519.009 299.296
519.968 301.105
520.69 303.002
520.973 304.99
520.774 306.982
520.238 308.922
519.732 310.864
519.499 312.863
519.425 314.858
519.447 316.844
519.563 318.846
519.664 320.85
519.723 322.852
519.736 324.853
519.892 326.842
520.161 328.831
519.885 330.796
519.555 332.74
519.09 334.668
518.376 336.517
517.808 338.418
517.603 340.414
517.33 342.404
516.617 344.307
515.875 346.22
515.022 348.097
514.464 350.061
514.204 352.084
514.082 354.134
513.982 356.182
513.822 358.222
513.634 360.253
513.569 362.282
513.535 364.314
513.426 366.346
513.197 368.369
513.055 370.4
512.973 372.436
512.945 374.474
512.942 376.511
512.953 378.548
512.962 380.581
512.955 382.611
512.879 384.645
512.876 386.684
512.817 388.725
512.59 390.756
512.256 392.776
511.952 394.791
511.775 396.808
511.457 398.803
510.846 400.714
510.123 402.587
509.719 404.525
509.497 406.484
509.309 408.442
509.565 410.402
509.726 412.36
509.316 414.283
508.804 416.194
508.318 418.129
507.691 420.036
506.97 421.925
506.44 423.87
506.172 425.878
505.977 427.913
505.543 429.911
504.546 431.732
503.447 433.506
502.103 435.118
500.732 436.696
499.433 438.341
498.258 440.092
497.516 442.09
496.585 444.011
495.282 445.739
493.919 447.437
492.87 449.332
491.828 451.227
490.7 453.087
489.798 455.057
489.003 457.073
488.113 459.054
487.495 461.135
486.901 463.24
485.85 465.179
484.994 467.187
484.1 469.184
482.922 471.049
482.017 473.032
481.59 475.176
481.047 477.289
479.813 479.152
479.043 481.221
477.567 482.894
476.446 484.78
475.314 486.661
473.908 488.358
473.067 490.352
472.201 492.338
470.969 494.133
469.578 495.828
468.557 497.771
467.445 499.663
466.37 501.574
465.476 503.585
464.582 505.607
463.421 507.501
462.257 509.395
461.328 511.414
460.247 513.367
459.04 515.249
458.124 517.28
457.26 519.353
456.041 521.25
454.784 523.114
453.466 524.958
452.482 527.035
450.995 528.738
449.435 530.355
447.652 531.791
446.006 533.371
444.632 535.192
443.268 536.975
442.116 538.883
441.002 540.838
439.699 542.717
438.603 544.688
437.035 546.342
435.61 548.086
434.313 549.916
433.203 551.892
431.729 553.668
430.497 555.562
429.306 557.472
428.288 559.497
427.075 561.41
425.97 563.344
424.886 565.301
423.687 567.232
423.012 569.39
421.487 571.13
420.602 573.18
420.032 575.365
418.97 577.318
417.45 578.983
416.161 580.792
415.526 582.905
414.933 585.03
413.609 586.851
412.666 588.863
411.71 590.864
410.673 592.818
410.082 594.924
409.666 597.091
409.166 599.25
408.218 601.247
407.108 603.172
406.082 605.126
405.392 607.224
404.658 609.324
403.851 611.401
402.901 613.434
402.161 615.539
401.888 617.716
402.464 619.852
403.481 621.901
403.544 624.051
402.145 625.791
400.62 627.416
399.282 629.179
398.398 631.196
397.702 633.284
397.274 635.421
396.978 637.564
396.742 639.702
396.503 641.832
396.138 643.943
395.526 645.987
394.771 647.978
394.321 650.043
393.989 652.138
393.616 654.222
393.175 656.297
392.927 658.402
392.764 660.512
392.366 662.574
391.204 664.298
389.636 665.763
388.496 667.531
387.534 669.424
386.671 671.366
386.055 673.388
385.624 675.438
385.027 677.439
383.678 679.132
382.838 681.045
382.151 683.037
381.728 685.102
381.339 687.17
380.82 689.225
380.26 691.267
379.473 693.243
378.64 695.203
378.034 697.23
377.791 699.323
377.74 701.432
377.683 703.543
377.498 705.652
377.069 707.717
376.526 709.753
375.853 711.742
375.056 713.704
374.362 715.677
373.863 717.703
373.422 719.745
373.032 721.796
372.735 723.871
372.402 725.942
371.978 727.999
371.429 730.041
370.741 732.035
370.179 734.057
369.53 736.049
369.261 738.121
369.169 740.211
369.29 742.303
369.77 744.34
370.429 746.356
370.341 748.421
369.591 750.372
368.724 752.269
367.505 753.985
366.587 755.84
366.034 757.834
365.582 759.851
365.246 761.899
364.855 763.934
364.462 765.978
364.033 768.021
363.456 770.048
362.815 772.066
362.349 774.142
361.674 776.17
361.385 778.308
361.258 780.463
361.314 782.612
361.83 784.697
362.759 786.709
362.505 788.807
361.369 790.719
360.512 792.749
360.03 794.897
360.135 797.087
360.934 799.132
362.257 800.929
363.696 802.682
363.779 804.789
362.437 806.582
361.048 808.322
360.24 810.34
360.093 812.503
360.526 814.629
361.426 816.599
362.862 818.291
363.865 820.213
364.113 822.36
363.935 824.518
363.329 826.592
362.352 828.531
361.529 830.5
361.217 832.595
361.038 834.704
360.746 836.786
360.099 838.781
359.279 840.705
358.78 842.72
358.371 844.766
358.116 846.836
358.026 848.919
358.057 851.001
358.102 853.081
358.108 855.159
358.101 857.239
358.072 859.317
358.121 861.395
358.26 863.467
358.711 865.486
359.609 867.364
360.72 869.165
361.421 871.16
362.081 873.163
362.957 875.111
363.514 877.162
363.811 879.267
363.778 881.384
363.147 883.391
361.902 885.148
361.222 887.087
361.044 889.117
361.084 891.152
361.188 893.173
361.333 895.178
361.553 897.179
361.796 899.163
362.214 901.105
362.611 903.047
362.669 905.011
362.438 906.971
362.202 908.932
361.863 910.876
361.433 912.791
361.421 914.725
361.758 916.642
361.801 918.569
361.092 920.358
360.045 922.041
359.148 923.794
358.626 925.697
358.502 927.703
357.972 929.644
357.225 931.515
356.65 933.444
356.294 935.445
355.887 937.451
355.281 939.415
354.73 941.391
354.421 943.411
354.271 945.452
354.166 947.494
353.971 949.525
353.542 951.52
353.192 953.522
353.057 955.55
353.026 957.591
352.977 959.638
352.917 961.698
352.681 963.744
352.075 965.721
351.281 967.646
350.533 969.597
349.881 971.597
349.534 973.688
349.071 975.773
348.487 977.85
347.942 979.962
347.211 982.028
346.599 984.13
346.3 986.296
346.18 988.482
346.254 990.661
346.857 992.727
348.023 994.542
349.268 996.279
350.85 997.744
351.726 999.568
351.172 1001.52
349.902 1003.26
349.409 1005.26
349.453 1007.36
349.65 1009.46
349.727 1011.57
349.776 1013.67
349.779 1015.77
349.808 1017.87
349.957 1019.96
350.271 1022.02
350.512 1024.09
350.808 1026.15
351.121 1028.2
351.336 1030.25
351.579 1032.29
351.744 1034.34
351.864 1036.4
352.117 1038.44
352.55 1040.46
352.886 1042.49
353.111 1044.51
353.305 1046.54
353.65 1048.54
353.851 1050.56
353.964 1052.59
354.082 1054.61
354.241 1056.64
354.469 1058.65
354.831 1060.65
355.304 1062.64
355.749 1064.63
356.045 1066.65
356.219 1068.69
356.425 1070.71
356.775 1072.71
357.455 1074.62
358.458 1076.42
358.979 1078.39
359.038 1080.44
358.991 1082.51
359.077 1084.56
359.263 1086.58
359.8 1088.52
360.89 1090.25
361.856 1092.05
362.738 1093.9
363.068 1095.91
363.008 1097.97
362.764 1100.03
362.321 1102.05
361.77 1104.05
361.488 1106.08
361.407 1108.12
361.38 1110.16
361.394 1112.21
361.486 1114.26
361.684 1116.32
361.974 1118.36
362.249 1120.4
362.444 1122.45
362.709 1124.49
363.116 1126.53
363.691 1128.56
363.958 1130.64
363.889 1132.76
363.437 1134.83
362.899 1136.89
362.881 1138.99
363.178 1141.08
363.578 1143.16
364.013 1145.23
364.372 1147.31
364.89 1149.36
365.677 1151.33
366.671 1153.24
367.316 1155.28
367.899 1157.33
369.277 1158.99
370.706 1160.62
371.415 1162.6
370.859 1164.64
369.652 1166.5
369.204 1168.58
369.167 1170.73
369.268 1172.88
369.543 1175.01
370.097 1177.1
370.395 1179.23
370.713 1181.35
371.392 1183.38
372.253 1185.35
372.989 1187.35
373.725 1189.36
374.6 1191.33
375.184 1193.39
375.888 1195.42
376.571 1197.45
376.906 1199.57
377.032 1201.7
377.163 1203.82
377.463 1205.92
378.099 1207.96
378.854 1209.97
379.782 1211.92
380.684 1213.87
381.592 1215.82
382.627 1217.68
383.868 1219.43
385.004 1221.26
385.498 1223.36
385.862 1225.47
386.383 1227.56
386.992 1229.63
387.461 1231.77
387.925 1233.91
388.578 1236
389.293 1238.06
390.124 1240.09
391.043 1242.11
391.745 1244.19
392.688 1246.2
393.574 1248.23
394.177 1250.37
394.842 1252.51
395.977 1254.44
397.389 1256.18
399.042 1257.74
400.689 1259.26
402.061 1261.02
403.247 1262.9
404.246 1264.9
404.726 1267.12
405.207 1269.34
406.053 1271.47
407.134 1273.54
407.799 1275.76
409.413 1277.49
410.65 1279.46
411.958 1281.41
413.456 1283.19
415.257 1284.7
417.005 1286.24
418.184 1288.24
419.36 1290.25
420.867 1292.04
422.438 1293.75
423.62 1295.76
425.019 1297.66
426.238 1299.65
427.709 1301.42
429.238 1303.17
430.923 1304.77
431.989 1306.83
433.43 1308.68
434.663 1310.66
436.094 1312.48
437.412 1314.41
438.963 1316.2
439.8 1318.43
440.984 1320.48
441.93 1322.64
443.426 1324.36
445.523 1325.39
447.404 1326.71
448.391 1328.76
448.932 1331.03
449.575 1333.3
450.499 1335.5
451.741 1337.54
453.349 1339.29
455.285 1340.74
457.08 1342.33
458.452 1344.29
459.873 1346.25
461.499 1348.04
463.351 1349.61
464.996 1351.4
466.405 1353.35
467.858 1355.26
469.39 1357.13
470.957 1358.99
472.685 1360.63
474.288 1362.36
475.765 1364.24
477.543 1365.78
479.501 1367.13
481.762 1367.92
483.565 1369.46
485.276 1371.08
487.062 1372.65
488.672 1374.36
490.181 1376.18
491.613 1378.08
493.435 1379.59
495.423 1380.9
497.338 1382.32
499.014 1383.98
500.59 1385.82
502.591 1387.11
504.796 1388.01
506.944 1389.03
509.007 1390.17
510.62 1391.83
511.808 1393.87
513.426 1395.6
515.025 1397.32
516.682 1399.02
518.829 1400.02
520.642 1401.55
522.678 1402.66
524.696 1403.82
526.763 1404.86
528.692 1406.1
530.227 1407.81
531.665 1409.63
533.519 1410.96
535.605 1411.98
537.631 1413.12
539.772 1413.87
541.937 1414.53
543.94 1415.56
545.817 1416.81
547.593 1418.14
549.187 1419.74
550.927 1421.16
552.665 1422.55
554.343 1423.99
555.883 1425.65
557.788 1426.79
559.875 1427.65
561.929 1428.55
563.853 1429.64
565.529 1431.17
567.626 1431.97
569.514 1433.21
571.552 1434.1
573.453 1435.28
575.317 1436.55
577.275 1437.62
579.163 1438.85
581.218 1439.77
583.112 1441
585.022 1442.12
586.975 1443.16
588.94 1444.18
590.985 1444.99
593.077 1445.64
595.225 1446.07
597.333 1446.71
599.379 1447.55
601.416 1448.39
603.238 1449.66
605.166 1450.73
607.106 1451.78
608.998 1452.88
610.757 1454.17
612.527 1455.51
614.486 1456.56
616.313 1457.84
618.239 1458.92
620.198 1459.96
622.227 1460.81
624.288 1461.56
626.413 1462.01
628.573 1462.38
630.653 1463.08
632.712 1463.73
634.846 1464.15
636.953 1464.68
639.018 1465.32
641.078 1465.95
643.045 1466.79
644.981 1467.7
647.008 1468.35
649.078 1468.89
651.103 1469.52
653.146 1470.09
655.128 1470.85
657.108 1471.63
658.995 1472.6
660.738 1473.83
662.608 1474.83
664.486 1475.82
666.468 1476.54
668.531 1477.02
670.606 1477.44
672.649 1477.97
674.644 1478.66
676.598 1479.45
678.633 1479.99
680.643 1480.63
682.495 1481.66
684.484 1482.33
686.53 1482.82
688.553 1483.43
690.566 1484.06
692.604 1484.57
694.638 1485.06
696.663 1485.6
698.734 1485.84
700.829 1485.94
702.847 1486.43
704.743 1487.34
706.777 1487.87
708.762 1488.53
710.722 1489.26
712.719 1489.91
714.764 1490.4
716.819 1490.89
718.833 1491.51
720.831 1492.17
722.889 1492.52
724.959 1492.78
727.024 1493.08
729.062 1493.37
731.113 1493.45
733.123 1493.78
735.008 1494.57
736.782 1495.62
738.68 1496.39
740.621 1497.05
742.642 1497.45
744.628 1498.02
746.647 1498.46
748.69 1498.87
750.716 1499.35
752.748 1499.81
754.789 1500.22
756.848 1500.53
758.929 1500.74
761.032 1500.88
763.122 1501.18
765.226 1501.29
767.319 1501.04
769.383 1500.58
771.458 1500.26
773.533 1500.08
775.598 1499.9
777.664 1499.78
779.732 1499.77
781.788 1499.96
783.734 1500.63
785.577 1501.55
787.483 1502.3
789.362 1503.12
791.326 1503.68
793.385 1503.89
795.283 1504.7
797.107 1505.68
799.086 1506.26
801.123 1506.63
803.177 1506.97
805.241 1507.32
807.309 1507.62
809.394 1507.74
811.482 1507.73
813.56 1507.64
815.616 1507.46
817.664 1507.31
819.702 1507.3
821.725 1507.39
823.709 1507.73
825.66 1508.23
827.631 1508.6
829.609 1508.94
831.567 1509.4
833.539 1509.72
835.538 1509.86
837.551 1509.97
839.572 1510.07
841.607 1510.11
843.646 1510.06
845.681 1509.92
847.685 1509.57
849.701 1509.2
851.728 1509.07
853.751 1509.17
855.752 1509.53
857.744 1509.78
859.755 1509.87
861.778 1509.78
863.819 1509.63
865.896 1509.6
867.994 1509.62
870.068 1509.3
871.995 1508.33
874.004 1507.58
876.109 1507.48
878.076 1508.25
879.831 1509.53
881.825 1510.17
883.912 1510.48
886.016 1510.66
888.108 1510.96
890.204 1510.88
892.277 1510.45
894.303 1509.81

