CONTOUR

2

1985

910.398 1575.97
912.45 1576.12
914.509 1576.23
916.566 1575.98
918.599 1575.92
920.552 1576.6
922.545 1576.65
924.505 1576.21
926.418 1575.52
928.376 1574.99
930.387 1574.76
932.402 1574.63
934.397 1574.41
936.349 1573.99
938.277 1573.51
940.232 1573.34
942.175 1573.7
944.132 1573.97
946.115 1573.98
948.108 1573.93
950.109 1573.86
952.119 1573.8
954.142 1573.69
956.163 1573.43
958.165 1572.92
960.201 1572.48
962.27 1572.57
964.273 1573.19
966.287 1573.65
968.33 1573.83
970.383 1573.85
972.431 1573.77
974.465 1573.56
976.475 1573.07
978.525 1572.76
980.589 1572.66
982.652 1572.66
984.71 1572.68
986.768 1572.61
988.822 1572.43
990.87 1572.17
992.895 1571.76
994.881 1571.15
996.897 1570.63
998.921 1570.17
1000.89 1569.56
1002.8 1568.7
1004.77 1568.03
1006.87 1567.89
1008.97 1567.87
1010.97 1568.51
1012.85 1569.52
1014.91 1569.82
1017.02 1569.61
1019.11 1569.36
1021.09 1568.7
1022.94 1567.7
1024.76 1566.68
1026.76 1566.13
1028.82 1565.9
1030.87 1565.64
1032.86 1565.12
1034.87 1564.7
1036.88 1564.22
1038.82 1563.52
1040.76 1562.81
1042.75 1562.26
1044.73 1561.66
1046.72 1561.07
1048.75 1560.55
1050.84 1560.26
1052.95 1560.06
1055.09 1560.03
1057.22 1559.94
1059.27 1559.43
1061.16 1558.46
1063.09 1557.57
1065.09 1556.87
1067.18 1556.7
1069.23 1557.29
1071.33 1557.47
1073.39 1557.08
1075.43 1556.56
1077.4 1555.77
1079.28 1554.77
1081.21 1553.92
1083.26 1553.43
1085.26 1552.78
1087.18 1551.9
1089.17 1551.3
1091.16 1550.64
1093.14 1550.01
1095.12 1549.42
1097.01 1548.61
1098.96 1547.94
1100.93 1547.31
1102.95 1546.81
1104.99 1546.38
1106.96 1545.67
1108.75 1544.49
1110.75 1543.88
1112.88 1543.81
1114.94 1543.34
1116.93 1542.55
1118.96 1541.89
1121.04 1541.37
1123.16 1541.01
1125.27 1540.56
1127.23 1539.66
1129.07 1538.49
1131.09 1537.76
1133.15 1537.15
1134.96 1535.9
1136.94 1535.1
1139.04 1534.55
1141.13 1534.04
1143.17 1533.4
1145.05 1532.38
1146.89 1531.27
1148.89 1530.48
1150.99 1529.99
1153.06 1529.38
1154.97 1528.27
1157.09 1527.74
1159.27 1527.35
1161.08 1526.01
1163.13 1525.26
1165.29 1524.88
1167.43 1524.38
1169.33 1523.29
1171.07 1521.9
1172.84 1520.56
1174.89 1519.65
1176.96 1518.83
1179.13 1518.37
1181.27 1517.83
1183.3 1517.01
1184.95 1515.51
1186.64 1514.06
1188.7 1513.3
1190.96 1513.14
1193.16 1512.83
1195.23 1511.98
1197.27 1510.98
1199.32 1509.92
1201.49 1509.19
1203.71 1508.64
1205.86 1507.83
1207.89 1506.7
1209.9 1505.51
1211.58 1503.88
1213.37 1502.47
1215.26 1501.16
1217.25 1500.04
1219.09 1498.66
1221.12 1497.66
1223.17 1496.68
1225.09 1495.47
1226.77 1493.94
1228.69 1492.79
1230.69 1491.77
1232.65 1490.67
1234.68 1489.72
1236.58 1488.47
1238.68 1487.63
1240.78 1486.84
1242.73 1485.65
1244.73 1484.58
1246.54 1483.15
1248.55 1482.04
1250.52 1480.86
1252.25 1479.36
1253.78 1477.62
1255.69 1476.36
1257.71 1475.24
1259.74 1474.15
1261.7 1472.97
1263.61 1471.64
1265.7 1470.62
1267.55 1469.21
1269.49 1467.98
1271.47 1466.76
1273.43 1465.5
1274.91 1463.69
1276.42 1461.92
1278.05 1460.32
1279.8 1458.81
1281.85 1457.67
1283.76 1456.36
1285.74 1455.17
1287.68 1453.87
1289.78 1452.87
1291.74 1451.66
1293.53 1450.18
1295.39 1448.76
1297.17 1447.26
1298.74 1445.54
1300.59 1444.17
1302.41 1442.76
1304.21 1441.32
1305.97 1439.78
1307.82 1438.4
1309.44 1436.75
1311.2 1435.23
1312.5 1433.34
1314.08 1431.67
1315.84 1430.25
1317.76 1429.08
1319.82 1428.12
1321.67 1426.81
1323.15 1425.12
1324.33 1423.14
1325.61 1421.24
1327.47 1419.91
1329.41 1418.67
1331.25 1417.33
1332.69 1415.56
1334 1413.66
1335.77 1412.17
1337.45 1410.59
1338.81 1408.73
1340.47 1407.13
1342.08 1405.43
1344.04 1404.16
1345.89 1402.71
1347.32 1400.86
1348.43 1398.76
1349.5 1396.65
1350.81 1394.68
1352.09 1392.7
1353.81 1391.04
1355.52 1389.35
1356.96 1387.46
1358.17 1385.41
1359.71 1383.58
1361.55 1382.04
1363.55 1380.72
1365.32 1379.09
1367.16 1377.51
1368.32 1375.39
1369.93 1373.57
1371.51 1371.75
1372.87 1369.74
1374.11 1367.63
1375.67 1365.72
1377.25 1363.85
1378.58 1361.79
1380.1 1359.86
1381.58 1357.93
1383.38 1356.28
1384.89 1354.4
1386.15 1352.37
1387.38 1350.31
1388.85 1348.41
1389.92 1346.29
1391.24 1344.29
1392.06 1342.06
1393.65 1340.28
1394.89 1338.29
1396.07 1336.27
1397.54 1334.52
1399.17 1332.87
1399.81 1330.69
1400.69 1328.58
1401.89 1326.68
1403.47 1325.05
1404.99 1323.38
1406.1 1321.43
1407.36 1319.53
1407.92 1317.31
1409.3 1315.47
1410.37 1313.51
1411.36 1311.52
1412.24 1309.48
1412.96 1307.38
1413.88 1305.38
1415.26 1303.57
1415.76 1301.39
1416.7 1299.39
1417.9 1297.53
1418.84 1295.53
1419.71 1293.51
1420.45 1291.46
1420.94 1289.35
1421.36 1287.23
1421.47 1285.04
1421.62 1282.87
1422.27 1280.82
1423.66 1279.17
1425.41 1277.81
1427.02 1276.34
1428.29 1274.57
1429.08 1272.54
1429.67 1270.43
1429.92 1268.27
1429.99 1266.09
1430.21 1263.93
1430.61 1261.8
1431.33 1259.77
1432.3 1257.87
1433.27 1255.98
1434.15 1254.02
1435.28 1252.21
1436.4 1250.39
1437.39 1248.48
1438.69 1246.74
1439.91 1244.94
1441.71 1243.6
1443.41 1242.15
1445.06 1240.63
1446.88 1239.24
1448.08 1237.25
1449.82 1235.7
1451.27 1233.92
1452.5 1231.93
1453.82 1230.04
1455.55 1228.49
1457.25 1226.88
1458.59 1225.02
1459.66 1222.93
1460.59 1220.78
1461.5 1218.62
1462.78 1216.63
1463.78 1214.52
1465.21 1212.65
1466.29 1210.59
1467.52 1208.59
1468.56 1206.49
1469.71 1204.48
1471.37 1202.81
1472.9 1201.07
1474.19 1199.16
1475.22 1197.07
1476.34 1195.03
1477.18 1192.88
1477.94 1190.7
1479.18 1188.75
1480.47 1186.85
1481.47 1184.81
1482.5 1182.78
1483.63 1180.81
1484.62 1178.78
1485.47 1176.71
1486.62 1174.78
1487.66 1172.79
1488.61 1170.79
1489.51 1168.79
1490.64 1166.9
1491.86 1165.06
1492.87 1163.12
1493.74 1161.1
1494.95 1159.21
1495.8 1157.16
1497.12 1155.35
1497.95 1153.31
1498.94 1151.33
1500.12 1149.43
1501 1147.41
1501.87 1145.37
1503.2 1143.53
1503.73 1141.35
1504.93 1139.47
1505.95 1137.53
1506.82 1135.51
1507.73 1133.51
1508.53 1131.48
1509.1 1129.38
1509.68 1127.28
1510.17 1125.15
1510.98 1123.12
1511.67 1121.06
1512.07 1118.89
1513.26 1116.98
1513.77 1114.87
1514.04 1112.72
1514.34 1110.59
1514.88 1108.52
1515.75 1106.55
1516.43 1104.53
1516.7 1102.43
1516.75 1100.32
1516.76 1098.2
1516.84 1096.1
1516.98 1094.01
1517.12 1091.94
1517.28 1089.87
1517.53 1087.81
1517.84 1085.78
1518.12 1083.74
1518.52 1081.72
1518.9 1079.69
1519.25 1077.64
1519.71 1075.63
1520.17 1073.62
1520.58 1071.6
1521.06 1069.61
1521.31 1067.58
1521.5 1065.54
1522 1063.56
1522.89 1061.69
1523.76 1059.81
1524.41 1057.85
1524.88 1055.82
1525.31 1053.77
1525.54 1051.7
1525.78 1049.63
1526.29 1047.6
1527.15 1045.68
1527.87 1043.72
1528.72 1041.82
1529.28 1039.83
1529.54 1037.81
1529.42 1035.79
1529.16 1033.78
1529.34 1031.78
1529.87 1029.83
1530.33 1027.85
1530.62 1025.82
1530.91 1023.79
1531.44 1021.8
1532.03 1019.81
1532.44 1017.79
1532.63 1015.75
1532.7 1013.7
1532.8 1011.65
1532.89 1009.61
1532.98 1007.58
1533.05 1005.55
1533.1 1003.52
1533.13 1001.5
1533.13 999.477
1533.06 997.47
1532.96 995.462
1532.88 993.444
1533.02 991.427
1533.27 989.424
1533.42 987.413
1533.54 985.394
1533.76 983.374
1534.1 981.346
1534.34 979.298
1534.2 977.226
1534.1 975.147
1534.08 973.057
1533.97 970.97
1533.89 968.882
1533.99 966.792
1534.11 964.69
1533.97 962.59
1533.34 960.589
1531.94 958.872
1531.45 956.861
1532.34 954.96
1533.83 953.381
1535.16 951.708
1535.91 949.72
1536.56 947.697
1537 945.633
1537.16 943.535
1537.16 941.435
1537.07 939.337
1536.94 937.241
1536.95 935.142
1537.02 933.045
1537.11 930.955
1537.14 928.866
1537.16 926.777
1537.16 924.687
1537.09 922.594
1536.88 920.507
1536.48 918.442
1535.78 916.442
1535 914.465
1534.09 912.55
1532.98 910.731
1531.7 908.977
1531.71 906.941
1532.93 905.121
1533.79 903.192
1533.98 901.097
1533.89 898.985
1533.8 896.875
1533.81 894.767
1533.81 892.662
1533.79 890.56
1533.72 888.463
1533.5 886.377
1533.39 884.289
1533.31 882.209
1533.09 880.15
1532.65 878.113
1532.4 876.052
1532.28 873.982
1532.19 871.909
1531.83 869.877
1531.35 867.862
1530.88 865.851
1530.6 863.81
1530.36 861.776
1530.08 859.746
1529.69 857.73
1529.2 855.723
1528.54 853.782
1527.91 851.82
1527.2 849.876
1526.67 847.877
1526.27 845.87
1525.97 843.844
1525.79 841.803
1525.43 839.79
1524.73 837.857
1524.17 835.876
1523.58 833.894
1522.99 831.918
1522.55 829.907
1522.21 827.874
1521.91 825.84
1521.58 823.805
1521.18 821.781
1520.82 819.742
1520.23 817.754
1519.36 815.841
1518.5 813.936
1518.1 811.891
1517.91 809.816
1517.68 807.745
1517.43 805.671
1517.29 803.581
1517.14 801.49
1516.76 799.424
1516.11 797.43
1515.28 795.485
1514.58 793.492
1514.11 791.434
1513.6 789.413
1512.77 787.488
1511.95 785.551
1511.42 783.55
1510.26 781.861
1509.47 780.032
1509.57 778.019
1509.71 775.99
1509.55 773.946
1509.42 771.876
1509.22 769.802
1508.56 767.827
1507.52 765.973
1506.61 764.058
1505.91 762.057
1505.29 760.028
1504.7 757.985
1504 755.963
1503.36 753.933
1502.4 752.032
1501.73 750.051
1501.62 747.953
1501.63 745.848
1501.4 743.752
1500.83 741.7
1500.32 739.627
1499.68 737.577
1498.99 735.531
1498.46 733.438
1497.92 731.347
1497.11 729.359
1495.85 727.6
1494.52 725.916
1493.41 724.115
1493.01 722.072
1493.27 719.943
1492.94 717.872
1492.45 715.823
1491.61 713.872
1490.56 712.011
1489.62 710.09
1489.16 708.016
1488.59 705.976
1487.61 704.097
1486.4 702.373
1485.71 700.4
1485.21 698.352
1484.43 696.384
1483.81 694.368
1483.05 692.41
1482.23 690.472
1481.25 688.613
1479.9 686.954
1479.18 684.949
1478.39 682.977
1477.62 681.017
1476.76 679.083
1475.84 677.181
1474.87 675.306
1473.92 673.435
1472.85 671.628
1471.54 669.987
1470.47 668.207
1469.7 666.28
1468.9 664.378
1468.12 662.455
1467.36 660.527
1466.49 658.641
1465.52 656.801
1464.41 655.028
1463.22 653.267
1462.45 651.31
1461.74 649.34
1460.83 647.456
1459.64 645.723
1458.47 643.973
1457.51 642.107
1456.54 640.239
1455.99 638.216
1455.53 636.173
1454.77 634.22
1453.7 632.373
1452.73 630.479
1451.74 628.587
1450.64 626.74
1449.62 624.849
1448.59 622.937
1447.55 621.008
1446.6 619.025
1445.76 616.999
1444.87 614.979
1443.92 612.973
1442.83 611.027
1441.74 609.087
1440.43 607.266
1439.23 605.351
1438.27 603.326
1437.52 601.228
1436.49 599.221
1435.3 597.283
1434.2 595.309
1433.08 593.345
1431.69 591.5
1430.64 589.455
1429.54 587.45
1428.64 585.353
1427.58 583.29
1426.46 581.255
1425.23 579.295
1423.58 577.614
1422.19 575.727
1421.1 573.656
1420.01 571.607
1418.76 569.625
1417.65 567.551
1416.11 565.746
1414.85 563.771
1413.25 562.005
1412.14 559.907
1410.97 557.856
1409.56 555.998
1407.75 554.46
1406.08 552.798
1404.84 550.81
1403.8 548.666
1402.5 546.674
1401.1 544.755
1399.43 542.984
1397.96 541.004
1396.58 538.993
1394.98 537.162
1393.49 535.226
1391.86 533.363
1390.52 531.327
1389.12 529.337
1388 527.167
1386.75 525.041
1385.33 523.044
1383.58 521.291
1381.96 519.419
1380.56 517.393
1379.05 515.465
1377.53 513.552
1375.95 511.643
1375.07 509.33
1373.31 507.597
1371.73 505.734
1370.3 503.749
1368.9 501.732
1367.25 499.944
1365.36 498.359
1363.71 496.561
1362.22 494.619
1360.77 492.632
1359.27 490.684
1357.4 489.02
1356.06 486.931
1354.66 484.857
1353.11 482.91
1351.32 481.151
1349.53 479.351
1348.16 477.223
1346.51 475.328
1344.84 473.471
1343.23 471.522
1341.43 469.733
1339.79 467.852
1338.25 465.894
1336.86 463.809
1335.38 461.803
1333.59 460.064
1332.05 458.131
1330.54 456.159
1328.91 454.325
1327.28 452.469
1325.45 450.773
1323.8 448.946
1322.35 446.92
1321.37 444.575
1319.84 442.556
1318.31 440.551
1316.77 438.557
1315.32 436.477
1313.65 434.599
1311.58 433.111
1309.86 431.273
1308.68 429.017
1307.24 426.947
1305.59 425.043
1303.8 423.22
1302.61 420.95
1301.01 418.982
1299.39 417.041
1297.78 415.054
1295.95 413.215
1294.28 411.302
1292.66 409.354
1291.25 407.234
1289.75 405.165
1287.73 403.581
1285.81 401.929
1284.32 399.873
1282.52 398.138
1280.59 396.575
1278.63 395.057
1276.43 393.932
1274.25 392.773
1272.15 391.454
1270.56 389.592
1268.91 387.8
1267.3 385.972
1265.68 384.135
1263.67 382.724
1262.09 380.864
1260.45 379.093
1258.66 377.465
1257.01 375.685
1255.08 374.22
1253.13 372.753
1251.34 371.107
1249.51 369.524
1247.7 367.887
1245.47 366.936
1243.73 365.247
1241.8 363.846
1239.74 362.626
1237.7 361.416
1236.26 359.542
1234.96 357.552
1233.51 355.72
1231.62 354.305
1229.77 352.847
1228.22 351.103
1226.76 349.216
1225.01 347.652
1223.08 346.26
1220.92 345.194
1218.8 344.102
1216.62 343.128
1214.92 341.407
1212.9 340.135
1210.88 338.896
1208.79 337.799
1206.79 336.534
1204.78 335.276
1202.93 333.772
1200.78 332.836
1198.72 331.691
1196.71 330.426
1194.7 329.194
1192.8 327.74
1190.55 326.882
1188.79 325.207
1186.92 323.714
1184.94 322.386
1182.91 321.12
1181.08 319.51
1179.4 317.748
1177.57 316.2
1175.54 314.896
1173.36 313.86
1171.36 312.52
1169.39 311.136
1167.61 309.433
1165.66 307.959
1163.77 306.439
1161.75 305.087
1159.84 303.54
1158.22 301.712
1156.5 300.031
1154.66 298.487
1152.75 297.043
1151.11 295.245
1149.37 293.489
1147.5 291.92
1145.62 290.356
1143.6 288.952
1141.81 287.272
1140.42 285.224
1138.67 283.549
1136.74 282.081
1134.9 280.507
1132.92 279.059
1131.43 277.089
1129.65 275.449
1127.62 274.128
1125.58 272.85
1123.82 271.257
1122.31 269.383
1120.47 267.927
1118.5 266.688
1116.43 265.634
1114.54 264.316
1112.64 263.097
1111.33 261.203
1109.69 259.667
1107.97 258.254
1106.19 256.939
1104.51 255.483
1103.05 253.828
1101.39 252.388
1099.88 250.854
1098.19 249.573
1096.44 248.378
1094.77 247.143
1093.61 245.411
1093.24 243.364
1093.32 241.277
1093.91 239.269
1094.95 237.404
1095.61 235.415
1095.97 233.327
1096.52 231.25
1097.06 229.163
1097.26 227.015
1097.31 224.847
1097.3 222.667
1097.29 220.462
1097.25 218.244
1097.18 216.011
1097.04 213.778
1096.55 211.581
1095.94 209.392
1095.74 207.123
1095.52 204.854
1094.86 202.668
1093.93 200.54
1093.32 198.31
1092.85 196.036
1092.23 193.791
1091.18 191.686
1090.13 189.58
1089.24 187.416
1087.86 185.48
1086.82 183.338
1085.24 181.502
1083.79 179.592
1082.33 177.664
1080.91 175.673
1079.26 173.884
1077.33 172.354
1075.61 170.609
1073.78 168.994
1071.89 167.37
1070.5 165.333
1068.93 163.449
1067.41 161.52
1065.93 159.537
1064.06 157.902
1062.4 156.125
1060.69 154.397
1058.94 152.698
1057.17 151.018
1055.55 149.102
1053.74 147.371
1052.11 145.528
1050.65 143.514
1049.23 141.469
1047.36 139.833
1045.41 138.276
1043.64 136.548
1041.78 134.902
1039.9 133.242
1037.93 131.733
1035.99 130.254
1033.93 128.937
1031.9 127.527
1029.97 126.029
1027.93 124.759
1025.82 123.634
1023.68 122.565
1021.46 121.754
1019.25 121.019
1017.29 119.661
1015.09 118.856
1012.98 117.758
1010.73 117.176
1008.52 116.52
1006.61 115.264
1004.75 113.974
1002.91 112.641
1001.04 111.351
998.929 110.461
996.905 109.338
994.762 108.545
992.547 108.009
990.377 107.328
988.319 106.39
986.201 105.674
984.111 104.929
982.267 103.644
980.22 102.811
978.138 102.114
976.004 101.664
973.85 101.328
971.735 100.904
969.689 100.258
967.736 99.3652
965.747 98.6105
963.669 98.2227
961.587 97.8874
959.519 97.4755
957.431 97.2543
955.348 97.0921
953.363 96.4897
951.495 95.5522
949.565 94.7473
947.697 93.7559
945.647 93.3208
943.581 92.9443
941.499 92.5418
939.428 92.0405
937.334 91.5807
935.166 91.5622
933.024 91.2691
931.067 90.2923
929.166 89.1921
927.157 88.3008
925.107 87.4741
923.007 86.8216
920.874 86.3584
918.722 86.6668
916.598 87.1571
914.515 87.8109
912.395 88.2098
910.372 87.6039
908.65 86.2931
906.947 84.9959
905.03 84.1082
902.979 83.624
900.894 83.3885
898.799 83.3955
896.706 83.53
894.627 83.4233
892.619 82.7796
890.606 82.2155
888.538 82.0188
886.479 82.257
884.492 82.8688
882.532 83.5783
880.494 83.8932
878.455 84.0501
876.43 84.005
874.411 83.8619
872.382 83.7642
870.344 83.742
868.296 83.8348
866.243 83.9403
864.188 83.9287
862.13 83.8611
860.067 83.8428
858.001 83.8685
855.929 83.9036
853.849 83.9067
851.764 83.7944
849.688 83.5211
847.661 82.9709
845.742 82.0954
843.768 81.4811
841.725 81.3167
839.676 81.447
837.637 81.7312
835.588 81.8974
833.539 82.0032
831.484 82.0262
829.407 82.0263
827.326 82.1782
825.283 82.643
823.319 83.4629
821.293 84.0742
819.226 83.8729
817.354 82.7935
815.357 82.163
813.26 82.0327
811.151 82.1269
809.049 82.377
806.973 82.8098
804.976 83.551
802.937 84.1958
800.848 84.6298
798.761 85.0594
796.699 85.586
794.72 86.4242
792.704 87.1482
790.619 87.4863
788.584 88.0684
786.56 88.6626
784.544 89.2327
782.524 89.78
780.521 90.3646
778.537 91.0474
776.635 91.9696
774.668 92.7455
772.612 93.2306
770.571 93.7738
768.777 94.9858
766.782 95.6417
764.78 96.3728
762.697 96.8327
760.626 97.2876
758.578 97.8699
756.545 98.5206
754.566 99.3542
752.679 100.388
750.763 101.375
748.757 102.155
746.826 103.133
744.873 104.091
743.017 105.281
740.935 105.976
738.801 106.536
736.763 107.371
734.76 108.325
732.768 109.301
730.99 110.68
728.997 111.67
727.216 113.061
725.171 113.951
723.2 114.951
721.434 116.322
719.559 117.555
717.69 118.825
715.563 119.536
713.45 120.269
711.483 121.406
709.482 122.504
707.592 123.796
705.697 125.096
703.787 126.416
701.803 127.609
700.026 129.131
698.011 130.246
695.866 131.152
693.831 132.258
691.918 133.524
690.327 135.239
688.57 136.729
686.696 138.05
684.644 139.118
682.756 140.437
680.921 141.812
679.235 143.439
677.349 144.828
675.423 146.109
673.6 147.5
671.804 148.939
670.025 150.39
668.111 151.609
666.487 153.193
664.774 154.612
662.996 155.96
661.094 157.16
659.472 158.722
657.583 159.865
655.94 161.384
654.189 162.689
652.439 163.984
650.721 165.306
649.173 166.848
647.18 167.602
645.162 168.328
643.13 168.99
641.046 169.389
639.047 170.075
637.093 170.912
635.181 171.859
633.207 172.624
631.228 173.365
629.204 173.96
627.242 174.723
625.294 175.51
623.469 176.521
621.669 177.558
619.824 178.477
617.92 179.264
615.85 179.456
613.815 179.8
611.822 180.349
609.908 181.132
608.172 182.291
606.333 183.258
604.399 184.034
602.405 184.632
600.402 185.156
598.38 185.62
596.35 186.015
594.311 186.386
592.322 186.954
590.442 187.86
588.488 188.55
586.561 189.295
584.869 190.529
582.99 191.319
580.975 191.836
579.037 192.58
577.025 193.054
574.981 193.36
572.897 193.498
570.815 193.607
568.739 193.803
566.701 194.294
564.653 194.799
562.644 195.479
560.654 196.217
558.632 196.869
556.566 197.315
554.507 197.818
552.585 198.791
550.514 199.288
548.494 199.96
546.544 200.83
544.47 201.215
542.348 201.132
540.21 201.043
538.066 201.145
535.921 201.426
533.81 202.009
531.673 202.581
529.56 203.314
527.444 204.095
525.254 204.687
523.135 205.482
521.304 206.911
519.188 207.811
517.323 209.24
515.193 210.1
512.971 210.736
510.828 211.631
508.719 212.618
506.706 213.778
505.078 215.5
503.357 217.146
501.317 218.363
499.355 219.691
497.411 221.057
495.38 222.329
493.309 223.543
491.497 225.161
489.455 226.397
487.356 227.584
485.394 228.995
483.701 230.755
481.712 232.11
479.988 233.855
478.259 235.566
476.458 237.208
474.925 239.122
473.392 240.983
471.538 242.541
469.779 244.195
468.093 245.892
466.46 247.685
464.988 249.644
463.213 251.337
461.272 252.916
459.739 254.885
458.147 256.778
456.195 258.295
454.36 259.905
452.566 261.549
451.007 263.452
449.529 265.426
447.668 267.069
446.062 268.94
444.676 270.989
443.024 272.781
441.318 274.501
439.421 276.062
437.516 277.628
436.017 279.591
434.499 281.562
432.843 283.404
431.191 285.273
429.511 287.174
427.968 289.139
426.359 291.039
424.964 293.108
423.503 295.173
421.735 296.94
420.109 298.768
418.604 300.701
417.268 302.757
415.44 304.365
413.726 306.101
412.225 307.973
410.808 309.893
409.865 312.084
408.853 314.246
407.335 316.092
405.614 317.775
404.17 319.656
402.74 321.561
401.275 323.397
399.69 325.175
398.919 327.446
397.497 329.381
396.424 331.469
395.325 333.542
394.108 335.541
393.211 337.674
392.399 339.842
391.639 342.024
390.967 344.237
389.5 346.096
388.671 348.232
387.996 350.414
387.033 352.485
386.392 354.643
385.951 356.842
385.487 359.024
384.93 361.165
384.076 363.197
382.937 365.082
381.866 367.005
381.057 369.026
380.382 371.084
379.6 373.11
378.817 375.127
378.304 377.209
378.001 379.332
377.733 381.455
377.24 383.528
376.517 385.543
375.66 387.506
375.103 389.548
374.57 391.618
373.399 393.434
372.569 395.394
371.795 397.388
370.914 399.347
370.257 401.367
369.911 403.471
369.617 405.596
368.965 407.632
367.848 409.496
366.885 411.435
365.93 413.373
365.161 415.391
364.03 417.224
362.819 419.009
361.941 420.97
361.018 422.918
359.594 424.563
358.396 426.364
357.399 428.277
356.584 430.276
355.539 432.201
354.632 434.181
354.068 436.284
353.515 438.388
352.589 440.36
351.618 442.33
350.627 444.274
349.671 446.214
348.673 448.124
347.685 450.054
346.744 452.003
346.045 454.018
345.431 456.041
345.06 458.112
344.701 460.204
344.114 462.249
343.307 464.207
342.707 466.232
342.144 468.265
341.646 470.304
341.122 472.342
340.617 474.377
340.035 476.409
339.212 478.375
338.527 480.392
338.152 482.498
337.858 484.629
337.388 486.717
336.453 488.657
335.643 490.64
335.171 492.719
334.667 494.794
334.094 496.823
333.93 498.9
333.997 500.971
334.002 503.026
333.567 505.057
332.915 507.029
332.544 509.056
332.443 511.118
332.443 513.189
332.471 515.261
332.522 517.331
332.578 519.398
332.526 521.455
332.273 523.5
331.783 525.511
331.113 527.478
330.659 529.492
330.436 531.544
330.321 533.603
330.279 535.666
330.271 537.733
330.269 539.802
330.279 541.871
330.354 543.942
330.496 546.011
330.681 548.079
330.898 550.149
331.004 552.233
331.019 554.325
331.034 556.419
331.121 558.516
331.318 560.616
331.422 562.729
331.419 564.85
331.379 566.975
331.433 569.102
331.694 571.217
332.096 573.313
332.571 575.397
333.066 577.472
333.329 579.585
333.597 581.692
334.243 583.709
335.104 585.654
336.086 587.545
336.879 589.489
337.497 591.468
338.305 593.334
339.338 595.059
340.552 596.66
341.866 598.15
343.08 599.721
342.854 601.574
341.508 603.086
340.395 604.731
339.301 606.434
338.197 608.137
337.216 609.981
335.784 611.593
335.034 613.622
333.582 615.284
332.267 617.021
330.885 618.698
329.881 620.625
328.927 622.612
327.483 624.332
326.591 626.368
325.904 628.484
325.353 630.637
324.419 632.655
323.368 634.61
322.517 636.655
321.859 638.756
321.349 640.887
321.076 643.053
320.646 645.199
319.884 647.259
319.047 649.273
317.708 651.044
316.977 653.088
316.162 655.123
315.016 657.006
314.021 658.933
312.988 660.852
311.669 662.647
311.041 664.763
309.833 666.659
309.34 668.79
309.015 670.956
308.494 673.089
308.077 675.246
307.596 677.401
307.059 679.535
306.682 681.696
306.421 683.865
306.284 686.038
306.281 688.214
306.234 690.389
306.106 692.553
305.797 694.691
305.367 696.808
305.211 698.948
305.255 701.096
305.399 703.249
305.381 705.406
305.23 707.555
305.237 709.702
305.543 711.836
305.86 713.989
306.104 716.152
306.322 718.32
306.615 720.486
307.121 722.622
307.719 724.747
308.158 726.912
308.511 729.099
308.901 731.283
309.578 733.394
310.855 735.274
311.575 737.375
312.105 739.56
312.824 741.676
313.545 743.799
314.296 745.922
315.225 747.981
316.319 749.968
317.364 751.992
318.719 753.861
319.644 755.953
321.199 757.626
322.541 759.434
324.034 761.12
325.385 762.9
326.383 764.9
327.037 767.051
327.417 769.247
328.173 771.323
329.333 773.244
330.344 775.263
331.534 777.159
332.97 778.843
334.541 780.424
335.733 782.294
337.293 783.907
338.353 785.855
339.463 787.762
340.632 789.626
341.716 791.542
342.927 793.39
343.878 795.356
344.812 797.324
345.557 799.367
346.363 801.387
347.24 803.376
348.213 805.329
349.081 807.318
349.613 809.415
349.913 811.561
350.471 813.643
351.526 815.53
352.987 817.193
353.777 819.175
354.172 821.282
354.55 823.382
355.211 825.415
356.112 827.365
356.855 829.368
357.516 831.406
358.121 833.455
358.834 835.472
359.565 837.481
360.63 839.346
361.682 841.197
362.264 843.228
362.851 845.258
363.728 847.194
364.533 849.142
364.958 851.201
365.201 853.301
365.462 855.403
365.723 857.517
366.07 859.626
366.832 861.633
367.808 863.585
368.422 865.674
369.111 867.742
369.706 869.844
369.745 872.046
369.629 874.248
369.642 876.471
369.953 878.678
370.652 880.837
371.526 882.954
372.408 885.088
373.41 887.163
375.023 888.891
375.754 891.084
377.187 892.894
378.281 894.88
379.379 896.832
380.537 898.73
381.685 900.62
383.137 902.341
383.898 904.433
385.225 906.22
386.471 908.01
387.955 909.578
389.401 911.181
390.989 912.642
391.675 914.649
392.622 916.494
393.823 918.175
395.15 919.782
396.316 921.492
397.603 923.084
398.996 924.622
399.384 926.573
399.161 928.55
398.215 930.368
397.395 932.239
396.6 934.121
395.53 935.91
394.484 937.739
393.469 939.593
392.055 941.237
391.257 943.231
390.029 944.985
389.361 946.963
389.058 949.061
388.634 951.137
387.89 953.141
386.986 955.088
386.327 957.12
385.754 959.173
385.262 961.231
384.988 963.328
384.879 965.456
384.938 967.593
384.825 969.71
384.284 971.76
383.43 973.7
382.542 975.639
381.348 977.424
380.384 979.312
379.531 981.269
378.826 983.291
378.389 985.373
378.107 987.48
377.805 989.577
377.358 991.643
376.951 993.712
376.453 995.759
375.932 997.797
375.654 999.861
375.699 1001.93
375.727 1003.99
375.468 1006.01
374.88 1007.96
374.242 1009.9
373.857 1011.91
373.639 1013.95
373.194 1015.97
372.84 1018
372.665 1020.06
372.549 1022.12
372.452 1024.19
372.333 1026.26
372.156 1028.33
371.812 1030.37
371.319 1032.4
371.052 1034.45
371.013 1036.52
371.125 1038.59
371.289 1040.65
371.186 1042.72
371.025 1044.78
371.1 1046.83
371.306 1048.87
371.095 1050.91
370.781 1052.93
370.572 1054.95
370.471 1056.98
370.522 1059.02
370.682 1061.04
370.851 1063.07
370.939 1065.11
371.023 1067.15
371.068 1069.19
371.071 1071.24
371.045 1073.28
371.033 1075.33
371.06 1077.38
371.186 1079.42
371.328 1081.47
371.398 1083.52
371.45 1085.56
371.591 1087.6
371.843 1089.62
372.166 1091.63
372.564 1093.61
373.214 1095.53
373.667 1097.47
373.82 1099.44
373.851 1101.43
373.817 1103.41
373.828 1105.4
373.948 1107.41
374.005 1109.43
374.121 1111.45
374.367 1113.48
374.093 1115.51
373.562 1117.51
373.256 1119.57
373.332 1121.67
373.769 1123.78
374.299 1125.87
374.775 1127.95
375.467 1129.97
376.973 1131.55
377.788 1133.44
378.061 1135.5
378.219 1137.56
378.603 1139.56
379.312 1141.48
379.755 1143.47
379.747 1145.51
379.72 1147.55
379.912 1149.59
380.113 1151.63
380.262 1153.69
380.488 1155.75
380.927 1157.77
381.652 1159.74
382.505 1161.69
383.006 1163.75
383.232 1165.84
383.29 1167.96
383.689 1170.01
384.476 1171.94
385.266 1173.89
386.363 1175.69
387.413 1177.55
387.407 1179.64
386.551 1181.63
385.573 1183.56
385.265 1185.65
385.333 1187.76
385.534 1189.86
385.92 1191.93
386.286 1193.99
386.419 1196.09
386.493 1198.18
386.875 1200.22
387.597 1202.16
388.38 1204.07
389.075 1206
389.676 1207.97
390.549 1209.86
391.273 1211.79
391.376 1213.83
391.063 1215.88
390.629 1217.91
390.287 1219.96
390.108 1222.04
390.353 1224.1
391.18 1226.04
392.105 1227.94
393.005 1229.83
393.6 1231.8
393.65 1233.86
393.359 1235.93
393.231 1238.02
393.384 1240.12
393.948 1242.18
395.22 1244.01
395.934 1246.04
395.75 1248.25
395.959 1250.4
396.638 1252.45
397.644 1254.37
398.845 1256.2
399.348 1258.31
399.646 1260.45
400.239 1262.5
401.294 1264.39
401.855 1266.45
402.254 1268.54
402.804 1270.58
403.702 1272.51
404.521 1274.45
405.251 1276.44
406.019 1278.42
406.582 1280.46
407.303 1282.47
408.215 1284.41
408.81 1286.45
409.056 1288.56
409.314 1290.67
409.727 1292.76
410.531 1294.77
411.13 1296.85
411.959 1298.84
412.977 1300.74
414.176 1302.53
415.142 1304.46
415.589 1306.56
416.257 1308.57
417.379 1310.39
418.427 1312.26
419.41 1314.17
420.305 1316.14
420.951 1318.21
421.646 1320.28
422.513 1322.27
423.665 1324.14
424.913 1325.97
425.761 1328.01
426.599 1330.05
427.78 1331.93
429.054 1333.73
430.31 1335.57
431.405 1337.53
432.475 1339.48
433.669 1341.38
434.478 1343.46
435.389 1345.52
436.521 1347.47
437.773 1349.36
439.322 1351.08
440.619 1352.95
441.676 1354.96
442.929 1356.87
444.497 1358.59
445.738 1360.56
447.043 1362.52
447.889 1364.72
449.576 1366.42
451.039 1368.26
452.323 1370.3
453.683 1372.3
455.439 1374.01
457.04 1375.87
458.225 1378.04
459.626 1380.06
461.33 1381.85
463.092 1383.63
464.62 1385.59
466.106 1387.57
467.597 1389.55
469.094 1391.56
470.709 1393.5
472.053 1395.62
473.99 1397.3
475.61 1399.27
477.306 1401.16
479.227 1402.81
481.053 1404.53
482.759 1406.34
484.368 1408.26
485.738 1410.39
487.538 1412.19
489.498 1413.84
490.993 1415.91
492.427 1418.05
494.072 1420.01
495.896 1421.82
497.837 1423.59
499.486 1425.62
501.324 1427.44
503.408 1429.01
505.326 1430.78
507.167 1432.57
508.997 1434.39
511.106 1435.89
513.271 1437.31
514.964 1439.27
516.8 1441.07
518.915 1442.51
520.907 1444.08
522.79 1445.73
524.56 1447.55
526.383 1449.3
528.207 1451.02
530.165 1452.6
532.171 1454.09
534.004 1455.79
535.726 1457.64
537.725 1459.17
539.676 1460.72
541.671 1462.21
543.595 1463.81
545.342 1465.65
547.173 1467.34
549.204 1468.77
551.371 1470.02
553.3 1471.61
555.095 1473.34
557.177 1474.62
559.338 1475.79
561.411 1477.08
563.215 1478.72
565.28 1479.98
567.128 1481.58
569.085 1482.96
571.105 1484.2
573.322 1485.04
575.454 1486.04
577.308 1487.54
579.232 1488.9
581.237 1490.09
583.18 1491.41
584.97 1492.96
587.103 1493.78
589.283 1494.46
591.393 1495.35
593.57 1496.04
595.295 1497.6
597.189 1498.91
599.112 1500.19
601.005 1501.47
603.076 1502.38
605.125 1503.36
607.104 1504.5
609.048 1505.65
611.057 1506.61
613.092 1507.57
615.141 1508.51
617.161 1509.51
619.107 1510.63
620.987 1511.84
622.907 1512.98
624.833 1514.07
626.778 1515.09
628.776 1516.02
630.909 1516.49
633.079 1516.87
635.141 1517.58
637.199 1518.31
639.174 1519.28
641.301 1519.82
643.144 1521.05
644.981 1522.26
646.889 1523.37
648.819 1524.45
650.868 1525.24
652.951 1525.97
654.801 1527.27
656.927 1527.69
659.135 1527.9
661.134 1528.86
663.095 1529.91
665.193 1530.65
667.298 1531.33
669.474 1531.66
671.695 1531.69
673.669 1532.61
675.447 1533.9
677.351 1534.95
679.322 1535.89
681.337 1536.71
683.256 1537.69
685.073 1538.87
686.827 1540.14
688.878 1540.75
691.005 1541.06
693.143 1541.37
695.239 1541.89
697.165 1542.91
699.167 1543.68
701.193 1544.32
703.282 1544.74
705.397 1545.15
707.432 1545.82
709.474 1546.45
711.529 1547.03
713.547 1547.7
715.539 1548.39
717.571 1548.92
719.6 1549.49
721.648 1549.97
723.696 1550.48
725.75 1551.02
727.765 1551.71
729.876 1552.02
732.029 1552.26
734.079 1552.95
736.109 1553.69
738.205 1554.3
740.338 1554.73
742.504 1554.77
744.593 1554.27
746.492 1553.24
748.361 1552.18
750.405 1551.68
752.489 1551.69
754.511 1552.1
756.299 1553.19
758.173 1554.02
760.149 1554.62
762.152 1555.15
764.142 1555.74
766.182 1556.11
768.24 1556.34
770.291 1556.66
772.309 1557.08
774.344 1557.26
776.375 1557.21
778.41 1557.1
780.371 1557.55
782.263 1558.26
784.049 1559.25
786.076 1559.62
788.077 1560.14
789.8 1561.36
791.709 1562.11
793.71 1562.62
795.682 1563.24
797.575 1564.07
799.468 1564.92
801.423 1565.61
803.444 1566.05
805.458 1566.55
807.424 1567.25
809.468 1567.7
811.553 1567.91
813.666 1567.98
815.711 1568.46
817.63 1569.36
819.622 1570.02
821.645 1570.6
823.67 1571.19
825.742 1571.59
827.842 1571.69
829.938 1571.59
832.023 1571.57
834.074 1571.88
836.084 1572.39
838.101 1572.88
840.091 1573.48
842.151 1573.7
844.224 1573.73
846.294 1573.74
848.356 1573.75
850.411 1573.81
852.464 1573.86
854.52 1573.8
856.571 1573.65
858.626 1573.57
860.664 1573.76
862.672 1574.14
864.668 1574.55
866.683 1574.82
868.715 1574.89
870.75 1574.82
872.785 1574.71
874.82 1574.62
876.855 1574.59
878.887 1574.63
880.91 1574.74
882.924 1574.88
884.938 1574.97
886.943 1575.21
888.872 1575.77
890.591 1576.9
892.474 1577.55
894.473 1577.71
896.49 1577.7
898.51 1577.67
900.529 1577.65
902.518 1577.4
904.342 1576.44
906.296 1575.88
908.343 1575.87

145

414.169 883.54
411.538 883.375
409.212 882.337
407.548 880.371
405.902 878.433
404.811 876.218
403.982 873.908
403.016 871.676
401.78 869.587
401.068 867.329
400.424 865.057
399.106 863.113
397.651 861.251
396.706 859.145
395.831 857.011
394.776 854.952
394.064 852.786
393.696 850.539
393.371 848.298
392.642 846.166
391.728 844.115
391.256 841.953
390.917 839.752
390.569 837.598
390.462 835.428
390.467 833.258
389.94 831.175
389.357 829.111
388.866 827.005
388.025 825.021
386.677 823.292
385.534 821.448
385.066 819.33
384.794 817.152
384.631 814.954
384.664 812.74
384.756 810.525
385.073 808.335
385.88 806.276
387.311 804.461
387.929 802.363
387.192 800.317
385.599 798.673
384.467 796.773
383.468 794.81
382.344 792.91
381.493 790.917
381.198 788.768
381.101 786.6
381.09 784.43
381.206 782.255
381.306 780.06
381.117 777.863
380.444 775.733
379.66 773.625
379.424 771.401
379.624 769.16
380.379 766.998
381.056 764.789
381.456 762.501
382.051 760.254
383.17 758.123
383.314 755.767
383.309 753.388
383.72 751.05
385.126 749.024
386.186 746.815
387.734 744.91
389.491 743.157
391.828 742.29
394.421 742.266
397.029 742.421
399.488 743.082
401.527 744.441
402.398 746.696
402.752 749.098
403.144 751.456
403.793 753.721
404.401 755.951
404.971 758.143
405.718 760.257
406.336 762.38
406.559 764.58
406.652 766.785
406.687 768.964
406.859 771.101
407.209 773.184
407.816 775.191
408.558 777.122
409.068 779.111
409.305 781.145
409.698 783.136
410.443 785.036
411.404 786.829
412.433 788.593
413.434 790.37
414.713 792.008
415.581 793.903
416.661 795.684
417.822 797.421
418.745 799.303
419.871 801.073
421.207 802.675
422.756 804.122
424.524 805.344
426.335 806.571
428.369 807.442
430.448 808.251
432.035 809.842
433.237 811.83
434.387 813.89
435.367 815.996
435.577 818.246
435.169 820.477
434.733 822.688
434.482 824.905
434.499 827.133
434.881 829.322
435.756 831.394
436.671 833.455
437.547 835.559
438.908 837.469
439.902 839.589
441.137 841.653
441.861 843.937
442.062 846.397
442.115 848.917
442.09 851.444
441.536 853.85
439.911 855.719
438.164 857.49
436.336 859.113
434.586 860.803
433.008 862.638
431.455 864.529
430.006 866.515
429.146 868.799
428.247 871.101
426.924 873.207
425.732 875.375
424.355 877.469
423.173 879.706
421.436 881.583
419.401 883.096
416.847 883.567

