CONTOUR

3

2180

1027.14 1606.6
1029.21 1606.52
1031.29 1606.32
1033.34 1606.16
1035.39 1605.97
1037.42 1605.84
1039.45 1605.67
1041.47 1605.49
1043.5 1605.45
1045.53 1605.42
1047.56 1605.3
1049.61 1605.15
1051.65 1605.12
1053.7 1605.13
1055.75 1605.14
1057.78 1604.99
1059.81 1604.73
1061.83 1604.41
1063.87 1604.08
1065.88 1603.62
1067.9 1603.14
1069.94 1602.77
1071.97 1602.38
1073.96 1601.81
1075.77 1600.81
1077.66 1600
1079.74 1600.33
1081.76 1600.17
1083.66 1599.34
1085.62 1598.7
1087.65 1598.38
1089.71 1598.29
1091.76 1598.31
1093.82 1598.28
1095.87 1598.14
1097.93 1597.99
1099.99 1597.92
1102.05 1597.8
1104.1 1597.55
1106.18 1597.41
1108.26 1597.31
1110.34 1597.13
1112.39 1596.66
1114.46 1596.33
1116.54 1596.05
1118.62 1595.72
1120.69 1595.34
1122.72 1594.8
1124.75 1594.3
1126.72 1593.63
1128.58 1592.71
1130.33 1591.61
1132.17 1590.64
1134.16 1590.04
1136.18 1589.54
1138.27 1589.24
1140.36 1589.02
1142.46 1588.83
1144.55 1588.65
1146.61 1588.21
1148.56 1587.34
1150.56 1586.53
1152.55 1585.68
1154.29 1584.3
1156.35 1583.76
1158.48 1583.9
1160.54 1584.72
1162.65 1584.57
1164.69 1583.82
1166.74 1583.1
1168.78 1582.41
1170.89 1581.96
1173.04 1581.75
1175.15 1581.35
1177.12 1580.5
1179.07 1579.59
1181.03 1578.69
1183.04 1577.94
1185 1577.15
1186.84 1576.11
1188.72 1575.11
1190.66 1574.14
1192.72 1573.58
1194.85 1573.43
1197 1573.33
1199.1 1572.96
1201.12 1572.21
1203.06 1571.26
1205.08 1570.47
1207.09 1569.71
1209 1568.78
1210.82 1567.65
1212.73 1566.65
1214.71 1565.83
1216.79 1565.23
1218.89 1564.77
1221.02 1564.33
1223.11 1563.68
1225.14 1562.86
1227.27 1562.33
1229.36 1561.69
1231.27 1560.57
1233.24 1559.62
1235.34 1558.99
1237.35 1558.13
1239.37 1557.33
1241.27 1556.26
1242.99 1554.92
1244.8 1553.72
1246.48 1552.31
1248.43 1551.38
1250.26 1550.23
1252.13 1549.22
1253.92 1548.07
1255.67 1546.79
1257.5 1545.67
1259.03 1544.14
1260.86 1543.06
1262.65 1541.93
1264.56 1541.05
1266.51 1540.27
1268.37 1539.26
1270.19 1538.21
1272.04 1537.17
1273.84 1536.01
1275.78 1535.17
1277.7 1534.24
1279.67 1533.46
1281.68 1532.72
1283.64 1531.87
1285.5 1530.78
1287.46 1529.88
1289.49 1529.07
1291.29 1527.8
1293.3 1526.91
1295.35 1526.09
1297.5 1525.59
1299.71 1525.41
1301.89 1525.12
1303.91 1524.18
1305.92 1523.1
1308.05 1522.29
1310.13 1521.38
1312 1519.98
1314.23 1519.31
1316 1517.77
1317.92 1516.57
1320 1515.56
1322.13 1514.6
1324.14 1513.46
1325.79 1511.75
1327.74 1510.47
1329.77 1509.23
1331.88 1508.15
1333.86 1506.87
1335.86 1505.59
1337.59 1503.9
1339.46 1502.46
1341.3 1500.99
1343.43 1499.95
1345.54 1498.84
1347.49 1497.55
1349.21 1495.87
1351.5 1495.11
1353.22 1493.46
1354.82 1491.74
1356.57 1490.16
1358.42 1488.7
1360.42 1487.41
1362.23 1485.81
1364.25 1484.58
1366.21 1483.25
1368.22 1481.99
1370.33 1480.81
1372.18 1479.24
1373.78 1477.34
1375.84 1475.99
1377.96 1474.68
1379.92 1473.18
1381.65 1471.35
1383.48 1469.6
1385.62 1468.26
1387.59 1466.71
1389.57 1465.17
1391.49 1463.49
1393.29 1461.68
1394.99 1459.85
1396.58 1457.9
1397.91 1455.74
1399.69 1453.94
1401.82 1452.55
1403.79 1450.98
1405.71 1449.39
1407.51 1447.6
1409.29 1445.79
1411.01 1444.01
1412.64 1442.12
1414.02 1440.02
1415.86 1438.35
1417.9 1436.87
1419.52 1434.92
1421.32 1433.2
1423.26 1431.57
1425 1429.77
1426.98 1428.31
1428.59 1426.47
1429.89 1424.35
1431.59 1422.52
1433.09 1420.55
1434.1 1418.31
1435.53 1416.34
1437.46 1414.85
1439.42 1413.35
1441.33 1411.86
1442.92 1410.05
1444.35 1408.09
1445.66 1406.08
1446.89 1404.04
1447.63 1401.77
1448.89 1399.74
1450.25 1397.82
1451.71 1396
1453.14 1394.14
1454.75 1392.44
1456.77 1391.18
1458.38 1389.41
1460.05 1387.72
1461.47 1385.83
1463.03 1384
1463.79 1381.75
1465.35 1379.95
1466.39 1377.9
1467.21 1375.72
1468.19 1373.61
1469.25 1371.57
1470.55 1369.65
1471.54 1367.55
1472.78 1365.58
1474.15 1363.73
1475.35 1361.78
1476.33 1359.71
1476.98 1357.5
1477.99 1355.47
1479.52 1353.72
1480.86 1351.81
1482.42 1350.09
1484 1348.43
1484.99 1346.39
1485.96 1344.34
1487.64 1342.78
1489.24 1341.13
1490.13 1339.04
1490.88 1336.9
1492.09 1334.97
1492.91 1332.86
1493.42 1330.66
1494.07 1328.53
1495.52 1326.79
1496.78 1324.91
1497.55 1322.82
1498.2 1320.7
1499.25 1318.75
1500.23 1316.77
1500.82 1314.66
1501.32 1312.53
1501.83 1310.4
1502.16 1308.24
1502.68 1306.13
1503.34 1304.05
1503.67 1301.91
1503.97 1299.74
1505.36 1297.99
1506.34 1296.07
1506.98 1294.01
1507.5 1291.92
1508.02 1289.82
1508.39 1287.72
1508.66 1285.61
1508.98 1283.52
1509.38 1281.45
1509.88 1279.39
1510.53 1277.36
1511.22 1275.36
1511.97 1273.36
1511.87 1271.23
1512.11 1269.15
1513.46 1267.42
1514.15 1265.45
1514.55 1263.39
1514.88 1261.29
1515.27 1259.22
1515.57 1257.14
1515.52 1255.04
1515.57 1252.95
1515.83 1250.87
1516.2 1248.81
1516.48 1246.75
1516.67 1244.68
1516.8 1242.62
1516.95 1240.57
1517.21 1238.53
1517.31 1236.48
1517.38 1234.43
1517.51 1232.38
1517.81 1230.37
1518.09 1228.35
1518.33 1226.32
1518.32 1224.26
1518.22 1222.2
1518.13 1220.15
1518.1 1218.1
1518.14 1216.05
1518.35 1214.02
1518.62 1211.98
1519.02 1209.96
1519.58 1207.97
1520.14 1205.99
1521.23 1204.19
1521.75 1202.17
1522.45 1200.22
1523.62 1198.48
1524.71 1196.7
1525.74 1194.88
1527.27 1193.34
1528.14 1191.34
1529.53 1189.62
1530.69 1187.77
1531.86 1185.9
1532.74 1183.86
1533.73 1181.89
1535.42 1180.42
1537.03 1178.89
1538.28 1177.11
1539.33 1175.15
1540.47 1173.22
1541.76 1171.4
1543.3 1169.7
1544.12 1167.53
1545.67 1165.77
1546.93 1163.84
1548.22 1161.91
1549.31 1159.85
1550.71 1158.01
1552.02 1156.15
1553.37 1154.26
1554.02 1152.02
1555.12 1150.02
1556.52 1148.2
1557.85 1146.32
1559.52 1144.68
1561.26 1143.08
1562.45 1141.02
1563.85 1139.12
1565.37 1137.32
1567.04 1135.58
1567.99 1133.36
1569.79 1131.75
1571.29 1129.93
1572.5 1127.86
1573.84 1125.95
1575.57 1124.37
1577.32 1122.78
1578.63 1120.89
1579.74 1118.83
1580.77 1116.74
1581.99 1114.77
1583.68 1113.11
1585.32 1111.39
1586.42 1109.32
1587.6 1107.32
1588.72 1105.28
1589.77 1103.23
1591.04 1101.26
1591.92 1099.15
1593.25 1097.27
1594.36 1095.28
1595.38 1093.22
1596.46 1091.22
1597.46 1089.19
1598.94 1087.42
1600.04 1085.44
1600.92 1083.38
1601.46 1081.21
1602.33 1079.16
1603.36 1077.17
1604.31 1075.16
1604.97 1073.06
1605.58 1070.95
1605.97 1068.8
1606.59 1066.72
1607.29 1064.66
1608.04 1062.65
1608.91 1060.69
1609.24 1058.58
1609.52 1056.48
1610.23 1054.49
1611.03 1052.55
1611.99 1050.66
1612.7 1048.7
1613.2 1046.67
1613.46 1044.6
1613.61 1042.5
1614.04 1040.45
1615.25 1038.66
1615.96 1036.66
1616.59 1034.64
1617.24 1032.64
1617.84 1030.62
1618.37 1028.59
1618.98 1026.56
1619.81 1024.6
1620.42 1022.57
1620.78 1020.48
1621.11 1018.38
1621.54 1016.31
1622.27 1014.32
1623.31 1012.46
1624.44 1010.66
1625.23 1008.69
1625.79 1006.65
1626.16 1004.56
1626.46 1002.45
1626.92 1000.38
1627.67 998.388
1628.36 996.382
1628.8 994.312
1629.25 992.271
1629.71 990.242
1629.97 988.17
1630.4 986.116
1630.97 984.082
1631.61 982.091
1632.34 980.128
1632.98 978.152
1633.3 976.111
1633.6 974.079
1633.7 972.026
1633.8 969.966
1634.15 967.943
1634.88 966.007
1635.67 964.095
1636.24 962.108
1636.55 960.076
1636.74 958.03
1636.86 955.975
1637.03 953.925
1637.36 951.885
1637.75 949.89
1637.94 947.858
1638.26 945.83
1638.78 943.827
1639.4 941.854
1640.05 939.886
1640.73 937.931
1641.1 935.909
1641.24 933.881
1641.32 931.847
1641.42 929.81
1641.72 927.788
1642.31 925.833
1642.68 923.821
1643.14 921.822
1643.72 919.843
1644.23 917.86
1644.57 915.842
1644.79 913.816
1644.91 911.786
1645.03 909.771
1645.1 907.744
1645.25 905.701
1645.59 903.665
1646.16 901.692
1646.84 899.743
1647.26 897.726
1647.34 895.667
1647.5 893.603
1647.98 891.604
1648.55 889.638
1648.92 887.629
1649.15 885.612
1649.28 883.583
1649.39 881.556
1649.76 879.566
1650.33 877.62
1650.72 875.632
1651.12 873.63
1651.56 871.632
1651.96 869.631
1652.23 867.612
1652.41 865.593
1652.54 863.575
1652.6 861.554
1652.61 859.527
1652.57 857.498
1652.44 855.47
1652.36 853.435
1652.39 851.402
1652.44 849.376
1652.55 847.355
1652.63 845.331
1652.63 843.305
1652.62 841.279
1652.61 839.25
1652.53 837.226
1652.38 835.203
1652.26 833.174
1652.22 831.14
1652.24 829.107
1652.25 827.074
1652.26 825.038
1652.27 822.998
1652.25 820.945
1652.22 818.896
1652.14 816.85
1652.02 814.803
1651.92 812.747
1651.9 810.685
1651.9 808.619
1651.9 806.55
1651.9 804.476
1651.9 802.398
1651.91 800.316
1651.91 798.229
1651.89 796.137
1651.85 794.041
1651.69 791.947
1651.33 789.876
1650.84 787.828
1650.45 785.767
1650.08 783.703
1649.79 781.634
1649.69 779.544
1649.59 777.452
1649.19 775.398
1648.37 773.435
1647.62 771.442
1646.87 769.436
1645.93 767.494
1645.42 765.407
1645.21 763.256
1644.87 761.147
1644.14 759.136
1643.2 757.166
1642.41 755.126
1641.49 753.164
1639.99 751.487
1639.21 749.421
1637.88 747.645
1637.19 745.604
1636.37 743.599
1634.95 741.928
1633.6 740.266
1632.28 738.579
1631.29 736.672
1629.76 735.097
1628.86 733.137
1628.01 731.162
1626.84 729.337
1625.87 727.414
1625.38 725.327
1625.1 723.19
1624.46 721.146
1623.42 719.278
1622.16 717.474
1621.6 715.388
1621.24 713.261
1620.5 711.243
1619.53 709.296
1618.64 707.312
1618.01 705.238
1617.27 703.199
1616.3 701.253
1615.15 699.392
1614.08 697.502
1613.36 695.469
1612.54 693.471
1611.58 691.537
1610.59 689.61
1609.79 687.604
1609.13 685.572
1608.26 683.617
1607.34 681.7
1606.11 679.921
1605.1 678.062
1604.36 676.1
1603.49 674.19
1602.48 672.354
1601.35 670.615
1600.17 668.912
1599.36 667.019
1598.26 665.274
1597.36 663.406
1596.45 661.532
1595.41 659.738
1594.55 657.844
1593.95 655.846
1593.35 653.845
1592.54 651.899
1591.82 649.91
1591.25 647.865
1589.83 646.226
1589.08 644.281
1588.64 642.213
1588 640.204
1587 638.315
1586.27 636.32
1585.47 634.338
1584.11 632.598
1583.49 630.537
1582.33 628.71
1581.3 626.829
1580.37 624.927
1579.34 623.04
1578.49 621.043
1577.57 619.085
1576.2 617.356
1575.42 615.339
1574.27 613.466
1573.53 611.44
1572.82 609.422
1571.81 607.502
1570.66 605.649
1569.51 603.802
1567.95 602.186
1567.65 600.023
1567.25 597.955
1565.81 596.289
1564.97 594.345
1564.39 592.292
1563.48 590.372
1562.55 588.454
1561.6 586.537
1560.26 584.833
1559.45 582.852
1558.25 581.055
1557.33 579.134
1556.71 577.114
1555.96 575.137
1554.95 573.254
1554.26 571.238
1553.76 569.168
1553.17 567.106
1552.21 565.163
1551.06 563.294
1550.07 561.352
1549.34 559.293
1548.47 557.284
1547.39 555.374
1546.34 553.44
1545.42 551.435
1544.5 549.425
1543.47 547.465
1542.27 545.579
1541.33 543.55
1540.35 541.557
1539.18 539.663
1538.16 537.693
1537.18 535.687
1535.88 533.833
1535.13 531.719
1533.77 529.882
1532.93 527.784
1531.75 525.887
1530.47 524.051
1529.34 522.102
1527.88 520.309
1527.29 518.081
1525.82 516.328
1524.74 514.376
1523.7 512.373
1522.7 510.341
1521.72 508.296
1520.33 506.461
1519.25 504.434
1517.62 502.743
1516.5 500.714
1515.26 498.745
1513.88 496.879
1512.39 495.046
1511.34 492.896
1509.71 491.128
1508.4 489.173
1507.09 487.167
1505.76 485.149
1503.88 483.58
1502.26 481.796
1501.02 479.732
1499.89 477.613
1498.57 475.619
1497.29 473.578
1495.69 471.718
1494.24 469.779
1492.8 467.874
1491.34 465.983
1489.89 464.074
1488.04 462.488
1487.09 460.248
1485.43 458.445
1484.07 456.437
1482.67 454.442
1481.29 452.437
1479.47 450.762
1477.58 449.151
1476.23 447.048
1474.79 444.994
1473.14 443.121
1471.27 441.426
1469.5 439.587
1468.05 437.49
1466.28 435.707
1464.22 434.247
1462.16 432.813
1460.41 431.057
1459 428.92
1457.36 427.018
1455.43 425.381
1453.58 423.61
1451.83 421.78
1449.84 420.276
1447.71 418.946
1445.59 417.637
1443.88 415.808
1441.93 414.308
1439.85 413.001
1437.76 411.752
1435.83 410.298
1433.8 408.978
1431.85 407.48
1430.04 405.819
1427.93 404.689
1425.79 403.628
1423.65 402.519
1421.57 401.318
1419.67 399.879
1417.67 398.601
1415.66 397.312
1413.71 395.977
1411.72 394.713
1409.54 393.85
1407.37 392.909
1405.48 391.513
1403.89 389.715
1401.86 388.585
1399.68 387.685
1397.58 386.638
1395.59 385.469
1393.81 383.897
1391.51 383.269
1389.74 381.719
1387.83 380.447
1385.86 379.244
1383.81 378.188
1381.72 377.279
1379.67 376.329
1377.75 375.133
1375.89 373.79
1373.86 372.773
1371.89 371.697
1369.95 370.535
1367.9 369.548
1366.12 368.162
1364.32 366.819
1362.32 365.891
1360.17 365.306
1358.25 364.209
1356.47 362.871
1354.5 361.912
1352.47 361.041
1350.71 359.652
1348.76 358.609
1346.83 357.523
1344.75 356.795
1342.79 355.778
1340.92 354.595
1339 353.522
1337.36 351.986
1335.29 351.198
1333.47 349.867
1331.4 349.108
1329.42 348.156
1327.53 346.944
1325.46 346.15
1323.48 345.215
1321.79 343.694
1319.65 342.988
1317.88 341.567
1316 340.396
1314.11 339.239
1312.13 338.23
1310.06 337.431
1307.97 336.766
1305.97 335.822
1303.9 334.975
1302.14 333.568
1300.2 332.538
1298.22 331.554
1296.23 330.586
1294.16 329.819
1292.02 329.313
1289.94 328.493
1287.93 327.501
1286.01 326.388
1284.14 325.18
1282.09 324.334
1280.01 323.506
1277.97 322.626
1276 321.637
1274.23 320.207
1272.15 319.444
1270.11 318.588
1268.3 317.243
1266.29 316.29
1264.24 315.383
1262.13 314.651
1259.97 314.102
1257.92 313.257
1256.15 311.796
1254.04 311.076
1252.17 309.818
1250.04 309.239
1247.94 308.573
1246.04 307.43
1244.06 306.487
1241.95 305.869
1239.88 305.106
1238.11 303.726
1236.06 302.929
1233.99 302.144
1231.89 301.482
1229.95 300.485
1228.08 299.365
1226.11 298.419
1224.05 297.731
1221.98 297.11
1219.98 296.255
1217.99 295.351
1216 294.457
1214.09 293.393
1212.04 292.686
1209.96 292.048
1207.94 291.214
1205.9 290.465
1203.77 290.046
1201.61 289.731
1199.52 289.155
1197.6 288.132
1195.73 287.011
1193.83 286.011
1191.78 285.407
1189.76 284.719
1187.75 284.017
1185.79 283.133
1183.75 282.502
1181.66 282.139
1179.53 281.891
1177.4 281.582
1175.37 280.896
1173.56 279.714
1171.73 278.579
1169.72 277.859
1167.64 277.387
1165.59 276.793
1163.53 276.209
1161.52 275.429
1159.48 274.727
1157.37 274.288
1155.23 273.989
1153.07 273.706
1150.95 273.195
1148.78 272.78
1146.6 272.445
1144.39 272.541
1142.29 273.148
1140.45 274.476
1138.43 275.225
1136.6 274.149
1135.29 272.326
1133.64 270.976
1131.68 270.191
1129.56 269.937
1127.45 269.728
1125.35 269.323
1123.28 268.885
1121.2 268.52
1119.13 268.181
1117.08 267.684
1115.08 267.005
1113.03 266.568
1110.96 266.351
1108.88 266.275
1106.81 266.23
1104.73 266.191
1102.66 266.142
1100.61 266.122
1098.56 266.124
1096.52 266.112
1094.47 266.097
1092.44 266.098
1090.41 266.085
1088.37 266.052
1086.35 266.006
1084.33 265.953
1082.31 265.912
1080.29 265.896
1078.27 265.898
1076.26 265.926
1074.24 265.905
1072.25 265.702
1070.28 265.319
1068.3 265.15
1066.31 265.014
1064.32 264.842
1062.33 264.68
1060.34 264.47
1058.36 264.15
1056.41 263.671
1054.53 263.022
1052.68 262.26
1050.75 261.807
1048.78 261.594
1046.84 261.19
1044.87 260.848
1042.89 260.587
1040.89 260.342
1038.87 260.135
1036.85 259.889
1034.86 259.443
1032.86 258.999
1030.85 258.66
1028.81 258.451
1026.78 258.289
1024.74 258.17
1022.7 258.018
1020.67 257.942
1018.63 257.888
1016.6 257.687
1014.6 257.273
1012.6 256.983
1010.59 256.753
1008.55 256.658
1006.52 256.515
1004.51 256.21
1002.54 255.727
1000.57 255.252
998.595 254.872
996.663 254.304
994.709 253.875
992.727 253.659
990.748 253.416
988.75 253.299
986.75 253.226
984.757 253.027
982.821 252.452
980.828 252.021
978.827 251.599
976.803 251.286
974.76 251.141
972.726 250.917
970.696 250.705
968.671 250.553
966.649 250.445
964.623 250.338
962.599 250.207
960.576 250.098
958.554 249.998
956.529 249.929
954.498 249.936
952.461 249.913
950.421 249.886
948.378 249.867
946.331 249.815
944.29 249.595
942.282 249.229
940.254 249.099
938.22 249.012
936.184 248.956
934.147 248.976
932.106 248.922
930.071 248.791
928.037 248.644
926.011 248.489
923.984 248.503
921.962 248.661
919.941 248.828
917.915 248.83
915.918 248.54
913.971 248.001
912.021 247.517
910.045 247.183
908.069 246.88
906.088 246.67
904.113 246.808
902.16 247.164
900.198 247.365
898.231 247.269
896.281 246.973
894.341 246.601
892.386 246.28
890.403 246.121
888.404 246.134
886.399 246.245
884.393 246.177
882.382 246.024
880.365 245.983
878.342 245.994
876.316 245.955
874.288 245.914
872.257 245.887
870.227 245.887
868.195 245.898
866.164 245.905
864.135 245.861
862.114 245.801
860.099 245.743
858.092 245.682
856.088 245.665
854.078 245.702
852.066 245.702
850.054 245.69
848.041 245.68
846.029 245.694
844.017 245.692
842.005 245.676
839.994 245.653
837.985 245.669
835.976 245.687
833.969 245.693
831.964 245.678
829.966 245.708
827.973 245.86
825.977 246.069
823.976 246.061
821.98 245.89
819.979 245.869
817.972 245.93
815.96 246.006
813.946 246.072
811.933 246.075
809.923 245.979
807.917 245.89
805.908 245.854
803.911 245.742
801.923 245.643
799.95 245.517
797.999 245.309
796.051 245.281
794.11 245.4
792.17 245.501
790.246 245.283
788.347 244.844
786.414 244.516
784.443 244.338
782.449 244.21
780.444 244.034
778.452 243.662
776.447 243.324
774.421 243.176
772.388 243.166
770.35 243.195
768.323 243.039
766.315 242.71
764.298 242.463
762.281 242.289
760.271 242.146
758.263 242.031
756.263 241.909
754.271 241.739
752.274 241.502
750.341 241.005
748.473 240.27
746.659 239.411
744.884 238.49
743.039 237.7
741.147 236.99
739.661 235.624
738.422 233.976
737.1 232.431
735.475 231.127
734.108 229.488
732.56 228.079
730.902 226.78
729.063 225.758
727.186 224.724
725.4 223.476
723.533 222.394
721.524 221.627
719.554 220.711
717.726 219.498
715.826 218.458
713.797 217.686
711.807 216.776
710.024 215.519
708.377 214.042
706.466 213.048
704.463 212.266
702.5 211.364
700.516 210.54
698.446 209.949
696.406 209.272
694.642 208.002
692.666 207.141
690.698 206.29
688.684 205.634
686.635 205.055
684.577 204.51
682.5 203.998
680.428 203.443
678.34 202.95
676.223 202.651
674.096 202.451
671.967 202.275
669.859 202.102
667.754 201.969
665.656 201.836
663.564 201.684
661.477 201.574
659.387 201.556
657.298 201.585
655.212 201.746
653.102 201.891
650.986 201.921
648.869 201.906
646.755 201.878
644.653 201.922
642.545 202.017
640.43 202.152
638.318 202.309
636.202 202.472
634.086 202.673
631.982 202.966
629.908 203.455
627.825 203.928
625.717 204.274
623.622 204.681
621.574 205.129
619.491 205.278
617.424 205.517
615.485 206.268
613.665 207.326
611.732 208.131
609.718 208.698
607.629 208.94
605.522 209.067
603.409 209.196
601.283 209.304
599.154 209.617
597.019 209.995
594.855 210.322
592.674 210.675
590.519 211.228
588.415 212.021
586.268 212.723
584.181 213.564
582.353 214.93
580.292 215.857
578.219 216.78
576.079 217.516
573.996 218.426
571.899 219.332
569.819 220.317
567.777 221.373
566.093 223.037
563.946 223.829
561.911 224.91
559.773 225.817
557.729 226.914
555.73 228.092
553.637 229.09
551.618 230.278
549.676 231.627
547.768 233.034
545.54 233.761
543.327 234.594
541.383 235.963
539.613 237.534
538.055 239.379
536.277 241.002
534.446 242.485
532.537 243.894
530.709 245.394
529.224 247.299
527.396 248.86
525.325 250.121
523.441 251.606
521.641 253.201
519.786 254.773
517.606 255.806
515.913 257.542
514.023 259
512.104 260.456
510.237 261.938
508.449 263.555
506.791 265.322
505.089 266.991
503.298 268.617
501.395 270.146
499.806 271.969
498.498 274.054
497.054 275.998
495.279 277.681
493.528 279.432
492.136 281.448
490.61 283.34
489.19 285.296
487.62 287.188
486.167 289.131
484.561 290.876
483.084 292.73
481.933 294.798
480.586 296.681
479.304 298.593
477.528 300.131
476.075 301.898
474.822 303.843
473.901 305.991
472.542 307.875
471.306 309.824
469.758 311.595
468.647 313.627
467.497 315.618
466.34 317.594
465.185 319.576
463.804 321.421
462.619 323.35
461.361 325.246
460.398 327.328
459.219 329.293
458.369 331.383
457.744 333.562
456.734 335.579
455.559 337.528
454.639 339.576
453.73 341.61
452.869 343.667
451.856 345.667
450.75 347.611
449.942 349.682
449.07 351.741
447.691 353.507
446.148 355.135
445.219 357.107
444.482 359.193
443.299 361.062
442.292 362.982
441.7 365.072
441.034 367.161
439.756 368.957
438.832 370.937
437.967 372.929
437.389 374.998
436.603 377.004
435.772 378.986
434.882 380.964
434.218 383.013
433.688 385.076
433.417 387.195
433.013 389.3
431.733 391.109
431.014 393.153
429.788 394.983
429.324 397.081
428.821 399.148
427.984 401.122
427.004 403.037
426.356 405.069
425.773 407.113
425.186 409.134
424.479 411.12
423.81 413.144
423.088 415.165
422.192 417.066
421.749 419.093
421.547 421.171
421.157 423.214
420.297 425.13
419.56 427.096
418.904 429.102
418.506 431.158
418.234 433.217
418.084 435.279
417.856 437.337
417.511 439.398
417.22 441.455
417.041 443.537
416.637 445.594
415.958 447.589
415.254 449.588
414.539 451.585
413.798 453.559
413.14 455.571
412.174 457.47
410.997 459.267
410.143 461.223
409.267 463.183
407.871 464.842
406.753 466.667
405.476 468.411
404.597 470.385
403.61 472.346
402.489 474.227
401.371 476.101
399.833 477.741
399.08 479.886
397.523 481.588
396.271 483.468
394.943 485.306
393.868 487.293
393.112 489.423
392.061 491.391
390.612 493.151
389.593 495.138
388.731 497.196
387.945 499.273
387.012 501.303
386.528 503.454
386.352 505.657
386.26 507.856
386.196 510.047
386.163 512.226
386.143 514.398
386.15 516.561
386.159 518.713
386.078 520.857
385.961 522.986
385.845 525.106
385.698 527.214
385.578 529.303
385.562 531.385
385.567 533.46
385.576 535.526
385.565 537.583
385.516 539.643
385.402 541.703
385.128 543.747
384.743 545.775
384.345 547.796
383.938 549.814
383.59 551.836
383.453 553.854
383.488 555.871
383.704 557.863
384.091 559.822
384.452 561.771
384.713 563.716
384.919 565.65
385.009 567.573
384.852 569.481
384.665 571.38
384.361 573.259
383.57 574.943
381.68 575.545
380.232 576.826
378.624 577.859
376.891 578.705
375.193 579.744
373.402 580.718
371.604 581.659
369.953 582.932
368.011 583.749
366.534 585.295
364.755 586.397
363.004 587.575
361.249 588.774
359.317 589.762
357.405 590.823
355.498 591.907
353.56 592.974
351.442 593.555
349.262 593.978
347.033 594.298
344.811 594.738
342.687 595.615
340.49 596.34
338.218 596.892
336.063 597.753
334.532 599.513
333.196 601.452
332.432 603.645
331.932 605.916
331.275 608.148
330.162 610.184
328.549 611.855
327.208 613.707
325.631 615.441
324.735 617.54
324.028 619.721
323.155 621.843
322.485 624.021
322.121 626.245
321.917 628.5
321.6 630.73
321.115 632.913
320.646 635.087
319.97 637.201
319.169 639.27
318.382 641.296
317.85 643.37
317.696 645.49
317.682 647.61
317.695 649.717
317.699 651.813
317.703 653.897
317.715 655.97
317.693 658.036
317.647 660.087
317.504 662.119
316.989 664.095
316.63 666.104
316.453 668.134
316.236 670.158
315.789 672.138
315.205 674.099
314.704 676.071
314.387 678.065
314.18 680.062
314.015 682.076
313.863 684.083
313.648 686.086
313.141 688.029
312.391 689.911
311.866 691.818
312.102 693.806
312.042 695.782
311.532 697.68
310.965 699.545
310.202 701.349
309.847 703.252
309.708 705.18
309.66 707.115
309.643 709.066
309.259 710.959
308.036 712.48
306.446 713.679
304.716 714.649
302.934 715.556
301.027 716.224
299.056 716.741
297.128 717.422
295.287 718.405
293.364 719.248
291.489 720.222
289.562 721.07
287.532 721.613
285.521 722.297
283.582 723.186
281.732 724.306
279.78 725.266
277.831 726.222
275.986 727.386
274.054 728.435
272.013 729.288
270.156 730.385
268.415 731.689
266.664 732.996
265.002 734.449
263.168 735.741
261.439 737.261
259.597 738.58
257.817 739.986
255.935 741.276
254.729 743.236
252.834 744.501
251.302 746.16
249.831 747.867
248.246 749.495
247.286 751.573
245.79 753.344
244.682 755.299
243.578 757.267
242.412 759.224
241.326 761.215
240.025 763.058
238.777 764.929
237.755 766.91
236.931 768.969
236.045 770.977
234.894 772.872
234.017 774.882
233.367 776.954
233.055 779.092
232.583 781.198
231.819 783.219
231.453 785.297
231.367 787.394
231.421 789.478
231.695 791.521
232.398 793.478
232.689 795.498
232.284 797.478
231.182 799.183
229.421 800.258
228.019 801.77
226.405 803.034
224.739 804.266
222.894 805.24
221.098 806.373
219.389 807.655
217.87 809.239
215.937 810.196
213.926 810.995
212.056 812.068
210.133 813.056
208.22 814.101
206.341 815.202
204.3 815.962
202.719 817.539
200.967 818.848
199.15 820.115
197.177 821.186
195.479 822.621
193.855 824.116
193.312 826.231
193.04 828.397
192.601 830.538
192.515 832.706
192.15 834.816
191.289 836.74
190.115 838.512
188.945 840.266
187.751 842.02
186.499 843.727
185.483 845.58
184.297 847.368
183.149 849.164
181.362 850.394
179.874 851.903
178.518 853.525
177.473 855.393
176.214 857.118
175.051 858.882
174.121 860.771
173.638 862.809
173.288 864.863
173.183 866.944
173.127 869.036
172.869 871.116
172.262 873.116
171.385 875.025
170.614 876.976
170.1 878.996
169.733 881.053
169.58 883.136
169.256 885.193
168.466 887.171
167.803 889.169
167.554 891.254
167.428 893.352
167.305 895.443
167.176 897.528
166.943 899.579
166.373 901.561
165.959 903.569
165.801 905.609
165.68 907.639
165.61 909.66
165.594 911.671
165.595 913.678
165.586 915.685
165.513 917.692
165.174 919.677
164.687 921.646
164.345 923.656
163.936 925.672
163.452 927.688
163.119 929.742
163.012 931.826
163.014 933.919
163.069 936.016
163.04 938.124
163.044 940.233
163.178 942.335
163.574 944.403
164.081 946.452
164.489 948.504
164.826 950.555
165.19 952.594
165.321 954.657
165.465 956.713
166.022 958.67
167.234 960.362
168.251 962.169
168.864 964.107
169.235 966.094
169.669 968.063
170.013 970.063
170.188 972.072
170.155 974.099
169.839 976.116
169.657 978.126
169.489 980.148
169.022 982.126
167.783 983.865
167.145 985.895
165.96 987.684
165.286 989.66
164.615 991.643
164.101 993.714
163.628 995.803
163.184 997.906
162.826 1000.02
162.893 1002.15
163.289 1004.25
163.89 1006.31
164.557 1008.35
164.969 1010.44
165.166 1012.54
165.394 1014.62
165.885 1016.63
166.714 1018.55
167.442 1020.52
167.712 1022.61
167.301 1024.63
165.851 1026.27
164.681 1028.07
163.514 1029.88
162.666 1031.89
162.407 1034.1
162.306 1036.34
162.265 1038.59
162.311 1040.86
162.456 1043.15
162.766 1045.43
163.407 1047.66
164.225 1049.85
165.077 1052.04
166.351 1054.04
167.4 1056.18
168.149 1058.44
168.854 1060.73
169.66 1062.97
171.398 1064.56
173.299 1066.01
175.402 1067.14
177.583 1068.12
179.633 1069.29
181.296 1071.05
183.411 1072.16
185.228 1073.64
186.8 1075.38
188.603 1076.86
190.798 1077.58
193.056 1078.13
195.27 1078.88
197.562 1079.17
199.906 1078.82
202.121 1079.33
203.949 1080.76
205.546 1082.44
207.108 1084.2
207.469 1086.5
207.881 1088.75
209.24 1090.66
210.511 1092.62
212.228 1094.26
213.736 1096.11
215.123 1098.12
216.218 1100.31
218.212 1101.76
219.97 1103.48
221.604 1105.33
223.76 1106.49
226.021 1107.49
228.313 1108.43
230.673 1109.17
233.09 1109.7
235.554 1109.85
238.021 1109.81
240.478 1109.56
242.913 1109.32
245.199 1108.58
247.236 1107.2
249.467 1106.29
251.676 1105.49
253.624 1104.17
255.769 1103.31
257.517 1101.79
259.054 1100.14
260.287 1098.28
261 1096.19
261.499 1094.06
261.964 1091.95
262.762 1089.97
263.387 1087.94
264.331 1086.15
265.851 1084.88
267.758 1084.3
269.749 1084.42
271.628 1084.99
273.321 1085.95
274.517 1087.59
276.101 1088.69
277.894 1089.38
279.792 1089.75
281.741 1089.91
283.686 1089.92
285.622 1089.78
287.549 1089.5
289.46 1089.21
291.329 1088.77
293.128 1087.99
294.973 1088.24
296.527 1089.39
297.438 1091.12
297.704 1093.09
297.822 1095.08
298.021 1097.09
298.243 1099.14
298.467 1101.25
298.881 1103.36
299.65 1105.44
300.413 1107.54
301.003 1109.73
301.91 1111.82
303.33 1113.69
305.067 1115.33
306.48 1117.23
307.761 1119.26
309.19 1121.18
311.08 1122.67
312.877 1124.22
315.026 1125.02
317.327 1125.24
319.651 1125.22
321.974 1125.17
324.302 1125.08
326.61 1124.95
328.887 1124.7
331.108 1124.22
333.219 1123.4
335.292 1122.54
337.225 1121.5
338.958 1120.07
341.101 1119.81
343.26 1119.82
345.382 1119.74
347.444 1119.42
349.414 1118.85
351.276 1118.02
353.15 1117.38
354.981 1116.77
356.709 1115.98
358.227 1114.87
359.761 1113.82
361.499 1113.16
363.226 1112.55
364.993 1112.26
366.62 1113
368.04 1114.12
368.739 1115.74
368.678 1117.52
368.115 1119.24
367.437 1120.98
366.968 1122.82
366.176 1124.6
365.798 1126.52
365.749 1128.53
365.713 1130.59
365.755 1132.69
365.858 1134.84
365.957 1137.03
366.498 1139.18
367.622 1141.13
368.911 1143.05
370.361 1144.82
372.178 1146.18
374.159 1147.34
375.974 1148.79
378.095 1149.75
380.237 1150.62
382.413 1151.33
384.543 1152.14
386.355 1153.63
388.465 1154.48
390.682 1155.02
392.887 1155.58
395.063 1156.18
397.248 1156.6
399.428 1156.93
401.602 1157.18
403.774 1157.26
405.936 1157.26
408.08 1157.27
410.199 1157.28
412.3 1157.28
414.383 1157.22
416.442 1156.96
418.499 1156.83
420.545 1156.84
422.567 1157.04
424.544 1157.47
426.533 1157.67
428.528 1157.71
430.515 1157.6
432.508 1157.49
434.361 1158.09
435.702 1159.53
436.72 1161.23
437.901 1162.76
439.504 1163.91
441.239 1164.89
442.747 1166.14
443.978 1167.7
444.853 1169.5
445.875 1171.21
447.326 1172.58
448.81 1173.87
450.101 1175.34
451.28 1176.88
451.804 1178.7
451.462 1180.61
450.913 1182.51
450.681 1184.48
450.768 1186.49
451.123 1188.5
451.575 1190.53
451.953 1192.6
452.378 1194.68
453.002 1196.7
453.969 1198.61
455.052 1200.5
455.423 1202.62
455.42 1204.79
454.739 1206.85
453.587 1208.74
453.401 1210.82
453.813 1212.86
455.104 1214.57
456.206 1216.34
456.871 1218.3
457.142 1220.34
457.229 1222.39
457.386 1224.43
457.503 1226.47
457.654 1228.49
457.924 1230.51
458.413 1232.51
458.623 1234.56
458.787 1236.64
459.156 1238.69
459.781 1240.71
460.298 1242.75
460.9 1244.75
461.764 1246.66
462.7 1248.55
463.027 1250.62
462.979 1252.74
462.906 1254.87
463.08 1257.01
463.272 1259.17
463.48 1261.35
463.498 1263.55
463.369 1265.76
463.752 1267.87
464.716 1269.87
464.934 1272.02
465.057 1274.14
465.129 1276.25
465.321 1278.35
465.89 1280.4
466.718 1282.34
467.824 1284.16
468.771 1286.04
469.6 1287.99
470.455 1289.92
471.506 1291.76
472.435 1293.69
472.861 1295.78
473.05 1297.91
473.184 1300.05
473.607 1302.11
474.8 1303.88
476.126 1305.58
477.174 1307.44
478.15 1309.34
478.893 1311.35
478.97 1313.53
479.564 1315.62
480.269 1317.66
481.107 1319.67
481.755 1321.74
482.271 1323.84
482.787 1325.95
483.466 1328.02
484.326 1330.04
485.362 1331.98
486.901 1333.61
487.639 1335.68
488.811 1337.56
489.47 1339.64
489.876 1341.8
490.564 1343.88
491.464 1345.9
492.492 1347.88
493.719 1349.71
495.255 1351.37
496.257 1353.36
497.352 1355.31
497.966 1357.45
498.693 1359.58
499.837 1361.51
501.048 1363.4
502.34 1365.25
503.571 1367.16
505.091 1368.89
505.713 1371.07
506.505 1373.19
507.708 1375.15
508.96 1377.04
510.521 1378.66
511.864 1380.47
513.669 1381.93
514.695 1383.97
515.509 1386.14
516.415 1388.27
517.445 1390.31
519.021 1392.06
520.065 1394.18
520.883 1396.38
521.523 1398.66
522.606 1400.75
524.057 1402.62
525.505 1404.49
527.356 1406.01
529.05 1407.7
530.33 1409.73
531.866 1411.54
533.541 1413.21
535.384 1414.77
537.188 1416.33
538.427 1418.37
539.841 1420.27
541.496 1421.96
543.269 1423.6
544.849 1425.42
546.276 1427.32
547.507 1429.35
548.781 1431.37
550.572 1432.96
552.191 1434.66
553.978 1436.2
555.789 1437.68
557.454 1439.36
559.301 1440.87
560.758 1442.7
562.093 1444.61
563.496 1446.46
565.277 1447.99
567.085 1449.57
568.944 1451.01
570.713 1452.55
572.544 1454.02
574.237 1455.68
575.77 1457.53
577.625 1459.09
579.236 1460.88
580.855 1462.69
583.035 1463.84
584.608 1465.69
586.463 1467.18
588.476 1468.49
590.527 1469.75
592.224 1471.49
594.015 1473.17
595.857 1474.74
597.683 1476.33
599.706 1477.7
601.585 1479.32
603.476 1480.86
605.403 1482.32
607.461 1483.63
609.619 1484.8
611.528 1486.31
613.258 1488.07
615.041 1489.83
617.014 1491.34
618.85 1492.96
620.661 1494.65
622.853 1495.79
624.611 1497.51
626.52 1498.99
628.492 1500.38
630.526 1501.68
632.232 1503.4
634.131 1504.88
636.021 1506.3
637.854 1507.75
639.955 1508.81
642.099 1509.82
643.842 1511.47
645.787 1512.76
647.899 1513.81
649.931 1515.01
651.688 1516.61
653.685 1517.81
655.622 1519.16
657.882 1519.86
659.532 1521.54
661.317 1523
663.307 1524.18
665.5 1524.89
667.575 1525.79
669.275 1527.4
671.287 1528.51
673.203 1529.77
675.145 1530.92
677.06 1532.12
679.098 1533.05
681.145 1533.89
683.133 1534.86
685.172 1535.72
687.072 1536.88
689.029 1537.9
690.927 1538.97
692.746 1540.19
694.703 1541.13
696.725 1541.92
698.737 1542.73
700.791 1543.45
702.774 1544.36
704.499 1545.7
706.429 1546.68
708.411 1547.57
710.366 1548.49
712.323 1549.39
714.407 1549.88
716.531 1550.28
718.599 1550.94
720.642 1551.63
722.625 1552.5
724.197 1554.03
725.888 1555.38
727.832 1556.35
729.954 1556.84
732.135 1557.08
734.275 1557.43
736.202 1558.44
738.198 1559.31
740.236 1560.03
742.018 1561.27
743.907 1562.33
745.843 1563.32
747.812 1564.24
749.878 1564.86
751.933 1565.53
753.926 1566.36
755.754 1567.56
757.623 1568.65
759.629 1569.45
761.738 1570.07
763.625 1571.2
765.387 1572.58
767.45 1573.25
769.631 1573.4
771.815 1573.46
773.925 1573.86
775.646 1575.29
777.617 1576.19
779.741 1576.63
781.804 1577.18
783.832 1577.83
785.867 1578.47
787.903 1579.09
789.908 1579.79
791.95 1580.33
794.017 1580.68
796.094 1580.96
798.14 1581.28
800.126 1581.85
802.113 1582.43
804.08 1583.04
806.067 1583.57
808.091 1583.89
810.033 1584.6
812.008 1585.18
813.999 1585.57
815.95 1586.12
817.898 1586.77
819.781 1587.62
821.689 1588.42
823.623 1589.17
825.641 1589.65
827.713 1589.82
829.79 1589.94
831.846 1590.21
833.892 1590.67
835.773 1591.59
837.623 1592.59
839.624 1593.11
841.696 1593.19
843.766 1593.13
845.827 1593.15
847.826 1593.62
849.801 1594.08
851.816 1594.41
853.846 1594.74
855.834 1595.32
857.811 1595.98
859.843 1596.45
861.88 1596.86
863.87 1597.44
865.906 1597.68
867.954 1597.79
870 1597.84
872.039 1597.85
874.074 1597.85
876.106 1597.88
878.141 1597.94
880.153 1598.23
882.105 1598.85
884.01 1599.63
885.974 1600.27
888.06 1599.89
890.126 1599.91
891.893 1601.13
893.774 1602.01
895.776 1602.56
897.852 1602.88
899.925 1603.22
901.989 1603.65
904.052 1604.04
906.129 1604.22
908.209 1604.25
910.283 1604.23
912.348 1604.22
914.405 1604.21
916.455 1604.2
918.498 1604.22
920.527 1604.33
922.545 1604.5
924.558 1604.67
926.551 1604.98
928.518 1605.49
930.53 1605.74
932.547 1605.84
934.562 1605.85
936.573 1605.85
938.587 1605.9
940.605 1605.95
942.625 1605.98
944.634 1605.91
946.63 1605.87
948.618 1605.96
950.603 1606.14
952.599 1606.19
954.605 1606.04
956.615 1605.96
958.632 1606.06
960.659 1606.14
962.698 1606.13
964.744 1606.1
966.791 1606.22
968.812 1606.54
970.825 1606.9
972.829 1607.27
974.843 1607.55
976.868 1607.68
978.898 1607.73
980.931 1607.72
982.96 1607.6
984.994 1607.36
987.037 1607.24
989.083 1607.27
991.127 1607.39
993.166 1607.52
995.205 1607.58
997.245 1607.61
999.284 1607.63
1001.32 1607.65
1003.35 1607.59
1005.37 1607.36
1007.35 1606.91
1009.29 1606.32
1011.21 1605.65
1013.01 1604.68
1014.96 1604.1
1017.01 1604.25
1019.04 1604.71
1021.03 1605.36
1023.05 1605.86
1025.09 1606.25

602

967.445 1397.21
965.436 1396.82
963.405 1396.65
961.38 1396.49
959.373 1396.19
957.386 1395.76
955.396 1395.34
953.382 1395.11
951.354 1395.19
949.333 1395.18
947.324 1394.95
945.317 1394.72
943.311 1394.54
941.31 1394.43
939.31 1394.4
937.309 1394.39
935.309 1394.35
933.301 1394.25
931.296 1394.11
929.296 1393.93
927.302 1393.67
925.298 1393.44
923.298 1393.15
921.333 1392.6
919.317 1392.3
917.294 1392.11
915.314 1391.65
913.358 1391.06
911.4 1390.46
909.385 1390.16
907.352 1390.06
905.333 1389.9
903.345 1389.5
901.363 1389
899.339 1388.69
897.321 1388.35
895.334 1387.84
893.306 1387.47
891.242 1387.36
889.175 1387.3
887.114 1387.09
885.063 1386.83
883.009 1386.61
880.975 1386.3
878.989 1385.72
876.932 1385.37
874.892 1384.97
872.923 1384.27
870.964 1383.53
868.943 1382.98
866.864 1382.96
864.799 1383
862.799 1382.57
860.811 1382.05
858.772 1381.85
856.782 1381.52
854.942 1380.67
853.12 1379.73
851.262 1378.85
849.315 1378.24
847.364 1377.62
845.365 1377.23
843.323 1376.97
841.348 1376.36
839.539 1375.28
837.569 1374.59
835.51 1374.24
833.456 1373.91
831.422 1373.47
829.424 1372.87
827.387 1372.4
825.365 1371.82
823.345 1371.18
821.298 1370.67
819.222 1370.29
817.158 1369.85
815.188 1369.09
813.395 1367.89
811.476 1366.94
809.516 1366.1
807.508 1365.42
805.57 1364.56
803.668 1363.61
801.725 1362.72
799.67 1362.11
797.706 1361.3
796.122 1359.79
794.244 1358.77
792.355 1357.78
790.332 1357.12
788.262 1356.65
786.197 1356.16
784.17 1355.5
782.14 1354.84
780.099 1354.25
778.168 1353.4
776.607 1351.87
774.757 1350.81
773.008 1349.5
770.99 1348.74
768.905 1348.16
766.867 1347.38
764.815 1346.61
762.827 1345.68
761.156 1344.15
759.038 1343.61
756.862 1343.16
754.749 1342.5
752.633 1341.87
750.509 1341.27
748.579 1340.21
746.935 1338.64
745.152 1337.29
743.334 1335.91
741.109 1335.25
739.441 1333.63
737.502 1332.47
735.413 1331.55
733.334 1330.61
731.331 1329.56
729.652 1327.93
727.476 1327.11
725.727 1325.61
724.061 1324.05
722.336 1322.54
720.508 1321.13
718.894 1319.43
717.019 1317.97
714.975 1316.83
712.978 1315.62
710.9 1314.46
708.84 1313.25
707.144 1311.52
705.438 1309.78
703.319 1308.57
701.277 1307.25
699.506 1305.62
698.015 1303.66
696.24 1301.97
694.281 1300.55
692.307 1299.15
690.482 1297.55
689.032 1295.55
687.321 1293.75
685.2 1292.42
683.334 1290.8
681.494 1289.15
679.642 1287.45
677.81 1285.74
675.933 1284.14
674.303 1282.3
672.966 1280.2
671.136 1278.54
669.168 1276.94
667.412 1275.16
665.656 1273.39
663.834 1271.65
662.215 1269.77
660.511 1268.03
658.978 1266.13
657.732 1264
655.844 1262.41
654.848 1260.21
653.146 1258.44
651.938 1256.36
650.743 1254.28
649.378 1252.34
647.803 1250.54
647.005 1248.26
645.109 1246.74
643.714 1244.82
642.414 1242.83
641.021 1240.93
639.326 1239.23
637.722 1237.41
636.63 1235.29
635.628 1233.13
634.548 1231
633.551 1228.8
631.972 1226.9
631.034 1224.71
629.79 1222.65
629.07 1220.36
628.038 1218.19
626.597 1216.24
625.039 1214.43
623.37 1212.67
621.575 1210.99
620.294 1208.94
619.382 1206.65
618.664 1204.28
618.267 1201.82
618.017 1199.34
617.937 1196.83
618.343 1194.37
619.961 1192.5
622.338 1191.31
624.399 1189.68
626.356 1187.97
628.745 1187.55
631.122 1188.1
633.327 1189.05
635.322 1190.38
637.478 1191.33
639.761 1191.75
642.027 1192.29
644.254 1192.84
646.491 1193.21
648.701 1193.56
650.927 1193.71
653.149 1193.8
655.344 1194.12
657.444 1194.75
659.489 1195.6
661.582 1196.29
663.719 1196.76
665.842 1197.3
667.703 1198.52
669.732 1199.3
671.94 1199.33
674.135 1199.53
676.256 1200.03
678.309 1200.83
680.399 1201.47
682.508 1202
684.579 1202.67
686.556 1203.58
688.518 1204.52
690.434 1205.53
691.994 1207.09
693.798 1208.23
695.445 1209.65
697.281 1210.75
699.063 1211.89
700.99 1212.74
702.969 1213.44
704.866 1214.29
706.739 1215.2
708.674 1215.93
710.65 1216.54
712.68 1216.83
714.721 1216.96
716.744 1217.12
718.7 1217.55
720.551 1218.37
722.41 1219.15
724.287 1219.89
726.224 1220.37
728.203 1220.63
730.178 1220.83
732.142 1221.05
734.103 1221.27
736.061 1221.49
738.026 1221.47
739.98 1221.23
741.939 1221.05
743.905 1220.88
745.895 1220.74
747.892 1220.57
749.904 1220.4
751.928 1220.33
753.958 1220.32
755.993 1220.32
758.036 1220.33
760.085 1220.33
762.141 1220.34
764.204 1220.34
766.274 1220.35
768.348 1220.4
770.425 1220.45
772.51 1220.46
774.601 1220.46
776.703 1220.46
778.81 1220.45
780.924 1220.45
783.043 1220.48
785.168 1220.53
787.293 1220.68
789.415 1220.86
791.528 1221.16
793.651 1221.38
795.737 1221.72
797.58 1222.84
799.586 1223.56
801.502 1224.53
803.575 1224.95
805.701 1225
807.829 1225
809.987 1225.02
812.138 1225.12
814.276 1225.36
816.351 1225.96
818.377 1226.74
820.244 1227.86
821.983 1229.17
823.75 1230.49
825.673 1231.54
827.351 1232.95
829.323 1233.76
831.307 1234.58
833.15 1235.68
835.083 1236.51
837.13 1236.99
839.169 1237.46
841.223 1237.91
843.292 1238.33
845.402 1238.48
847.528 1238.46
849.573 1237.8
851.503 1236.79
853.341 1235.54
855.233 1234.26
856.871 1232.62
858.67 1231.1
860.515 1229.49
862.815 1228.75
865.307 1228.83
867.684 1229.64
869.577 1231.35
871.363 1233.16
873.22 1234.88
874.543 1236.96
875.8 1239.1
877.353 1240.95
879.359 1242.32
881.309 1243.73
883.173 1245.2
884.884 1246.91
887.157 1247.73
888.98 1249.21
890.556 1250.9
892.037 1252.68
893.203 1254.66
894.383 1256.66
895.461 1258.69
896.525 1260.74
897.499 1262.84
898.481 1264.89
899.861 1266.7
901.474 1268.3
903.412 1269.55
905.184 1271.1
907.352 1271.92
909.319 1273.1
910.174 1275.2
910.606 1277.43
910.553 1279.67
910.218 1281.87
909.89 1284.05
909.779 1286.22
909.743 1288.37
909.673 1290.5
909.61 1292.62
909.59 1294.71
909.627 1296.79
909.812 1298.85
910.402 1300.82
911.185 1302.72
911.589 1304.7
911.776 1306.73
912.019 1308.75
913.512 1310.26
914.606 1312
915.677 1313.73
916.581 1315.55
917.175 1317.53
917.895 1319.49
919.313 1321.05
920.762 1322.55
922.219 1324.03
923.453 1325.69
924.495 1327.52
925.612 1329.29
927.376 1330.46
929.069 1331.69
930.401 1333.23
931.455 1335.03
932.875 1336.45
934.311 1337.89
936.058 1338.94
937.781 1340.07
939.299 1341.4
940.482 1343.1
942.064 1344.32
943.721 1345.49
945.604 1346.21
947.43 1347.01
949.156 1348.04
951.038 1348.7
952.954 1349.27
954.855 1349.75
956.735 1350.27
958.561 1350.99
960.343 1351.77
962.123 1352.59
963.976 1353.18
965.911 1353.38
967.857 1353.42
969.808 1353.44
971.759 1353.46
973.709 1353.44
975.657 1353.39
977.605 1353.32
979.56 1353.24
981.529 1353.2
983.507 1353.11
985.467 1352.76
987.344 1352.02
989.311 1351.68
991.34 1351.53
993.383 1351.46
995.358 1351.07
996.954 1349.63
998.889 1349.03
1000.92 1348.8
1002.97 1348.67
1005.01 1348.53
1007.05 1348.4
1009.09 1348.31
1011.14 1348.31
1013.18 1348.31
1015.22 1348.24
1017.26 1348.08
1019.29 1347.81
1021.31 1347.49
1023.36 1347.29
1025.41 1347.12
1027.44 1346.79
1029.44 1346.38
1031.4 1345.73
1033.35 1345.1
1035.34 1344.64
1037.4 1344.69
1039.47 1344.66
1041.54 1344.48
1043.61 1344.26
1045.66 1343.89
1047.66 1343.27
1049.62 1342.53
1051.62 1341.95
1053.69 1341.78
1055.76 1341.63
1057.82 1341.76
1059.81 1342.41
1061.83 1342.04
1063.84 1341.61
1065.88 1341.49
1067.93 1341.49
1069.98 1341.53
1072.02 1341.74
1074.05 1342.01
1075.99 1342.65
1077.86 1343.52
1079.81 1344.12
1081.8 1344.51
1083.81 1344.68
1085.83 1344.69
1087.84 1344.62
1089.86 1344.52
1091.87 1344.38
1093.88 1344.29
1095.9 1344.34
1097.9 1344.55
1099.9 1344.82
1101.9 1345
1103.91 1344.98
1105.91 1344.93
1107.92 1344.91
1109.93 1344.9
1111.93 1344.87
1113.94 1344.86
1115.94 1344.85
1117.95 1344.85
1119.96 1344.85
1121.97 1344.86
1123.98 1344.86
1125.99 1344.81
1128 1344.57
1130.02 1344.29
1132.07 1344.12
1134.13 1343.96
1136.21 1343.79
1138.31 1343.64
1140.42 1343.52
1142.55 1343.41
1144.68 1343.35
1146.84 1343.34
1149.01 1343.39
1151.17 1343.69
1153.28 1344.36
1155.47 1344.73
1157.72 1344.67
1159.98 1344.48
1162.28 1344.34
1164.61 1344.28
1166.94 1344.56
1169.04 1345.56
1170.28 1347.73
1171.76 1349.75
1172.96 1351.83
1172.72 1354.06
1171.41 1355.97
1169.66 1357.49
1167.83 1358.92
1165.67 1359.65
1163.5 1360.29
1161.45 1361.2
1159.46 1362.26
1157.64 1363.59
1155.71 1364.68
1153.57 1365.27
1151.4 1365.87
1149.46 1367
1147.51 1368.08
1145.52 1369.04
1143.41 1369.62
1141.28 1370.11
1139.12 1370.46
1137 1370.92
1134.95 1371.68
1132.87 1372.33
1130.75 1372.76
1128.64 1373.21
1126.55 1373.72
1124.45 1374.15
1122.32 1374.47
1120.22 1375
1118.4 1376.14
1116.51 1377.16
1114.39 1377.33
1112.23 1377.2
1110.13 1377.61
1108.06 1378.09
1105.96 1378.39
1103.85 1378.54
1101.77 1378.89
1099.81 1379.72
1097.86 1380.55
1095.87 1381.28
1093.97 1382.16
1092.15 1383.22
1090.12 1383.74
1088.06 1384.13
1086.06 1384.8
1084 1385.08
1081.94 1385.22
1079.9 1385.48
1077.91 1385.98
1075.88 1386.13
1073.84 1386.06
1071.78 1386
1069.74 1386.12
1067.7 1386.33
1065.64 1386.51
1063.6 1386.86
1061.63 1387.57
1059.66 1388.32
1057.65 1388.88
1055.64 1389.47
1053.56 1389.82
1051.44 1389.93
1049.33 1389.97
1047.22 1389.9
1045.14 1389.87
1043.08 1389.89
1041.05 1389.96
1039.04 1389.97
1037.06 1389.59
1035.09 1389.24
1033.22 1389.87
1031.48 1390.88
1029.65 1391.79
1027.74 1392.47
1025.76 1392.92
1023.74 1393.03
1021.75 1392.64
1019.82 1391.95
1017.82 1391.62
1015.78 1391.62
1013.83 1392.18
1012.08 1393.34
1010.11 1393.77
1008.08 1394.05
1006.07 1394.45
1004.02 1394.58
1001.97 1394.59
999.928 1394.59
997.881 1394.57
995.833 1394.55
993.785 1394.58
991.738 1394.66
989.704 1394.99
987.722 1395.59
985.743 1396.19
983.713 1396.5
981.685 1396.68
979.648 1396.72
977.608 1396.78
975.589 1397.12
973.566 1397.46
971.521 1397.6
969.473 1397.54

166

712.273 1168.45
709.719 1168.74
707.31 1167.98
705.073 1166.76
702.807 1165.66
700.437 1164.89
698.175 1163.88
695.931 1162.87
693.55 1162.38
691.294 1161.62
689.444 1160.01
687.189 1159.17
685.204 1157.75
683.071 1156.69
681.06 1155.45
679.013 1154.24
676.754 1153.41
674.726 1152.08
672.477 1151.25
670.572 1149.8
668.491 1148.67
666.535 1147.35
664.756 1145.8
663.251 1143.92
661.319 1142.52
659.638 1140.84
657.993 1139.13
656.201 1137.57
654.458 1135.92
652.202 1135.04
650.355 1133.45
648.306 1132.15
646.467 1130.56
644.4 1129.25
642.707 1127.49
641.323 1125.41
639.478 1123.74
637.693 1121.99
636.42 1119.84
634.907 1117.91
633.185 1116.18
631.569 1114.33
630.975 1111.84
629.637 1109.63
629.082 1107.18
628.875 1104.68
628.738 1102.17
628.665 1099.66
628.621 1097.15
628.648 1094.64
628.893 1092.14
629.774 1089.79
631.36 1087.78
632.925 1085.84
634.249 1083.8
635.479 1081.7
636.595 1079.52
637.7 1077.34
639.473 1075.66
641.27 1074.02
642.621 1072.02
644.202 1070.26
645.705 1068.46
647.516 1066.94
649.427 1065.54
650.829 1063.64
652.282 1061.81
653.883 1060.18
655.648 1058.64
657.135 1056.86
658.434 1054.91
660.007 1053.11
661.432 1051.25
662.822 1049.36
663.8 1047.19
665.451 1045.38
666.849 1043.42
668.305 1041.5
669.653 1039.46
671.434 1037.74
673.266 1036.1
674.691 1034.12
676.017 1032.03
677.347 1029.96
679.263 1028.4
681.184 1026.83
683.016 1025.17
684.96 1023.56
687.366 1022.76
689.861 1022.2
692.473 1021.99
695.049 1021.82
697.402 1022.71
699.668 1023.6
701.304 1025.38
702.911 1027.14
704.096 1029.15
705.313 1031.16
706.145 1033.32
706.891 1035.5
707.911 1037.57
708.78 1039.71
709.903 1041.7
711.76 1043.06
713.779 1044.27
715.633 1045.66
717.242 1047.41
719.278 1048.56
721.247 1049.82
723.135 1051.14
724.761 1052.77
726.156 1054.64
727.807 1056.32
729.41 1058.06
730.157 1060.24
730.339 1062.55
730.429 1064.86
730.712 1067.14
731.376 1069.34
732.36 1071.43
733.086 1073.58
733.302 1075.82
733.258 1078.05
732.957 1080.26
732.656 1082.46
732.262 1084.63
731.622 1086.74
730.882 1088.79
730.517 1090.91
730.29 1093.03
730.116 1095.13
730.004 1097.23
729.988 1099.32
730.008 1101.41
730.072 1103.5
730.102 1105.58
730.102 1107.66
730.101 1109.73
730.086 1111.81
730.027 1113.89
729.905 1115.96
729.687 1118.02
729.264 1120.06
728.619 1122.04
727.79 1123.96
727.324 1126.01
726.66 1127.99
726.006 1129.99
725.795 1132.09
725.479 1134.16
724.915 1136.2
724.565 1138.3
724.425 1140.45
724.391 1142.63
724.462 1144.84
724.415 1147.08
724.298 1149.36
724.234 1151.68
723.765 1153.95
722.521 1156.06
721.837 1158.39
721.939 1160.93
721.185 1163.29
719.393 1165.15
717.26 1166.69
714.818 1167.75

