CONTOUR

3

2256

1047.46 1582.7
1049.43 1582.62
1051.4 1582.37
1053.37 1582.21
1055.35 1582.2
1057.32 1582.23
1059.29 1582.19
1061.27 1582.1
1063.24 1582.14
1065.22 1582.26
1067.2 1582.31
1069.19 1582.32
1071.18 1582.32
1073.18 1582.33
1075.18 1582.36
1077.18 1582.38
1079.18 1582.32
1081.18 1582.21
1083.19 1582.19
1085.2 1582.16
1087.22 1582.17
1089.23 1582.22
1091.25 1582.24
1093.26 1582.23
1095.28 1582.19
1097.31 1582.13
1099.33 1582.13
1101.35 1582.22
1103.37 1582.29
1105.39 1582.17
1107.39 1581.96
1109.4 1581.81
1111.4 1581.63
1113.4 1581.48
1115.41 1581.45
1117.43 1581.46
1119.45 1581.53
1121.47 1581.61
1123.51 1581.6
1125.54 1581.59
1127.58 1581.62
1129.62 1581.72
1131.67 1581.76
1133.71 1581.59
1135.71 1581.2
1137.73 1580.83
1139.76 1580.6
1141.8 1580.37
1143.81 1579.98
1145.8 1579.46
1147.8 1578.99
1149.81 1578.61
1151.81 1578.15
1153.78 1577.57
1155.74 1576.98
1157.76 1576.87
1159.76 1577.39
1161.77 1577.8
1163.83 1578.02
1165.9 1578.07
1167.98 1577.88
1170.07 1577.72
1172.08 1577.26
1173.76 1575.94
1175.68 1575.1
1177.7 1574.48
1179.78 1574.18
1181.87 1574
1183.97 1573.93
1186.06 1573.89
1188.14 1573.81
1190.21 1573.59
1192.22 1573.04
1194.23 1572.48
1196.25 1571.89
1198.23 1571.2
1200.25 1570.63
1202.28 1570.16
1204.25 1569.46
1206.14 1568.52
1208.24 1568.69
1210.27 1568.47
1212.15 1567.58
1214.01 1566.65
1215.91 1565.84
1217.95 1565.56
1220.01 1565.47
1222.05 1565.3
1224.05 1564.89
1226.06 1564.48
1228.06 1563.94
1229.98 1563.16
1231.94 1562.44
1233.95 1561.99
1236 1561.74
1237.98 1561.28
1239.83 1560.33
1241.86 1559.86
1243.86 1559.28
1245.85 1558.69
1247.85 1558.13
1249.89 1557.88
1251.95 1557.8
1254 1557.65
1255.99 1557.1
1257.98 1556.54
1260.01 1556.06
1261.98 1555.38
1263.97 1554.8
1265.99 1554.3
1267.88 1553.46
1269.51 1552.06
1271.54 1551.67
1273.57 1551.29
1275.52 1550.62
1277.48 1550
1279.49 1549.58
1281.48 1549.07
1283.5 1548.67
1285.49 1548.19
1287.41 1547.42
1289.35 1546.64
1291.35 1546.01
1293.28 1545.2
1294.97 1543.86
1296.79 1542.88
1298.77 1542.24
1300.83 1541.9
1302.89 1541.57
1304.89 1540.99
1306.88 1540.32
1308.81 1539.43
1310.7 1538.45
1312.6 1537.48
1314.63 1536.83
1316.68 1536.16
1318.7 1535.37
1320.35 1533.87
1322.36 1533.09
1324.51 1532.67
1326.63 1532.16
1328.66 1531.27
1330.72 1530.49
1332.85 1529.91
1334.93 1529.18
1336.78 1527.89
1338.87 1527.15
1340.91 1526.3
1342.98 1525.57
1344.98 1524.66
1346.9 1523.63
1348.74 1522.44
1350.49 1521.14
1351.95 1519.48
1353.72 1518.12
1355.64 1517.06
1357.61 1516.13
1359.59 1515.14
1361.66 1514.34
1363.69 1513.43
1365.48 1511.99
1367.69 1511.59
1369.82 1510.93
1371.65 1509.59
1373.52 1508.34
1375.3 1506.87
1377.21 1505.67
1379.15 1504.52
1381.17 1503.52
1383.24 1502.59
1385.15 1501.32
1387.26 1500.47
1389.34 1499.52
1391.4 1498.48
1393.46 1497.46
1395.24 1495.97
1397.18 1494.74
1399.21 1493.62
1401.29 1492.6
1403.17 1491.28
1404.96 1489.8
1406.69 1488.22
1408.89 1487.38
1410.71 1485.92
1412.63 1484.64
1414.44 1483.21
1416.3 1481.78
1418.56 1481.1
1420.79 1480.32
1422.97 1479.37
1424.91 1477.97
1426.94 1476.73
1428.62 1475.03
1430.29 1473.33
1431.98 1471.62
1434.02 1470.3
1436 1468.93
1438.01 1467.6
1440.15 1466.41
1442.32 1465.25
1444.11 1463.53
1445.69 1461.59
1447.73 1460.19
1449.85 1458.86
1451.75 1457.3
1453.42 1455.42
1455.2 1453.64
1457.19 1452.13
1459.15 1450.61
1461.29 1449.3
1463.24 1447.66
1465.04 1445.89
1467 1444.37
1468.95 1442.8
1471.02 1441.31
1472.37 1439.17
1474.16 1437.32
1476.07 1435.61
1477.81 1433.72
1479.52 1431.74
1481.44 1429.99
1483.37 1428.33
1485.17 1426.5
1487.19 1424.9
1488.95 1423.06
1490.51 1421.02
1492.37 1419.26
1494.27 1417.55
1495.94 1415.58
1497.93 1413.9
1499.85 1412.2
1501.51 1410.25
1503.35 1408.43
1505.11 1406.59
1506.76 1404.69
1508.39 1402.77
1509.73 1400.66
1511.4 1398.76
1513.07 1396.89
1514.53 1394.89
1516 1392.93
1517.5 1391
1519.27 1389.26
1521.03 1387.59
1522.6 1385.8
1523.92 1383.81
1524.88 1381.64
1526.12 1379.65
1527.61 1377.81
1529 1375.86
1530.56 1374.14
1532.21 1372.52
1533.66 1370.74
1535.27 1369.05
1536.12 1366.85
1537.67 1365.05
1538.96 1363.1
1540.32 1361.19
1541.51 1359.18
1542.63 1357.12
1543.58 1354.99
1545.05 1353.17
1546.31 1351.25
1547.57 1349.31
1548.8 1347.38
1549.96 1345.4
1551.48 1343.62
1552.92 1341.78
1554.11 1339.84
1555.12 1337.79
1556.06 1335.69
1556.72 1333.5
1557.62 1331.43
1559.19 1329.72
1560.19 1327.66
1561.51 1325.8
1562.51 1323.8
1563.46 1321.77
1564.38 1319.71
1565.28 1317.67
1566.62 1315.85
1567.55 1313.83
1568.22 1311.67
1569.5 1309.79
1570.35 1307.72
1571.1 1305.62
1572.03 1303.59
1572.71 1301.48
1573.19 1299.31
1573.92 1297.23
1575.36 1295.43
1575.83 1293.22
1576.53 1291.1
1577.68 1289.17
1578.39 1287.06
1579.47 1285.12
1580.77 1283.32
1581.5 1281.3
1581.81 1279.16
1581.78 1276.98
1581.62 1274.8
1581.87 1272.67
1582.72 1270.68
1583.48 1268.67
1584.02 1266.58
1584.63 1264.46
1584.47 1262.29
1584.05 1260.14
1584.46 1258.06
1585.5 1256.17
1586.16 1254.15
1586.63 1252.1
1587.17 1250.07
1588 1248.15
1588.84 1246.23
1589.22 1244.2
1589.39 1242.15
1589.53 1240.1
1589.76 1238.07
1589.82 1236.03
1589.91 1234
1589.98 1231.95
1590.09 1229.91
1590.4 1227.89
1590.77 1225.87
1591.27 1223.87
1591.77 1221.88
1592.32 1219.88
1592.97 1217.9
1592.94 1215.82
1592.78 1213.73
1593.33 1211.72
1593.71 1209.69
1593.85 1207.64
1593.9 1205.6
1594.01 1203.57
1594.24 1201.54
1594.53 1199.52
1594.98 1197.55
1595.68 1195.62
1596.27 1193.68
1596.57 1191.68
1596.7 1189.65
1596.86 1187.62
1597.02 1185.59
1597.25 1183.56
1597.42 1181.56
1597.46 1179.55
1597.49 1177.53
1597.67 1175.52
1597.93 1173.52
1598.23 1171.52
1598.49 1169.5
1598.39 1167.48
1598.26 1165.44
1598.36 1163.4
1598.68 1161.39
1599.18 1159.4
1599.59 1157.41
1599.88 1155.41
1600.48 1153.48
1600.87 1151.49
1601.02 1149.47
1601.12 1147.45
1601.22 1145.46
1601.35 1143.48
1601.37 1141.49
1601.33 1139.51
1601.49 1137.55
1601.77 1135.6
1602.14 1133.66
1602.48 1131.69
1602.88 1129.72
1603.34 1127.74
1603.7 1125.75
1603.84 1123.72
1603.87 1121.68
1603.89 1119.64
1603.99 1117.61
1604.19 1115.59
1604.41 1113.56
1604.59 1111.54
1604.74 1109.52
1604.88 1107.5
1605.11 1105.48
1605.46 1103.47
1605.7 1101.47
1605.75 1099.45
1605.76 1097.43
1605.76 1095.41
1605.82 1093.4
1606 1091.39
1606.36 1089.39
1606.61 1087.37
1606.97 1085.35
1607.53 1083.36
1607.72 1081.33
1607.71 1079.29
1607.69 1077.25
1607.69 1075.2
1607.69 1073.16
1607.74 1071.11
1607.76 1069.06
1607.8 1067.01
1607.82 1064.96
1607.77 1062.92
1607.79 1060.89
1607.96 1058.86
1608.48 1056.87
1608.89 1054.86
1608.74 1052.83
1608.18 1050.84
1607.82 1048.83
1607.88 1046.8
1608.09 1044.77
1608.07 1042.72
1607.87 1040.69
1607.75 1038.67
1607.72 1036.64
1607.69 1034.61
1607.65 1032.58
1607.55 1030.56
1607.38 1028.53
1607.1 1026.52
1606.59 1024.55
1606.21 1022.56
1606.27 1020.55
1607.07 1018.69
1608.29 1017.06
1609.48 1015.38
1610.68 1013.7
1612.16 1012.25
1613.58 1010.73
1615.19 1009.34
1616.1 1007.41
1617.63 1005.84
1619.03 1004.21
1620.42 1002.54
1621.78 1000.84
1623.36 999.254
1624.5 997.307
1625.93 995.578
1627.2 993.74
1628.39 991.833
1629.27 989.757
1630.03 987.652
1631.19 985.711
1631.94 983.598
1633.47 981.871
1634.41 979.852
1635.2 977.748
1636.18 975.723
1637.11 973.672
1637.73 971.543
1638.58 969.506
1639.53 967.51
1640.47 965.525
1641.1 963.437
1641.41 961.29
1641.9 959.184
1642.37 957.07
1642.56 954.909
1642.85 952.775
1643.58 950.751
1644.32 948.734
1644.81 946.644
1645.28 944.571
1645.78 942.517
1646.23 940.446
1646.49 938.351
1646.5 936.23
1646.75 934.138
1647.14 932.073
1647.39 929.998
1647.6 927.924
1647.73 925.851
1647.87 923.792
1648.23 921.759
1648.55 919.711
1648.83 917.674
1649.12 915.647
1649.3 913.614
1649.58 911.597
1650.1 909.626
1650.61 907.646
1651.28 905.694
1652.06 903.763
1652.61 901.771
1652.99 899.745
1653.35 897.698
1653.94 895.699
1655.16 893.943
1655.99 892.009
1656.92 890.136
1657.64 888.175
1658.63 886.33
1659.65 884.493
1660.46 882.56
1661.07 880.562
1661.69 878.556
1662.35 876.562
1663.25 874.639
1664.22 872.752
1665.38 870.959
1666.09 868.954
1666.7 866.911
1667.53 864.942
1668.31 862.953
1668.74 860.867
1669.03 858.759
1669.39 856.67
1669.85 854.587
1670.48 852.547
1671.19 850.536
1671.53 848.427
1672.07 846.376
1672.69 844.352
1673.1 842.293
1673.22 840.206
1673.24 838.122
1673.24 836.036
1673.27 833.95
1673.54 831.886
1674.11 829.879
1674.43 827.825
1674.78 825.775
1675.38 823.782
1676.12 821.847
1676.56 819.837
1676.85 817.796
1677.29 815.804
1677.71 813.827
1677.95 811.824
1678.2 809.809
1678.3 807.773
1678.48 805.743
1679.19 803.832
1679.93 801.943
1680.84 800.106
1681.51 798.215
1681.69 796.205
1681.78 794.178
1681.96 792.149
1682.32 790.126
1682.57 788.081
1682.87 786.039
1683.25 784.01
1683.69 781.988
1683.85 779.933
1683.92 777.868
1684.01 775.81
1684.14 773.765
1684.32 771.728
1684.48 769.694
1684.62 767.663
1684.76 765.631
1684.92 763.601
1685.09 761.565
1685.31 759.53
1685.42 757.509
1685.43 755.485
1685.45 753.461
1685.6 751.444
1685.76 749.43
1685.79 747.411
1685.79 745.394
1685.82 743.38
1685.88 741.358
1685.94 739.336
1686.03 737.311
1686.1 735.283
1686.19 733.259
1686.25 731.236
1686.29 729.212
1686.12 727.198
1685.65 725.211
1684.75 723.345
1684 721.401
1683.65 719.34
1683.39 717.263
1683.2 715.179
1683.13 713.088
1683.12 710.996
1683.14 708.901
1683.14 706.803
1683.13 704.7
1683.14 702.592
1683.17 700.475
1683.28 698.353
1683.52 696.234
1684.08 694.181
1685.2 692.329
1685.93 690.36
1686.26 688.293
1686.21 686.209
1686.12 684.129
1685.96 682.066
1685.7 680.016
1685.23 678
1685 675.95
1684.83 673.903
1684.55 671.872
1683.95 669.923
1683.16 668.021
1682.62 666.048
1682.39 664.013
1682.26 661.978
1682.18 659.931
1682.05 657.883
1681.72 655.845
1681.3 653.835
1681.1 651.781
1680.78 649.733
1680.2 647.726
1679.56 645.729
1678.98 643.717
1678.29 641.728
1677.85 639.657
1677.51 637.582
1677.38 635.478
1677.22 633.378
1676.79 631.316
1676.17 629.295
1675.31 627.337
1674.49 625.364
1673.72 623.373
1673.17 621.328
1672.65 619.274
1672 617.245
1671.23 615.273
1670.34 613.324
1669.98 611.224
1669.73 609.133
1669.15 607.116
1668.36 605.156
1667.37 603.264
1666.39 601.382
1665.49 599.459
1664.56 597.544
1663.48 595.703
1662.5 593.801
1661.71 591.818
1661 589.818
1660.3 587.813
1659.37 585.878
1658.38 583.966
1657.35 582.106
1656.52 580.141
1655.75 578.124
1654.9 576.105
1653.54 574.357
1652.87 572.294
1652.42 570.147
1651.73 568.07
1650.74 566.101
1649.85 564.104
1648.65 562.237
1647.76 560.214
1647.23 558.076
1645.91 556.233
1645.31 554.13
1644.77 551.981
1643.71 550.037
1642.61 548.119
1641.76 546.056
1640.76 544.053
1639.47 542.235
1638.02 540.526
1637.22 538.468
1636.32 536.449
1634.99 534.617
1634.01 532.635
1633.35 530.526
1632.33 528.54
1631.39 526.539
1629.93 524.801
1628.94 522.829
1627.94 520.872
1626.7 518.999
1625.95 516.882
1625.29 514.753
1623.98 512.891
1623.17 510.8
1621.91 508.879
1621.18 506.746
1620.21 504.716
1618.82 502.87
1617.92 500.776
1617.1 498.667
1615.51 497.001
1614.05 495.211
1613.16 493.077
1612.29 490.948
1611.16 488.935
1610.07 486.899
1609.15 484.774
1607.64 482.951
1606.34 481.024
1605.33 478.913
1604.47 476.721
1603.28 474.697
1601.91 472.797
1600.37 470.987
1599.36 468.824
1597.77 467.044
1596.41 465.142
1595.25 463.076
1594.31 460.88
1593.2 458.795
1591.47 457.107
1589.83 455.321
1588.72 453.178
1587.43 451.151
1586.01 449.214
1584.6 447.236
1583.39 445.104
1581.74 443.288
1580.5 441.243
1579.34 439.109
1578.1 437.011
1576.44 435.206
1575.07 433.207
1573.34 431.394
1572.14 429.2
1570.71 427.18
1569.18 425.25
1567.42 423.443
1565.68 421.605
1564.17 419.622
1562.69 417.595
1561.47 415.379
1559.75 413.492
1558.17 411.548
1556.72 409.533
1555.31 407.454
1553.75 405.484
1551.67 404.013
1549.85 402.302
1548.58 400.158
1547.32 398.011
1545.88 396.011
1544.24 394.118
1543.17 391.821
1541.27 390.177
1539.47 388.47
1537.67 386.755
1535.62 385.288
1533.9 383.453
1532.6 381.283
1530.98 379.389
1529.21 377.63
1527.48 375.776
1525.52 374.211
1523.76 372.46
1521.95 370.761
1519.86 369.37
1518.2 367.52
1516.67 365.579
1514.93 363.857
1513.15 362.184
1511.22 360.657
1509.17 359.238
1507.55 357.317
1505.7 355.675
1503.61 354.323
1501.51 353.017
1499.8 351.219
1498.15 349.312
1496 348.029
1493.95 346.653
1492.04 345.158
1490.19 343.513
1488.12 342.159
1486.39 340.499
1484.65 338.859
1482.87 337.269
1481.34 335.412
1479.62 333.689
1477.88 332.033
1476.39 330.182
1474.76 328.448
1472.83 327.029
1471.31 325.105
1469.72 323.234
1468.08 321.46
1466.21 319.932
1463.9 319.055
1462.3 317.265
1460.77 315.427
1459.11 313.705
1457.34 312.124
1455.24 310.986
1453.43 309.334
1451.51 307.884
1449.53 306.521
1447.39 305.356
1445.65 303.636
1443.86 302.044
1441.73 301.04
1439.61 299.971
1437.6 298.677
1435.67 297.348
1433.88 295.754
1431.59 294.964
1429.83 293.327
1427.93 291.935
1425.93 290.681
1423.81 289.67
1421.79 288.489
1419.87 287.214
1418.09 285.667
1415.98 284.691
1413.96 283.574
1411.91 282.555
1409.79 281.698
1407.87 280.457
1405.94 279.326
1403.87 278.502
1401.76 277.84
1399.63 277.289
1397.56 276.542
1395.53 275.686
1393.61 274.618
1391.61 273.727
1389.53 273.079
1387.46 272.365
1385.43 271.527
1383.43 270.605
1381.46 269.623
1379.33 269.174
1377.21 268.665
1375.26 267.659
1373.29 266.71
1371.16 266.251
1369.02 265.916
1366.92 265.408
1364.79 265.113
1362.68 264.709
1360.64 263.989
1358.65 263.193
1356.61 262.489
1354.53 261.965
1352.44 261.566
1350.39 260.969
1348.36 260.318
1346.39 259.503
1344.4 258.755
1342.32 258.342
1340.22 258.141
1338.12 257.973
1336.03 257.684
1333.97 257.311
1331.89 257.151
1329.84 256.844
1327.88 256.103
1326 255.181
1324 254.586
1322.03 253.977
1320.05 253.467
1318.08 252.944
1316.09 252.522
1314.22 251.71
1312.56 250.509
1310.75 249.537
1308.75 249.097
1306.67 248.824
1304.61 248.348
1302.6 247.697
1300.54 247.141
1298.51 246.474
1296.46 245.915
1294.38 245.6
1292.29 245.543
1290.21 245.531
1288.14 245.41
1286.1 245.046
1284.09 244.543
1282.09 243.938
1280.08 243.33
1278.03 242.893
1275.96 242.586
1273.87 242.313
1271.82 241.827
1269.78 241.355
1267.7 241.19
1265.62 241.115
1263.54 241.004
1261.47 240.816
1259.4 240.709
1257.38 240.994
1255.4 241.507
1253.42 241.869
1251.51 241.285
1249.66 240.442
1247.81 239.56
1245.86 238.993
1243.92 238.314
1241.92 237.863
1239.89 237.644
1237.85 237.42
1235.82 237.331
1233.79 237.241
1231.77 237.042
1229.75 236.746
1227.73 236.506
1225.7 236.218
1223.7 235.806
1221.72 235.266
1219.7 234.862
1217.66 234.604
1215.61 234.39
1213.56 234.227
1211.5 234.097
1209.44 233.909
1207.4 233.541
1205.37 233.301
1203.32 233.238
1201.27 233.203
1199.23 233.139
1197.18 233.059
1195.15 232.81
1193.14 232.691
1191.21 233.139
1189.3 233.747
1187.4 233.413
1185.64 232.472
1183.87 231.549
1181.92 231.022
1179.97 230.398
1177.98 229.903
1175.93 229.657
1173.88 229.43
1171.82 229.353
1169.77 229.294
1167.74 229.138
1165.71 228.992
1163.68 229.091
1161.66 229.146
1159.64 228.927
1157.64 228.592
1155.63 228.254
1153.62 227.899
1151.63 227.353
1149.65 226.809
1147.62 226.525
1145.58 226.375
1143.54 226.291
1141.5 226.223
1139.47 226.151
1137.46 226.064
1135.46 225.905
1133.46 225.796
1131.47 225.713
1129.47 225.606
1127.47 225.425
1125.47 225.278
1123.46 225.256
1121.45 225.26
1119.44 225.256
1117.42 225.246
1115.41 225.2
1113.39 225.156
1111.36 225.16
1109.35 225.14
1107.34 225.078
1105.32 225.026
1103.3 225.045
1101.28 225.042
1099.27 224.94
1097.26 224.781
1095.24 224.664
1093.23 224.646
1091.21 224.696
1089.19 224.81
1087.17 224.959
1085.14 225.124
1083.12 225.334
1081.12 225.766
1079.25 226.695
1077.27 227.324
1075.22 227.563
1073.15 227.587
1071.09 227.533
1069.03 227.491
1066.97 227.479
1064.91 227.481
1062.85 227.487
1060.78 227.499
1058.72 227.529
1056.64 227.578
1054.56 227.581
1052.51 227.283
1050.66 226.34
1048.89 225.267
1046.92 224.752
1044.89 224.598
1042.84 224.583
1040.8 224.573
1038.77 224.707
1036.73 224.841
1034.68 224.915
1032.63 224.849
1030.58 224.67
1028.53 224.698
1026.48 224.828
1024.43 224.976
1022.39 225.043
1020.35 225.095
1018.31 225.182
1016.28 225.371
1014.26 225.723
1012.22 225.914
1010.17 226.055
1008.11 226.165
1006.05 226.317
1003.99 226.488
1001.93 226.701
999.901 227.088
997.907 227.682
995.873 228.112
993.817 228.437
991.814 229.001
989.842 229.601
987.806 229.837
985.754 230.004
983.729 230.391
981.743 230.981
979.733 231.492
977.725 232.025
975.719 232.603
973.701 233.041
971.65 233.17
969.607 233.305
967.584 233.592
965.565 234.045
963.513 234.374
961.468 234.785
959.473 235.44
957.477 236.098
955.428 236.506
953.371 236.861
951.348 237.409
949.298 237.844
947.29 238.453
945.311 239.205
943.296 239.884
941.475 241.11
939.372 241.453
937.259 241.672
935.216 242.215
933.234 243.006
931.315 243.989
929.333 244.783
927.353 245.584
925.372 246.417
923.454 247.404
921.55 248.426
919.599 249.357
917.584 250.143
915.54 250.862
913.595 251.846
911.664 252.863
909.619 253.55
907.483 253.908
905.412 254.525
903.529 255.606
901.855 257.076
899.908 258.027
897.931 258.911
896.101 260.122
894.147 261.066
892.083 261.765
890.25 263.032
888.153 263.753
886.374 265.082
884.335 265.826
882.306 266.573
880.413 267.655
878.566 268.817
876.54 269.659
874.742 270.97
872.757 271.896
870.988 273.244
868.924 274.041
866.904 274.927
865.084 276.204
863.223 277.443
861.273 278.586
859.332 279.71
857.385 280.805
855.329 281.675
853.282 282.592
851.342 283.726
849.382 284.806
847.405 285.881
845.527 287.182
843.471 288.092
841.426 289.024
839.299 289.717
837.222 290.571
835.282 291.716
833.314 292.776
831.33 293.832
829.611 295.335
827.927 296.825
826.169 298.195
824.339 299.455
822.475 300.65
820.481 301.589
818.736 302.965
816.78 303.945
815.047 305.33
813.003 306.125
810.908 306.806
808.941 307.804
806.996 308.848
804.909 309.614
803.059 310.876
801.067 311.815
799.3 313.188
797.315 314.175
795.346 315.168
793.487 316.342
791.575 317.425
789.717 318.606
787.851 319.753
785.994 320.937
783.878 321.568
781.901 322.436
780.023 323.491
778.136 324.533
776.195 325.466
774.443 326.71
772.667 327.944
770.731 328.868
768.642 329.348
766.583 329.973
764.575 330.743
762.627 331.694
760.656 332.585
758.68 333.448
756.659 334.182
754.805 335.302
753.008 336.51
751.092 337.497
749.02 338.166
746.962 338.893
745.137 340.093
743.269 341.212
741.192 341.893
739.267 342.893
737.523 344.209
735.625 345.22
733.564 345.812
731.533 346.408
729.594 347.238
727.771 348.33
726.045 349.522
724.259 350.545
722.49 351.616
720.77 352.819
718.806 353.549
716.817 354.188
714.92 355.063
713.201 356.301
711.348 357.35
709.396 358.24
707.585 359.415
705.795 360.671
703.761 361.51
701.794 362.453
699.949 363.62
698.064 364.733
696.116 365.766
694.395 367.196
692.433 368.187
690.59 369.407
688.852 370.795
687.069 372.152
684.967 372.942
682.855 373.637
680.962 374.865
678.915 375.752
677.08 377.154
675.087 378.213
673.17 379.378
671.269 380.597
669.228 381.549
667.412 382.916
665.395 383.888
663.486 385.106
661.395 385.916
659.384 386.841
657.523 388.071
655.559 389.093
653.505 389.864
651.599 390.951
649.743 392.115
647.838 393.194
645.753 393.863
643.683 394.522
641.718 395.45
639.811 396.518
637.91 397.547
635.923 398.368
634.089 399.506
632.267 400.688
630.318 401.603
628.271 402.253
626.236 402.94
624.371 404.025
622.472 405.013
620.437 405.715
618.676 407.025
616.666 407.802
614.94 409.126
612.916 409.833
610.866 410.467
608.938 411.39
607.063 412.458
605.015 413.049
602.898 413.326
600.861 413.847
599.139 415.208
597.073 415.842
595.002 416.383
593.038 417.156
591.043 417.812
589.006 418.394
586.992 419.053
585.085 419.988
583.126 420.757
581.09 421.194
579.011 421.386
576.973 421.754
575.099 422.71
573.061 423.177
571.052 423.669
569.129 424.427
567.236 425.26
565.216 425.681
563.167 425.886
561.14 426.053
559.139 426.354
557.161 426.8
555.281 427.572
553.448 428.415
551.602 429.201
549.648 429.644
547.674 429.95
545.735 430.437
543.787 430.891
541.796 431.135
539.805 431.293
537.813 431.389
535.805 431.461
533.776 431.455
531.786 431.167
529.914 430.367
527.981 429.737
525.985 429.395
523.944 429.299
521.892 429.214
519.834 428.983
517.791 428.53
515.694 428.289
513.566 428.076
511.442 427.652
509.29 427.296
507.095 427.159
504.874 427.131
502.632 427.142
500.369 427.174
498.087 427.216
495.794 427.378
493.509 427.756
491.238 428.295
488.952 428.797
486.719 429.538
484.487 430.321
482.364 431.416
480.286 432.637
478.164 433.766
475.971 434.735
473.906 435.989
471.819 437.21
470.107 438.955
467.94 439.975
466.433 441.853
464.836 443.613
463.114 445.267
461.209 446.773
459.071 447.883
457.432 449.679
455.527 451.14
453.548 452.514
451.66 453.959
450.184 455.861
448.905 457.972
447.044 459.581
444.933 460.962
443.407 462.942
441.884 464.89
439.877 466.342
438.125 468.013
436.39 469.651
434.825 471.486
433.601 473.567
432.247 475.541
431.081 477.625
429.422 479.429
428.253 481.532
427.018 483.591
426.033 485.771
425.071 487.978
423.688 489.982
422.485 492.051
421.555 494.243
420.584 496.424
419.618 498.61
418.725 500.822
418.276 503.136
418.069 505.472
418.04 507.823
418.042 510.166
418.141 512.484
418.331 514.777
418.709 517.037
419.321 519.243
420.015 521.407
420.566 523.587
421.463 525.601
423.073 527.247
423.676 529.362
424.853 531.167
425.599 533.121
426.241 535.117
427.207 536.964
428.001 538.862
428.413 540.865
428.759 542.855
429.106 544.848
429.231 546.866
429.307 548.885
429.47 550.901
429.715 552.912
429.803 554.945
429.875 556.994
429.903 559.063
430.011 561.134
430.532 563.159
431.139 565.181
431.673 567.252
432.134 569.31
432.838 571.312
433.232 573.379
433.585 575.452
434.142 577.485
434.707 579.525
435.515 581.499
436.392 583.456
437.063 585.473
437.37 587.577
437.785 589.657
438.961 591.491
439.535 593.557
440.073 595.622
440.756 597.637
441.354 599.677
441.813 601.748
442.123 603.843
442.472 605.924
443.163 607.922
444.244 609.797
444.971 611.803
445.671 613.792
447.064 615.461
447.733 617.45
448.683 619.312
449.525 621.218
450.293 623.176
451.325 624.974
452.462 626.673
453.609 628.363
455.113 629.836
455.783 631.788
457.135 633.401
458.107 635.184
458.804 637.111
459.468 639.062
459.892 641.061
459.703 643.089
459.221 645.079
458.732 647.063
458.287 649.024
458.013 651.01
457.808 653
457.547 654.982
457.141 656.936
456.804 658.911
456.351 660.866
455.793 662.802
455.13 664.675
454.36 666.521
453.871 668.44
453.603 670.401
453.134 672.314
452.782 674.263
452.551 676.238
452.263 678.221
451.816 680.178
451.164 682.101
450.621 684.053
450.258 686.055
449.846 688.045
449.64 690.06
449.489 692.089
449.174 694.107
447.95 695.835
447.185 697.786
446.5 699.777
445.751 701.74
445.047 703.731
444.089 705.631
442.911 707.425
442.026 709.366
441.144 711.328
439.721 712.983
438.498 714.739
437.729 716.736
437.214 718.862
436.009 720.681
434.734 722.444
433.635 724.315
432.158 725.956
431.154 727.915
429.902 729.787
428.775 731.691
427.208 733.304
425.835 735.058
425.069 737.128
424.239 739.176
423.455 741.253
422.644 743.336
421.498 745.269
420.78 747.354
420.179 749.479
419.316 751.52
418.548 753.584
418.085 755.729
417.595 757.862
416.657 759.854
415.604 761.818
414.681 763.809
413.757 765.782
412.994 767.83
412.1 769.825
411.105 771.776
410.336 773.803
409.577 775.824
409.236 777.952
409.026 780.088
408.73 782.222
408.136 784.296
407.617 786.388
407.297 788.516
407.176 790.675
406.893 792.811
405.607 794.658
405.001 796.729
404.732 798.882
404.64 801.05
404.731 803.218
405.248 805.334
406.127 807.373
406.641 809.502
406.293 811.655
405.442 813.698
404.884 815.8
404.902 817.945
405.187 820.057
405.413 822.157
405.686 824.234
405.816 826.301
405.876 828.36
405.876 830.413
405.879 832.458
405.889 834.495
405.855 836.521
405.864 838.542
405.925 840.552
405.837 842.555
405.695 844.55
405.633 846.542
405.641 848.537
405.663 850.534
405.733 852.522
405.919 854.504
406.526 856.405
407.452 858.211
408.434 859.985
409.122 861.877
409.605 863.826
409.942 865.833
410.14 867.854
410.212 869.895
410.164 871.951
410.061 873.999
409.96 876.043
409.752 878.081
409.362 880.098
409.153 882.131
409.041 884.18
408.882 886.236
408.707 888.299
408.447 890.368
408.305 892.442
408.346 894.53
408.271 896.617
408.341 898.695
408.63 900.757
409.028 902.796
409.384 904.82
409.516 906.855
409.599 908.878
409.912 910.842
410.663 912.703
411.597 914.49
412.369 916.342
412.931 918.25
413.469 920.179
413.665 922.158
413.737 924.141
413.794 926.116
413.813 928.091
413.907 930.073
413.988 932.06
413.976 934.055
413.872 936.05
413.782 938.044
413.721 940.043
413.716 942.043
413.762 944.039
413.822 946.035
413.878 948.034
413.892 950.039
413.885 952.045
413.892 954.048
413.912 956.047
413.936 958.042
413.966 960.031
413.894 962.021
413.795 963.996
413.713 965.96
413.698 967.918
413.697 969.878
413.654 971.832
413.548 973.777
413.168 975.686
412.733 977.601
412.5 979.553
412.294 981.516
411.994 983.475
411.634 985.441
411.27 987.411
410.937 989.39
410.719 991.387
410.565 993.397
410.373 995.413
410.086 997.423
409.603 999.41
408.977 1001.34
408.092 1003.21
407.622 1005.23
407.211 1007.3
406.366 1009.21
405.173 1010.97
404.421 1012.95
403.657 1014.93
402.752 1016.87
402.287 1018.94
401.919 1021.05
401.351 1023.12
400.445 1025.08
399.463 1027.01
398.365 1028.87
397.487 1030.84
396.604 1032.82
395.64 1034.76
394.666 1036.72
393.907 1038.76
393.169 1040.8
392.34 1042.82
391.506 1044.85
390.524 1046.84
389.373 1048.74
388.653 1050.83
387.931 1052.93
386.99 1054.97
386.117 1057.01
384.98 1058.89
383.445 1060.56
381.889 1062.24
380.783 1064.22
379.855 1066.32
378.698 1068.33
377.675 1070.4
376.52 1072.41
375.279 1074.38
373.486 1075.96
372.05 1077.79
370.852 1079.84
369.927 1082.04
368.608 1084.04
367.262 1086.02
365.501 1087.74
364.214 1089.82
362.746 1091.78
361.287 1093.74
359.54 1095.51
357.722 1097.21
355.988 1098.92
354.472 1100.85
353.201 1102.99
351.457 1104.75
349.805 1106.56
348.455 1108.59
346.872 1110.46
345.546 1112.53
343.815 1114.29
342.517 1116.31
341.537 1118.51
340.204 1120.5
338.691 1122.37
337.225 1124.27
335.422 1125.9
333.705 1127.64
332.367 1129.69
330.85 1131.59
329.322 1133.48
327.591 1135.24
325.763 1136.84
324.23 1138.66
322.744 1140.52
321.371 1142.46
319.496 1143.96
317.716 1145.6
316.018 1147.27
314.452 1149.06
313.179 1151.1
311.49 1152.79
309.72 1154.39
308.232 1156.2
306.655 1157.93
305.378 1159.9
304.408 1162.08
303.118 1164.07
301.891 1166.09
301.16 1168.33
300.454 1170.56
299.603 1172.75
298.786 1174.94
298.218 1177.16
297.752 1179.41
296.872 1181.51
295.455 1183.36
294.465 1185.41
293.907 1187.62
293.569 1189.87
293.024 1192.08
292.514 1194.29
292.071 1196.51
291.584 1198.74
291.218 1200.98
291.087 1203.25
291.207 1205.52
291.432 1207.79
291.386 1210.08
291.018 1212.34
290.682 1214.61
290.434 1216.9
290.282 1219.19
290.185 1221.5
290.198 1223.81
290.313 1226.14
290.446 1228.49
290.733 1230.84
291.42 1233.13
292.189 1235.4
292.895 1237.7
294.012 1239.83
295.66 1241.68
297.398 1243.45
298.97 1245.36
300.762 1247.11
303.133 1248
305.019 1249.65
307.165 1250.84
309.433 1251.84
311.845 1252.19
314.269 1251.93
316.547 1250.91
318.866 1249.99
321.112 1249.06
323.087 1247.66
324.925 1246.08
326.919 1244.76
328.727 1243.3
330.486 1241.81
331.941 1239.99
333.8 1238.78
335.565 1237.37
337.326 1235.97
339.064 1234.64
340.909 1233.49
342.761 1232.4
344.513 1231.22
346.068 1229.77
347.877 1228.78
349.651 1227.78
351.437 1226.81
353.197 1225.79
355.076 1225.04
356.98 1224.41
358.884 1224.81
360.484 1225.92
361.086 1227.69
359.925 1229.31
358.593 1230.78
356.96 1231.98
355.385 1233.3
353.769 1234.55
352.176 1235.9
350.661 1237.35
349.129 1238.76
347.216 1239.75
345.351 1240.85
343.473 1242
341.825 1243.5
340.256 1245.08
338.473 1246.49
336.736 1247.96
335.382 1249.88
333.641 1251.46
332.083 1253.19
330.761 1255.15
329.53 1257.16
327.803 1258.81
326.608 1260.84
325.109 1262.67
323.811 1264.64
322.501 1266.63
321.167 1268.61
319.531 1270.43
317.97 1272.31
316.582 1274.32
315.177 1276.33
314.035 1278.48
313.07 1280.73
311.729 1282.78
310.525 1284.92
309.88 1287.26
309.751 1289.67
309.931 1292.06
310.612 1294.35
311.586 1296.49
313.082 1298.33
314.298 1300.28
315.629 1302.1
317.182 1303.72
318.777 1305.32
319.843 1307.25
320.97 1309.13
321.68 1311.17
322.258 1313.24
322.595 1315.34
322.788 1317.45
322.843 1319.57
322.7 1321.69
322.35 1323.77
321.944 1325.85
321.293 1327.89
320.572 1329.93
319.635 1331.9
318.885 1333.95
318.425 1336.12
317.991 1338.32
317.713 1340.54
317.476 1342.79
317.023 1345.02
317.086 1347.3
317.494 1349.57
318.204 1351.8
318.695 1354.1
319.453 1356.31
320.63 1358.32
322.011 1360.21
323.712 1361.82
325.638 1363.19
327.648 1364.5
329.511 1365.98
331.266 1367.54
332.951 1369.18
334.998 1370.26
336.757 1371.65
338.063 1373.53
339.798 1374.84
341.85 1375.62
343.863 1376.46
345.914 1377.02
348.004 1377.07
350.048 1376.69
352.021 1376.04
353.997 1375.61
355.912 1375.15
357.675 1374.19
359.465 1373.38
361.264 1372.59
363.179 1372.37
364.918 1373.08
365.737 1374.74
365.454 1376.66
364.793 1378.54
363.938 1380.37
362.981 1382.21
362.386 1384.22
362.184 1386.35
362.165 1388.54
362.233 1390.76
362.507 1393
363.16 1395.18
364.103 1397.3
364.9 1399.49
365.991 1401.55
367.585 1403.28
369.505 1404.67
371.439 1406.02
373.266 1407.57
375.493 1408.42
377.655 1409.43
379.892 1410.16
382.121 1410.87
384.27 1411.78
386.397 1412.66
388.425 1413.7
390.184 1415.19
392.245 1416.12
394.048 1417.56
396.089 1418.43
398.221 1418.9
400.386 1418.97
402.505 1418.76
404.553 1418.43
406.512 1417.91
408.194 1416.87
409.742 1415.62
411.409 1414.56
413.259 1414
415.111 1414.42
416.408 1415.78
416.818 1417.64
416.618 1419.57
415.975 1421.45
415.413 1423.38
414.656 1425.28
413.299 1426.96
412.595 1428.98
412.114 1431.15
411.37 1433.3
410.602 1435.48
410.57 1437.8
411.285 1440.08
412.305 1442.31
413.087 1444.62
413.885 1446.92
415.548 1448.68
417.555 1450.16
419.327 1451.94
421.415 1453.26
423.673 1454.33
425.83 1455.63
427.717 1457.29
429.433 1459.12
431.203 1460.94
433.219 1462.34
435.562 1462.88
437.908 1462.17
440.193 1461.47
442.385 1460.64
444.195 1459.2
445.63 1457.41
447.11 1455.63
447.698 1453.47
448.159 1451.31
449.118 1449.33
449.726 1447.27
450.338 1445.24
451.152 1443.31
452.186 1441.5
453.286 1439.73
454.521 1438.1
456.233 1437.22
458.006 1437.83
458.905 1439.52
458.852 1441.48
458.208 1443.39
457.616 1445.29
457.301 1447.25
457.134 1449.23
457.062 1451.25
457.073 1453.29
457.005 1455.37
456.712 1457.45
455.98 1459.46
454.803 1461.3
453.578 1463.16
452.405 1465.07
451.205 1466.98
450.376 1469.1
450.291 1471.38
450.996 1473.61
452.139 1475.72
453.152 1477.89
454.292 1480.02
455.304 1482.23
456.492 1484.31
458.284 1485.89
460.167 1487.38
462.544 1487.92
464.632 1489.16
466.825 1490.11
469.1 1490.85
471.291 1491.76
473.509 1492.47
475.794 1492.72
478.074 1492.77
480.336 1492.68
482.572 1492.47
484.779 1492.23
486.967 1492
489.136 1491.84
491.29 1491.82
493.425 1491.78
495.543 1491.7
497.649 1491.74
499.727 1492
501.774 1492.35
503.764 1492.91
505.767 1493.42
507.824 1493.58
509.876 1493.49
511.871 1493.07
513.752 1492.34
515.533 1491.36
517.321 1490.41
519.164 1489.56
520.943 1488.61
522.835 1487.97
524.846 1487.89
526.875 1487.91
528.899 1487.98
530.638 1489.16
532.561 1489.92
534.338 1490.96
535.961 1492.33
537.826 1493.3
539.93 1493.62
542.077 1493.8
544.243 1493.98
546.431 1494.17
548.626 1494.5
550.821 1494.94
553.036 1495.36
555.272 1495.67
557.533 1495.63
559.788 1495.2
562.022 1494.55
564.307 1494.08
566.584 1493.63
568.787 1492.88
570.86 1491.82
572.51 1490.19
573.6 1488.1
574.743 1486.04
575.989 1484.07
576.82 1481.93
577.035 1479.65
577.12 1477.38
577.209 1475.15
577.209 1472.93
577.233 1470.74
577.231 1468.58
577.212 1466.44
577.199 1464.32
577.185 1462.23
577.145 1460.16
577.212 1458.12
577.404 1456.09
577.752 1454.11
577.951 1452.13
578.096 1450.16
578.358 1448.19
578.82 1446.27
579.257 1444.35
579.715 1442.44
580.12 1440.52
580.392 1438.59
580.58 1436.66
580.783 1434.72
580.999 1432.79
581.246 1430.84
581.852 1428.98
583.419 1427.91
585.38 1428.03
587.134 1428.97
588.491 1430.44
589.376 1432.28
589.974 1434.32
591.245 1436.01
592.899 1437.46
594.298 1439.18
596.112 1440.45
597.861 1441.9
599.873 1442.95
602.075 1443.77
604.354 1444.38
606.696 1444.49
609 1443.99
611.142 1442.98
613.113 1441.7
614.776 1440.02
616.541 1438.59
618.118 1436.98
619.506 1435.26
620.726 1433.46
621.79 1431.57
623.255 1429.95
624.224 1428.07
625.429 1426.36
627.319 1425.66
629.288 1426.07
630.643 1427.61
631.362 1429.58
632.072 1431.55
633.381 1433.3
634.305 1435.25
635.161 1437.26
636.193 1439.22
637.484 1441
639.187 1442.5
640.47 1444.35
642.173 1445.83
643.831 1447.44
645.74 1448.74
647.769 1449.87
650.028 1450.42
652.346 1450.75
654.683 1450.79
656.979 1450.34
659.153 1449.47
661.261 1448.45
663.499 1447.93
665.735 1448.11
667.636 1449.34
669.357 1450.82
671.147 1452.2
672.961 1453.51
674.509 1455.17
676.459 1456.27
677.994 1457.91
679.799 1459.25
681.88 1460.24
683.835 1461.4
685.431 1463.1
687.56 1463.95
689.323 1465.41
691.075 1466.84
692.722 1468.44
694.654 1469.62
696.574 1470.83
698.569 1471.88
700.328 1473.32
702.271 1474.44
704.03 1475.87
705.955 1477.1
707.811 1478.45
709.759 1479.67
711.632 1481.05
713.616 1482.19
715.278 1483.78
717.081 1485.16
719.169 1486.11
721.153 1487.27
723.319 1487.99
725.164 1489.38
727.198 1490.46
728.87 1492.02
730.613 1493.43
732.467 1494.69
734.469 1495.73
736.142 1497.3
738.112 1498.38
740.066 1499.49
742 1500.62
744.022 1501.61
746.015 1502.65
748.095 1503.47
750.076 1504.49
751.679 1506.1
753.445 1507.49
755.282 1508.76
757.233 1509.85
759.057 1511.25
761.196 1511.95
762.912 1513.48
764.936 1514.4
767.032 1515.15
769.101 1515.99
771.227 1516.58
773.356 1517.14
775.387 1518
777.268 1519.21
779.406 1519.87
781.111 1521.37
783.045 1522.42
784.942 1523.52
786.889 1524.47
788.986 1525.06
791.098 1525.6
793.048 1526.58
794.89 1527.78
796.773 1528.86
798.795 1529.61
800.748 1530.54
802.725 1531.42
804.737 1532.21
806.775 1532.92
808.808 1533.62
810.896 1534.07
812.999 1534.51
815.054 1535.17
817.135 1535.59
819.217 1536
820.709 1537.63
822.497 1538.8
824.35 1539.88
826.376 1540.59
828.47 1541.1
830.48 1541.84
832.224 1543.19
834.334 1543.76
836.178 1544.9
838.117 1545.72
840.088 1546.48
842.136 1547.12
844.15 1547.88
846.188 1548.53
848.216 1549.21
850.315 1549.62
852.434 1549.98
854.419 1550.82
856.426 1551.51
858.521 1551.99
860.543 1552.65
862.505 1553.45
864.398 1554.45
866.354 1555.36
868.334 1556.21
870.413 1556.71
872.549 1556.95
874.696 1557.1
876.86 1557.25
878.914 1557.82
880.464 1559.39
882.253 1560.56
884.31 1561.11
886.41 1561.42
888.487 1561.9
890.552 1562.39
892.593 1563.01
894.555 1563.87
896.586 1564.5
898.66 1564.88
900.768 1565.12
902.859 1565.42
904.929 1565.7
906.998 1565.59
909.047 1565.58
910.967 1566.17
912.616 1567.45
914.502 1568.27
916.452 1568.98
918.444 1569.54
920.387 1570.31
922.441 1570.8
924.52 1571.2
926.602 1571.56
928.703 1571.73
930.809 1571.73
932.903 1571.8
934.976 1572.04
937.011 1572.42
939.031 1572.8
941.023 1573.24
943.044 1573.68
945.057 1574.1
947.094 1574.33
949.135 1574.52
951.159 1574.86
953.175 1575.21
955.215 1575.31
957.263 1575.31
959.284 1575.58
961.252 1576.15
963.222 1576.65
965.205 1577.09
967.216 1577.43
969.183 1577.92
971.19 1578.15
973.211 1578.28
975.236 1578.41
977.261 1578.6
979.285 1578.82
981.305 1579.13
983.291 1579.63
985.254 1580.21
987.245 1580.64
989.263 1580.94
991.284 1581.2
993.299 1581.36
995.32 1581.39
997.339 1581.37
999.354 1581.25
1001.37 1581.09
1003.4 1581.11
1005.43 1581.28
1007.45 1581.6
1009.45 1581.86
1011.46 1581.91
1013.47 1581.92
1015.47 1581.95
1017.47 1582
1019.48 1582.09
1021.48 1582.15
1023.49 1582.13
1025.5 1582.18
1027.5 1582.33
1029.51 1582.24
1031.52 1582.16
1033.52 1582.16
1035.52 1582.16
1037.52 1582.16
1039.51 1582.24
1041.5 1582.35
1043.49 1582.49
1045.47 1582.63

524

1035.24 1378.99
1033.26 1378.61
1031.26 1378.43
1029.24 1378.37
1027.23 1378.37
1025.21 1378.37
1023.2 1378.31
1021.19 1378.23
1019.19 1378.13
1017.21 1377.9
1015.25 1377.47
1013.27 1377.22
1011.26 1377.15
1009.24 1377.14
1007.22 1377.12
1005.2 1377.13
1003.19 1377.12
1001.17 1377.1
999.148 1377
997.142 1376.72
995.173 1376.24
993.211 1375.74
991.246 1375.23
989.277 1374.67
987.312 1374.17
985.306 1373.88
983.308 1373.52
981.298 1373.22
979.275 1373.04
977.252 1372.9
975.224 1372.76
973.187 1372.57
971.187 1372.17
969.248 1371.51
967.304 1370.88
965.289 1370.54
963.255 1370.36
961.23 1370.15
959.229 1369.75
957.178 1369.51
955.12 1369.43
953.063 1369.36
951.015 1369.18
948.978 1368.93
946.959 1368.52
944.949 1368.01
942.963 1367.4
940.991 1366.73
939.04 1366
937.006 1365.67
935 1365.23
932.967 1364.83
930.907 1364.5
928.914 1363.93
927.025 1363
925.015 1362.41
922.96 1361.98
921.02 1361.23
919.332 1359.9
917.344 1359.19
915.307 1358.65
913.239 1358.26
911.154 1357.98
909.071 1357.89
906.982 1357.85
904.92 1357.64
902.951 1357.02
901.217 1355.77
899.551 1354.37
897.559 1353.57
895.508 1352.87
893.486 1352.01
891.412 1351.27
889.336 1350.51
887.246 1349.7
885.071 1349.11
882.819 1348.71
880.563 1348.23
878.304 1347.59
875.954 1347.21
873.549 1346.95
871.136 1346.54
868.874 1345.61
867.097 1343.84
865.376 1342.02
863.388 1340.47
861.495 1338.77
860.221 1336.58
859.305 1334.19
858.804 1331.65
858.546 1329.06
858.533 1326.45
858.994 1323.89
860.175 1321.53
861.901 1319.53
863.749 1317.74
866.177 1317.15
868.663 1316.98
871.13 1316.96
873.547 1316.96
875.923 1316.84
878.262 1316.65
880.572 1316.52
882.856 1316.47
885.111 1316.46
887.341 1316.46
889.545 1316.49
891.727 1316.5
893.888 1316.5
896.031 1316.48
898.154 1316.47
900.261 1316.47
902.354 1316.45
904.437 1316.37
906.514 1316.33
908.582 1316.33
910.642 1316.37
912.69 1316.45
914.729 1316.49
916.761 1316.49
918.786 1316.42
920.786 1316.12
922.716 1315.49
924.627 1314.78
926.54 1314.15
928.426 1313.45
930.37 1312.97
932.342 1312.61
934.359 1312.78
936.38 1312.84
938.4 1312.69
940.416 1312.44
942.427 1312.13
944.409 1311.68
946.353 1311.06
948.288 1310.4
950.288 1310.33
952.291 1311
954.17 1310.32
955.878 1309.14
957.735 1308.26
959.622 1307.4
961.546 1306.6
963.485 1305.88
965.399 1305.07
967.086 1303.69
969.143 1303.04
970.785 1301.63
972.674 1300.71
974.566 1299.78
976.351 1298.6
978.305 1297.81
980.381 1297.46
982.49 1297.17
984.557 1296.64
986.617 1296.06
988.674 1295.48
990.676 1294.74
992.464 1293.57
994.491 1293.02
996.574 1292.59
998.515 1291.79
1000.27 1290.56
1002.23 1289.82
1004.32 1289.47
1006.3 1288.8
1008 1287.49
1010 1286.6
1011.84 1285.44
1013.87 1284.75
1015.92 1284.08
1017.92 1283.23
1019.96 1282.48
1022.04 1281.91
1024.12 1281.32
1026.13 1280.56
1027.97 1279.37
1029.76 1278.14
1031.74 1277.3
1033.79 1276.56
1035.81 1275.76
1037.72 1274.74
1039.65 1273.74
1041.73 1273.2
1043.86 1272.86
1045.98 1272.42
1048.02 1271.69
1050.2 1271.46
1052.32 1271.05
1054.01 1269.53
1056.06 1268.81
1058.16 1268.25
1060.13 1267.33
1062.05 1266.36
1064 1265.47
1066.05 1264.83
1068.09 1264.15
1070.19 1263.64
1072.14 1262.76
1073.94 1261.51
1076 1260.87
1078.08 1260.28
1080.05 1259.36
1082.1 1258.63
1084.23 1258.19
1086.35 1257.69
1088.47 1257.19
1090.62 1257.02
1092.77 1257.05
1094.88 1257.3
1096.97 1257.64
1099.05 1257.76
1101.13 1257.73
1103.19 1257.54
1105.24 1257.3
1107.28 1257.17
1109.33 1257.13
1111.38 1257.17
1113.4 1257.21
1115.42 1257.2
1117.43 1257.28
1119.4 1257.65
1121.36 1258.15
1123.35 1258.25
1125.34 1258.08
1127.31 1257.66
1129.24 1257.18
1131.14 1256.55
1132.86 1255.51
1134.48 1254.3
1136.24 1253.4
1138.18 1252.9
1140.16 1252.47
1142.12 1251.9
1144.05 1251.15
1146.04 1250.56
1148.04 1250.03
1149.95 1249.22
1151.58 1247.8
1153.56 1247.09
1155.43 1246.08
1157.46 1245.52
1159.54 1245.05
1161.48 1244.21
1163.36 1243.21
1165.31 1242.37
1167.3 1241.61
1169.32 1241.03
1171.41 1240.71
1173.55 1240.66
1175.68 1240.51
1177.8 1240.35
1179.9 1240.12
1181.98 1240.03
1184.02 1240.36
1186.07 1240.69
1188.12 1240.72
1190.14 1240.32
1192.04 1239.55
1193.89 1238.61
1195.58 1237.37
1197.5 1236.62
1199.44 1235.89
1201.17 1234.7
1202.99 1233.76
1204.92 1233.01
1206.69 1231.84
1208.48 1230.78
1209.95 1229.22
1211.61 1227.9
1213.36 1226.68
1215.31 1225.76
1217.33 1224.93
1219.18 1223.76
1221.09 1222.69
1223.09 1221.77
1224.9 1220.56
1226.28 1218.83
1227.89 1217.35
1229.56 1215.9
1231.67 1215.05
1233.4 1213.49
1235.37 1212.31
1237.39 1211.19
1239.53 1210.23
1241.52 1209.01
1242.93 1207.1
1244.33 1205.09
1246.16 1203.49
1248.32 1202.26
1250.54 1201.07
1252.61 1199.52
1254.97 1198.4
1257.1 1196.96
1259.45 1195.99
1261.96 1195.6
1264.44 1196.18
1266.65 1197.44
1268.56 1199.14
1269.6 1201.42
1270.51 1203.74
1272.11 1205.65
1273.41 1207.71
1274.39 1209.96
1275.73 1211.96
1277.35 1213.7
1279.1 1215.35
1280.63 1217.14
1282.33 1218.68
1284.01 1220.22
1285.73 1221.66
1287.38 1223.25
1289.3 1224.41
1291.16 1225.65
1293.18 1226.5
1295.22 1227.35
1297.21 1228.28
1299.06 1229.41
1300.62 1231.03
1302.74 1231.48
1304.75 1232.16
1306.75 1232.85
1308.77 1233.41
1310.62 1234.38
1312.28 1235.7
1314.18 1236.56
1315.97 1237.56
1317.48 1239.05
1319.42 1239.75
1321.19 1240.84
1323.15 1241.33
1325.19 1241.52
1327.21 1241.8
1329.2 1242.21
1331.23 1242.4
1333.27 1242.55
1335.31 1242.81
1337.36 1243.18
1339.41 1243.59
1341.49 1243.97
1343.61 1244.21
1345.76 1244.32
1347.94 1244.34
1350.14 1244.26
1352.34 1243.89
1354.51 1243.21
1356.7 1242.5
1358.95 1241.86
1361.24 1241.29
1363.54 1241.6
1365.15 1243.46
1366.57 1245.6
1367.97 1247.77
1368.24 1250.22
1367.46 1252.55
1365.87 1254.53
1364.65 1256.71
1363.24 1258.74
1361.48 1260.49
1359.43 1261.94
1357.6 1263.66
1356.24 1265.81
1354.58 1267.68
1352.72 1269.34
1351.04 1271.22
1349.21 1272.93
1347.41 1274.61
1345.58 1276.24
1343.56 1277.65
1341.9 1279.48
1340.34 1281.36
1338.42 1282.88
1336.82 1284.69
1335.18 1286.5
1333.1 1287.86
1331.53 1289.78
1329.76 1291.49
1327.74 1292.93
1325.87 1294.51
1323.98 1296.03
1322.24 1297.8
1320.05 1298.96
1317.99 1300.29
1316.08 1301.73
1314.33 1303.42
1312.32 1304.7
1310.19 1305.76
1308.03 1306.69
1305.98 1307.85
1303.86 1308.85
1301.74 1309.82
1299.77 1311.04
1297.75 1312.19
1295.99 1313.75
1294.03 1314.95
1292.07 1316.13
1289.95 1316.96
1287.85 1317.83
1286.06 1319.28
1284.13 1320.44
1282.01 1321.19
1279.79 1321.72
1277.9 1322.93
1276.16 1324.33
1274.18 1325.34
1272.16 1326.34
1270.34 1327.62
1268.77 1329.23
1266.99 1330.52
1265.23 1331.86
1263.41 1333.11
1261.28 1333.63
1259.08 1333.81
1256.98 1334.32
1255.09 1335.47
1253.09 1336.4
1250.96 1336.98
1248.84 1337.47
1246.81 1338.27
1244.82 1339.18
1242.85 1340.13
1240.81 1340.86
1238.81 1341.7
1236.97 1342.87
1235.17 1344.06
1233.31 1345.11
1231.28 1345.75
1229.21 1346.31
1227.16 1346.95
1225.29 1348.03
1223.44 1349.12
1221.41 1349.77
1219.33 1350.22
1217.28 1350.77
1215.3 1351.54
1213.33 1352.4
1211.24 1352.82
1209.16 1353.2
1207.13 1353.76
1205.15 1354.46
1203.21 1355.28
1201.36 1356.3
1199.47 1357.25
1197.47 1357.79
1195.38 1357.92
1193.29 1358.14
1191.34 1358.92
1189.38 1359.64
1187.46 1360.46
1185.5 1361.15
1183.48 1361.62
1181.45 1362.05
1179.39 1362.24
1177.32 1362.35
1175.25 1362.44
1173.21 1362.69
1171.2 1363.21
1169.24 1363.89
1167.27 1364.52
1165.26 1364.93
1163.2 1365.13
1161.14 1365.37
1159.13 1365.92
1157.2 1366.72
1155.2 1367.25
1153.14 1367.52
1151.11 1367.91
1149.15 1368.61
1147.12 1369.04
1145.08 1369.37
1143.1 1369.95
1141.1 1370.56
1139.11 1371.2
1137.08 1371.7
1134.99 1371.82
1132.92 1371.58
1130.87 1371.18
1128.82 1370.89
1126.78 1370.93
1124.78 1371.41
1122.84 1372.11
1120.89 1372.77
1118.98 1373.55
1117.18 1374.51
1115.6 1375.87
1113.81 1376.88
1111.79 1377.19
1109.74 1377.24
1107.71 1377.16
1105.72 1376.73
1103.79 1375.96
1101.79 1375.66
1099.82 1376.18
1097.9 1376.93
1095.91 1377.4
1093.91 1377.82
1091.87 1377.97
1089.81 1378.06
1087.76 1377.94
1085.72 1377.74
1083.69 1377.65
1081.65 1377.64
1079.62 1377.78
1077.62 1378.11
1075.62 1378.38
1073.61 1378.64
1071.58 1378.78
1069.55 1378.77
1067.52 1378.75
1065.5 1378.78
1063.47 1378.9
1061.45 1379.03
1059.42 1379.08
1057.4 1379.06
1055.37 1379
1053.34 1378.95
1051.31 1378.93
1049.28 1378.92
1047.24 1378.93
1045.22 1379.15
1043.22 1379.53
1041.22 1379.87
1039.19 1379.92
1037.19 1379.57

103

1143.36 1193.67
1140.86 1193.27
1138.49 1192.43
1136.12 1191.61
1133.74 1190.99
1131.43 1190.26
1129.12 1189.72
1126.88 1189.01
1124.68 1188.24
1122.59 1187.24
1120.51 1186.3
1118.44 1185.4
1116.33 1184.7
1114.37 1183.71
1112.53 1182.52
1110.83 1181.19
1108.94 1180.1
1107.15 1178.88
1105.26 1177.85
1103.36 1176.86
1101.36 1176.06
1099.21 1175.76
1097.05 1175.49
1094.9 1175.14
1092.75 1174.61
1090.59 1174.09
1088.37 1173.84
1086.12 1173.7
1083.83 1173.67
1081.52 1173.59
1079.23 1173.19
1077.08 1172.36
1075.27 1170.88
1074.03 1168.9
1073.38 1166.63
1073.24 1164.27
1073.36 1161.92
1073.61 1159.6
1073.87 1157.3
1073.99 1154.99
1074.17 1152.7
1074.5 1150.45
1075.04 1148.25
1075.71 1146.06
1076.2 1143.85
1076.35 1141.59
1076.36 1139.31
1076.36 1137.02
1076.34 1134.73
1076.17 1132.42
1075.82 1130.11
1075.45 1127.78
1075.33 1125.4
1075.77 1123.06
1076.7 1120.87
1078.61 1119.49
1081.11 1119.17
1083.64 1118.86
1086.03 1119.17
1088.01 1120.46
1089.44 1122.39
1090.35 1124.61
1091.24 1126.82
1092.23 1128.97
1093.53 1130.88
1095.25 1132.49
1096.77 1134.23
1098.4 1135.88
1099.99 1137.61
1101.49 1139.35
1103.07 1141.05
1103.93 1143.23
1105.4 1145.03
1106.64 1146.91
1108.12 1148.63
1109.7 1150.25
1111.53 1151.68
1113.2 1153.33
1114.95 1154.81
1116.73 1156.31
1118.67 1157.63
1120.21 1159.41
1121.7 1161.26
1123.08 1163.17
1124.71 1164.91
1126.42 1166.6
1128.44 1167.93
1130.62 1169.01
1133.01 1169.63
1135.33 1170.59
1137.29 1172.12
1139.13 1173.84
1141.19 1175.28
1143.51 1176.34
1145.45 1178.05
1147.45 1179.65
1149.48 1181.23
1151.33 1183.03
1151.82 1185.48
1151.37 1187.99
1149.73 1190.08
1147.88 1191.97
1145.88 1193.59

