CONTOUR

1

2095

1115.35 1620.95
1117.88 1621.15
1120.42 1621.02
1122.97 1620.73
1125.46 1620.2
1127.89 1619.37
1130.27 1618.41
1132.6 1617.33
1134.69 1615.82
1136.71 1614.27
1138.71 1612.77
1140.28 1610.89
1141.34 1608.66
1142.99 1606.94
1145.05 1605.75
1147.39 1605.19
1149.57 1604.27
1151.5 1602.88
1153.16 1601.17
1154.47 1599.17
1155.98 1597.31
1157.59 1595.54
1158.59 1593.42
1159.3 1591.19
1159.56 1588.84
1160.38 1586.69
1161.96 1585.02
1163.86 1583.67
1166.18 1583.14
1168.38 1582.26
1170.68 1581.71
1173.02 1581.27
1175.24 1580.43
1177.43 1579.55
1179.57 1578.54
1181.59 1577.34
1183.47 1575.82
1185.78 1575.07
1187.59 1573.48
1189.5 1572.05
1191.25 1570.43
1192.32 1568.28
1193.76 1566.36
1194.62 1564.18
1195.23 1561.92
1195.62 1559.62
1195.64 1557.32
1195.28 1555.06
1194.75 1552.86
1194.08 1550.74
1193.5 1548.62
1192.49 1546.69
1191.6 1544.74
1191.03 1542.7
1190.62 1540.63
1190.46 1538.54
1190.39 1536.47
1190.3 1534.43
1190.27 1532.42
1190.23 1530.45
1189.99 1528.52
1189.58 1526.64
1189.29 1524.77
1189.05 1522.92
1188.96 1521.08
1189.24 1519.28
1189.89 1517.6
1191.3 1516.5
1192.96 1515.77
1194.7 1515.34
1196.5 1515.46
1198.28 1515.96
1200.11 1516.37
1202.01 1516.56
1203.94 1516.6
1205.9 1516.48
1207.83 1516.01
1209.74 1515.34
1211.69 1514.77
1213.67 1514.22
1215.58 1513.47
1217.46 1512.54
1219.48 1512.04
1221.56 1511.8
1223.64 1511.67
1225.7 1511.33
1227.77 1511.1
1229.85 1510.84
1231.98 1510.84
1234.11 1510.75
1236.22 1510.51
1238.3 1510.12
1240.34 1509.63
1242.41 1509.37
1244.46 1508.99
1246.36 1508.12
1248.15 1507
1250.09 1506.19
1252.01 1505.36
1253.89 1504.4
1255.97 1504.09
1258.1 1504.14
1260.2 1503.99
1262.25 1503.66
1264.14 1502.9
1265.83 1501.65
1267.67 1500.74
1269.73 1500.79
1271.8 1501.02
1273.85 1500.76
1275.9 1500.38
1277.93 1499.9
1279.96 1499.35
1282.02 1498.88
1284.09 1498.47
1286.14 1498
1288.14 1497.31
1289.91 1496.07
1291.95 1495.55
1294.02 1495.17
1295.95 1494.31
1297.97 1493.8
1300.07 1493.66
1302.13 1493.44
1304.09 1492.74
1306.04 1491.96
1307.85 1490.88
1309.5 1489.61
1310.96 1488.06
1312.76 1487.07
1314.84 1486.88
1316.9 1486.59
1318.96 1486.23
1321.05 1485.95
1323.13 1485.6
1325.08 1484.84
1326.85 1483.68
1328.71 1482.72
1330.64 1481.93
1332.71 1481.58
1334.82 1481.48
1336.91 1481.27
1338.97 1480.9
1340.87 1480.01
1342.64 1478.83
1344.37 1477.56
1346.39 1476.87
1348.45 1476.26
1350.39 1475.33
1352.41 1474.51
1354.53 1474
1356.66 1473.52
1358.67 1472.65
1360.64 1471.69
1362.56 1470.68
1364.38 1469.45
1366.37 1468.62
1368.32 1467.69
1370.22 1466.62
1372.23 1465.79
1374.31 1465.12
1376.4 1464.43
1378.49 1463.78
1380.53 1463
1382.26 1461.54
1384.26 1460.56
1386.12 1459.3
1388.02 1458.12
1390.06 1457.22
1391.95 1455.99
1394.03 1455.1
1396.13 1454.26
1398.24 1453.49
1400.22 1452.41
1402.17 1451.22
1404.1 1450.02
1405.84 1448.55
1407.68 1447.19
1409.48 1445.72
1411.62 1444.91
1413.82 1444.28
1415.91 1443.31
1417.98 1442.29
1419.95 1441.1
1421.69 1439.55
1423.55 1438.16
1425.57 1437.06
1427.53 1435.89
1429.3 1434.42
1431.11 1432.99
1433.03 1431.71
1435.19 1430.91
1437.33 1430.02
1439.54 1429.29
1441.66 1428.31
1443.58 1426.98
1445.42 1425.51
1447.17 1423.87
1448.97 1422.39
1450.79 1420.96
1452.68 1419.6
1454.44 1418.05
1456.15 1416.41
1458.34 1415.41
1460.25 1413.96
1462.27 1412.72
1464.33 1411.54
1466.36 1410.29
1468.24 1408.84
1469.97 1407.19
1471.61 1405.37
1473.62 1403.98
1475.52 1402.49
1477.44 1401.04
1479.31 1399.47
1481.03 1397.76
1482.76 1396.12
1484.4 1394.36
1486.25 1392.87
1488.14 1391.4
1490 1389.83
1491.96 1388.42
1493.79 1386.85
1495.65 1385.3
1497.42 1383.6
1499.11 1381.83
1501.03 1380.35
1503.03 1378.94
1504.97 1377.5
1506.61 1375.7
1508.27 1373.93
1510.16 1372.45
1512.13 1371.01
1514.11 1369.55
1515.69 1367.64
1517.26 1365.74
1519.22 1364.23
1520.99 1362.56
1522.69 1360.85
1524.48 1359.19
1526.17 1357.4
1528.19 1356
1530.17 1354.52
1531.75 1352.65
1532.87 1350.44
1534.12 1348.32
1535.78 1346.47
1537.71 1344.86
1539.48 1343.1
1541.06 1341.09
1543.09 1339.56
1544.86 1337.8
1546.46 1335.89
1548.04 1333.98
1549.69 1332.18
1551.31 1330.32
1552.24 1327.98
1554.16 1326.44
1555.94 1324.78
1557.52 1322.92
1559.25 1321.18
1560.64 1319.16
1562.08 1317.17
1563.47 1315.16
1564.76 1313.09
1566.05 1311.01
1567.69 1309.14
1569.49 1307.42
1570.93 1305.43
1572.11 1303.27
1572.87 1300.95
1573.37 1298.55
1574.14 1296.26
1575.77 1294.52
1577.67 1292.99
1579.3 1291.25
1580.72 1289.35
1582.02 1287.35
1583.28 1285.34
1583.91 1283.08
1584.61 1280.85
1585.5 1278.7
1586.71 1276.74
1588.13 1274.92
1589.39 1273.01
1590.66 1271.07
1591.5 1268.92
1592.42 1266.81
1593.7 1264.87
1594.79 1262.86
1595.84 1260.8
1596.72 1258.68
1597.62 1256.6
1598.89 1254.68
1599.54 1252.51
1600.29 1250.38
1601.54 1248.48
1602.46 1246.43
1603.46 1244.44
1604.46 1242.45
1605.23 1240.39
1605.85 1238.28
1606.44 1236.16
1607.06 1234.06
1607.67 1231.94
1608.5 1229.93
1609.64 1228.06
1610.33 1226.02
1610.82 1223.91
1611.39 1221.83
1612.08 1219.8
1612.65 1217.74
1613.29 1215.71
1613.81 1213.65
1614.32 1211.61
1614.94 1209.57
1615.56 1207.52
1615.92 1205.4
1616.75 1203.39
1617.48 1201.38
1617.52 1199.28
1617.24 1197.15
1617.29 1195.04
1617.68 1192.97
1618.33 1190.97
1619.15 1189.01
1620.12 1187.12
1620.75 1185.1
1621.41 1183.09
1621.71 1181.01
1621.8 1178.9
1621.85 1176.79
1621.8 1174.68
1621.49 1172.59
1620.72 1170.61
1619.99 1168.59
1620.01 1166.5
1620.91 1164.57
1621.83 1162.67
1622.67 1160.75
1623.58 1158.86
1624.05 1156.83
1624.64 1154.84
1625.12 1152.81
1625.37 1150.75
1625.06 1148.7
1624.41 1146.7
1624.17 1144.65
1624.53 1142.62
1625.4 1140.71
1625.99 1138.74
1626.31 1136.71
1626.52 1134.67
1626.74 1132.63
1627.02 1130.6
1627.38 1128.58
1627.81 1126.57
1628.19 1124.56
1628.44 1122.54
1628.62 1120.51
1628.8 1118.5
1628.95 1116.48
1629.07 1114.47
1629.31 1112.48
1629.72 1110.51
1629.93 1108.51
1630.02 1106.5
1630.05 1104.47
1630.12 1102.44
1630.32 1100.42
1630.69 1098.42
1631.12 1096.43
1631.48 1094.42
1631.77 1092.42
1632.25 1090.46
1632.84 1088.51
1633.08 1086.51
1633.23 1084.5
1633.34 1082.5
1633.41 1080.51
1633.43 1078.52
1633.32 1076.53
1633.68 1074.58
1634.2 1072.67
1634.64 1070.72
1634.95 1068.73
1635.28 1066.73
1635.58 1064.71
1635.8 1062.69
1635.85 1060.66
1635.88 1058.62
1635.98 1056.6
1636.23 1054.59
1636.48 1052.59
1636.67 1050.58
1636.8 1048.56
1636.9 1046.54
1636.98 1044.52
1637.13 1042.5
1637.36 1040.49
1637.7 1038.5
1637.87 1036.49
1637.97 1034.48
1638.09 1032.45
1638.21 1030.43
1638.33 1028.39
1638.52 1026.35
1638.88 1024.32
1639.28 1022.31
1639.34 1020.27
1639.26 1018.23
1639.16 1016.2
1639.08 1014.15
1639.21 1012.11
1639.32 1010.07
1639.25 1008.03
1639.01 1006
1638.77 1003.96
1638.65 1001.92
1638.67 999.861
1638.78 997.806
1638.98 995.756
1639.14 993.707
1639.05 991.656
1638.86 989.6
1638.84 987.537
1638.91 985.475
1639.09 983.419
1639.32 981.373
1639.4 979.321
1639.36 977.268
1639.25 975.221
1638.96 973.192
1638.72 971.161
1638.95 969.136
1639.46 967.144
1639.82 965.118
1640.07 963.077
1640.31 961.019
1639.97 958.961
1639.6 956.933
1638.86 955.016
1637.78 953.208
1637.07 951.238
1636.55 949.207
1636.16 947.127
1635.57 945.084
1634.84 943.071
1634.31 940.998
1633.94 938.908
1633.57 936.851
1632.98 934.838
1632.23 932.854
1631.53 930.862
1630.86 928.853
1630.43 926.766
1630.23 924.628
1630 922.5
1629.66 920.397
1629.12 918.33
1628.6 916.256
1628.04 914.182
1627.3 912.152
1626.72 910.073
1626.29 907.956
1625.6 905.922
1624.29 904.168
1623.26 902.302
1622.57 900.278
1621.95 898.242
1621.34 896.218
1620.53 894.238
1619.97 892.173
1619.41 890.089
1618.74 888.035
1617.95 886.025
1617.22 884
1615.98 882.185
1615.28 880.106
1613.98 878.329
1613.31 876.303
1612.86 874.218
1612.32 872.143
1611.48 870.149
1610.45 868.244
1609.35 866.375
1608 864.634
1607.47 862.543
1606.81 860.495
1606.08 858.473
1605.52 856.401
1604.58 854.468
1603.5 852.6
1602.48 850.696
1601.48 848.787
1600.32 846.949
1599.32 845.024
1598.49 843.021
1597.66 841.028
1596.62 839.128
1595.53 837.233
1594.51 835.328
1593.46 833.456
1592.09 831.774
1591.08 829.899
1589.86 828.172
1589.15 826.23
1588.36 824.313
1587.24 822.582
1586.07 820.914
1584.65 819.482
1583.23 818.081
1581.65 816.832
1580.53 815.206
1579.62 813.455
1579.09 811.57
1579.28 809.626
1579.76 807.724
1580.48 805.872
1581.74 804.328
1582.92 802.714
1583.72 800.877
1584.54 799.028
1585.61 797.256
1586.53 795.409
1587.39 793.513
1588.25 791.597
1589.22 789.714
1589.92 787.728
1590.6 785.722
1591.37 783.736
1591.76 781.646
1592.4 779.604
1593.5 777.731
1594.2 775.706
1594.75 773.621
1595.42 771.563
1596.13 769.513
1596.55 767.405
1596.75 765.261
1596.89 763.115
1597.11 760.977
1597.54 758.861
1597.73 756.722
1597.79 754.566
1597.83 752.398
1597.85 750.222
1597.78 748.032
1597.36 745.888
1596.18 743.964
1595.39 741.904
1595.88 739.825
1597.41 738.175
1598.75 736.431
1599.85 734.56
1600.65 732.544
1601.08 730.431
1601.19 728.283
1601.13 726.139
1600.78 724.036
1600.03 722.033
1599.03 720.137
1597.91 718.315
1596.61 716.602
1595.46 714.783
1595.23 712.679
1595.58 710.552
1596.05 708.448
1596.75 706.418
1597.5 704.431
1597.89 702.382
1598.05 700.309
1598.09 698.237
1598.09 696.172
1598.11 694.114
1598.11 692.06
1598.1 690.011
1598.09 687.965
1598.09 685.923
1598.09 683.885
1598.12 681.85
1598.15 679.818
1598.1 677.79
1597.98 675.77
1597.9 673.755
1597.89 671.744
1597.89 669.744
1597.82 667.754
1597.71 665.774
1597.46 663.815
1597 661.883
1596.84 659.911
1596.85 657.925
1597.05 655.941
1597.32 653.974
1597.39 651.988
1597.39 649.998
1597.39 648.007
1597.36 646.017
1597.33 644.029
1597.3 642.044
1597.27 640.062
1597.28 638.086
1597.36 636.113
1597.45 634.139
1597.59 632.164
1597.79 630.198
1597.92 628.223
1598 626.238
1598.07 624.243
1598.14 622.239
1598.13 620.228
1598.1 618.214
1598.12 616.199
1598.2 614.182
1598.23 612.162
1598.2 610.142
1598.14 608.122
1598.03 606.104
1597.9 604.087
1597.71 602.07
1597.59 600.044
1597.64 598.016
1597.79 595.989
1597.9 593.963
1597.91 591.938
1597.82 589.918
1597.56 587.912
1597.32 585.907
1597.44 583.894
1597.76 581.906
1597.99 579.905
1598.15 577.893
1598.21 575.871
1598.18 573.842
1598.16 571.809
1598.14 569.771
1598.09 567.73
1598.03 565.687
1598.02 563.641
1598.02 561.591
1598.01 559.539
1597.97 557.486
1597.9 555.437
1597.81 553.395
1597.62 551.362
1597.38 549.336
1597.15 547.309
1596.93 545.276
1596.72 543.232
1596.57 541.168
1596.28 539.125
1595.65 537.157
1594.89 535.222
1594.37 533.212
1594.11 531.149
1593.9 529.082
1593.56 527.034
1592.97 525.026
1592.37 523.011
1592.48 520.936
1593.02 518.884
1592.79 516.861
1591.91 514.987
1590.85 513.19
1590.23 511.228
1589.79 509.23
1589.46 507.229
1589.48 505.211
1589.68 503.192
1589.79 501.161
1589.76 499.118
1589.64 497.072
1589.28 495.04
1588.92 492.986
1588.7 490.907
1588.4 488.834
1587.78 486.827
1587.08 484.836
1586.51 482.808
1586 480.765
1585.46 478.722
1585.26 476.631
1585.21 474.53
1585.02 472.443
1584.33 470.482
1583.3 468.655
1582.2 466.853
1581.58 464.857
1581.34 462.767
1581.31 460.651
1581.22 458.526
1580.78 456.465
1579.88 454.529
1578.82 452.665
1578.13 450.654
1577.75 448.563
1577.38 446.467
1576.94 444.383
1576.36 442.313
1575.62 440.29
1574.62 438.382
1573.99 436.328
1573.76 434.179
1573.34 432.074
1572.45 430.108
1571.48 428.189
1570.57 426.248
1569.62 424.339
1568.41 422.602
1567.3 420.811
1566.59 418.832
1565.96 416.826
1565.4 414.8
1564.74 412.789
1563.84 410.856
1562.78 408.988
1562.03 406.967
1561.47 404.867
1560.61 402.837
1559.79 400.773
1559.27 398.607
1558.03 396.687
1557.43 394.542
1556.91 392.365
1556.08 390.277
1554.98 388.283
1554.14 386.169
1553.19 384.106
1551.73 382.323
1550.57 380.362
1549.33 378.427
1548.51 376.299
1547.65 374.182
1546.5 372.219
1545.29 370.292
1543.84 368.482
1543.12 366.279
1541.69 364.42
1540.69 362.342
1539.6 360.304
1538.4 358.321
1537.32 356.297
1535.78 354.558
1534.45 352.687
1533.41 350.636
1532.4 348.572
1531.05 346.699
1529.58 344.923
1527.99 343.206
1527.25 340.936
1525.71 339.145
1524.5 337.175
1523.37 335.125
1522.1 333.157
1520.5 331.437
1519.07 329.596
1517.42 327.877
1515.87 326.097
1514.17 324.5
1512.39 322.985
1510.99 321.14
1509.46 319.323
1508.32 317.241
1506.85 315.388
1505.26 313.639
1503.58 311.917
1502.02 310.145
1501.14 307.982
1500.38 305.77
1499.37 303.638
1498.36 301.495
1497.2 299.446
1495.56 297.68
1493.98 295.84
1492.2 294.279
1490.51 292.611
1488.82 290.931
1487.07 289.299
1485.28 287.618
1483.6 285.848
1481.75 284.302
1479.74 282.933
1477.8 281.506
1476.22 279.667
1474.51 277.978
1472.59 276.562
1470.66 275.179
1468.62 273.945
1466.71 272.518
1464.81 271.089
1463.15 269.321
1461.07 268.083
1459.03 266.81
1456.86 265.795
1454.79 264.594
1452.86 263.176
1451.25 261.341
1449.45 259.743
1447.44 258.392
1445.34 257.149
1443.64 255.389
1441.97 253.597
1439.88 252.334
1437.86 250.983
1436.06 249.415
1434.27 247.794
1431.94 247.049
1430.07 245.55
1428.28 244.012
1426.42 242.566
1424.43 241.309
1422.71 239.675
1420.78 238.319
1418.93 236.895
1417 235.603
1414.91 234.545
1412.79 233.539
1410.92 232.088
1408.8 231.107
1407.05 229.539
1405.16 228.171
1403.34 226.716
1401.43 225.392
1399.6 223.894
1397.37 223.16
1395.59 221.621
1393.61 220.451
1391.51 219.482
1389.41 218.507
1387.46 217.323
1385.7 215.788
1383.48 215.018
1381.67 213.519
1379.72 212.283
1377.73 211.111
1375.62 210.172
1373.6 209.105
1371.89 207.515
1369.9 206.365
1367.81 205.369
1365.86 204.152
1363.98 202.852
1361.92 201.893
1359.85 200.917
1357.91 199.736
1355.79 198.946
1353.85 197.735
1351.72 197.009
1349.63 196.204
1347.64 195.156
1345.62 194.228
1343.55 193.403
1341.51 192.469
1339.65 191.244
1337.75 190.081
1335.74 189.16
1333.87 187.958
1331.96 186.831
1329.87 186.089
1327.78 185.325
1325.89 184.164
1323.95 183.128
1321.96 182.206
1319.88 181.524
1317.84 180.743
1315.87 179.805
1313.97 178.723
1311.98 177.863
1309.93 177.244
1307.81 176.975
1305.65 176.943
1303.51 176.769
1301.46 176.098
1299.6 175.024
1297.71 174.029
1295.68 173.372
1293.68 172.619
1291.7 171.788
1289.81 170.773
1287.87 169.879
1285.87 169.156
1283.84 168.492
1281.83 167.788
1279.74 167.349
1277.7 166.749
1275.92 165.478
1273.92 164.7
1271.85 164.122
1269.81 163.457
1267.77 162.803
1265.69 162.322
1263.65 161.746
1261.59 161.304
1259.5 161.056
1257.44 160.632
1255.49 159.821
1253.49 159.119
1251.54 158.347
1249.52 157.859
1247.45 157.694
1245.36 157.768
1243.29 157.536
1241.32 156.861
1239.36 156.12
1237.37 155.425
1235.36 154.811
1233.29 154.45
1231.23 154.086
1229.17 153.8
1227.1 153.638
1225.03 153.471
1222.98 153.178
1220.92 152.91
1218.87 152.637
1216.8 152.419
1214.72 152.283
1212.64 152.426
1210.57 152.771
1208.48 153.058
1206.38 153.022
1204.47 152.097
1202.58 151.142
1200.57 150.62
1198.47 150.682
1196.37 150.757
1194.27 150.748
1192.18 150.767
1190.1 150.804
1188.06 150.579
1186.18 149.75
1184.38 148.775
1182.51 147.986
1180.53 147.561
1178.51 147.406
1176.47 147.334
1174.43 147.232
1172.39 147.225
1170.35 147.264
1168.3 147.27
1166.26 147.218
1164.21 147.235
1162.17 147.249
1160.13 147.203
1158.09 147.144
1156.05 147.165
1154.02 147.33
1152 147.655
1150 148.091
1148 148.556
1145.96 148.755
1143.92 148.588
1141.99 147.902
1140.33 146.629
1138.47 145.843
1136.46 145.535
1134.45 145.278
1132.43 145.144
1130.42 145.08
1128.4 145.118
1126.39 145.258
1124.37 145.323
1122.36 145.072
1120.41 144.431
1118.57 143.428
1116.61 142.686
1114.58 142.161
1112.5 142.033
1110.41 142.401
1108.34 142.925
1106.22 143.215
1104.09 143.296
1102.02 142.914
1100.18 141.808
1098.22 141.034
1096.17 140.625
1094.07 140.437
1091.96 140.491
1089.87 140.819
1087.87 141.531
1085.95 142.489
1083.88 142.979
1081.75 142.961
1079.64 142.565
1077.52 142.325
1075.41 142.655
1073.3 143.043
1071.16 143.241
1069.05 143.605
1066.95 144.078
1064.94 144.809
1062.93 145.51
1061.04 146.55
1059 146.786
1057.02 145.89
1054.95 145.598
1052.84 145.731
1050.74 145.929
1048.65 146.181
1046.59 146.599
1044.57 147.245
1042.6 148.059
1040.61 148.767
1038.59 149.436
1036.55 149.928
1034.62 150.744
1032.83 151.88
1030.97 152.833
1028.96 153.281
1026.87 153.258
1024.8 153.276
1022.75 153.663
1020.71 154.13
1018.66 154.573
1016.65 155.2
1014.68 155.988
1012.66 156.585
1010.67 157.276
1008.87 158.392
1006.98 159.327
1004.94 159.952
1002.9 160.518
1000.84 161.044
998.792 161.563
996.707 161.944
994.603 162.229
992.552 162.7
990.663 163.648
988.833 164.732
986.857 165.512
984.81 166.087
982.701 166.372
980.575 166.394
978.491 165.938
976.402 165.545
974.321 165.77
972.319 166.43
970.453 167.426
968.614 168.512
966.749 169.521
964.749 170.242
962.72 170.904
960.736 171.712
958.687 172.328
956.585 172.753
954.568 173.435
952.848 174.785
950.895 175.603
948.857 176.321
946.754 176.805
944.693 177.349
942.76 178.248
940.823 179.203
938.874 180.161
936.836 180.88
934.81 181.639
932.85 182.547
931.016 183.728
929.136 184.807
927.143 185.627
925.121 186.406
923.156 187.331
921.271 188.406
919.322 189.348
917.295 190.108
915.418 191.196
913.592 192.366
911.677 193.369
909.808 194.43
908.075 195.675
906.344 196.917
904.694 198.257
902.943 199.438
900.885 200.052
898.906 200.814
896.935 201.54
895.064 202.512
893.186 203.471
891.219 204.23
889.206 204.813
887.218 205.466
885.213 206.087
883.294 206.989
881.305 207.75
879.426 208.75
877.434 209.514
875.372 209.995
873.355 210.603
871.373 211.406
869.37 212.187
867.318 212.821
865.326 213.59
863.515 214.793
861.475 215.487
859.471 216.276
857.448 217.011
855.357 217.493
853.245 217.921
851.106 218.288
849.003 218.806
846.974 219.622
844.909 220.356
842.793 220.932
840.754 221.686
838.987 223.064
836.922 223.865
834.862 224.665
832.805 225.419
830.877 226.479
829.001 227.673
826.972 228.58
824.818 229.157
822.638 229.73
820.716 231.015
818.598 231.806
816.576 232.82
814.514 233.778
812.439 234.741
810.47 235.963
808.451 237.115
806.486 238.391
804.448 239.585
802.666 241.164
800.757 242.534
798.781 243.857
796.795 245.208
795.171 247.035
793.135 248.263
791.219 249.737
789.225 251.1
787.442 252.72
785.678 254.365
783.68 255.753
781.943 257.467
780.134 259.043
778.273 260.568
776.301 261.955
774.551 263.614
772.751 265.256
770.905 266.806
769.123 268.435
767.16 269.873
765.269 271.451
763.574 273.225
761.773 274.84
759.831 276.329
757.857 277.762
756.083 279.446
754.28 281.095
752.194 282.346
750.217 283.727
748.366 285.262
746.884 287.188
745.405 289.076
743.472 290.489
741.554 291.932
739.973 293.703
738.605 295.68
737.33 297.743
735.558 299.409
733.867 301.136
732.549 303.151
731.184 305.113
729.736 306.985
728.151 308.782
727.217 310.981
725.59 312.689
724.262 314.586
722.977 316.518
721.952 318.583
720.941 320.656
719.676 322.589
718.58 324.604
717.432 326.59
716.409 328.648
715.189 330.578
714.185 332.611
713.2 334.65
711.757 336.424
710.808 338.486
709.671 340.445
708.982 342.579
707.964 344.563
706.874 346.525
706.113 348.622
705.356 350.709
704.169 352.609
703.263 354.622
702.361 356.633
701.586 358.678
700.743 360.697
699.881 362.707
698.885 364.66
698.032 366.658
697.265 368.664
696.741 370.753
696.249 372.866
695.563 374.932
695.049 377.021
693.788 378.832
692.933 380.814
692.141 382.813
691.154 384.734
690.484 386.758
690.055 388.849
689.623 390.939
689.109 392.999
688.436 395.017
687.665 397.003
687.157 399.082
686.395 401.059
685.164 402.81
684.179 404.704
683.104 406.553
681.939 408.368
681.261 410.399
680.513 412.389
679.678 414.348
679.009 416.384
677.627 418.109
676.744 420.068
675.982 422.078
674.978 423.996
674.382 426.061
673.983 428.179
673.449 430.257
672.476 432.179
671.489 434.104
670.533 436.026
669.749 438.005
669.144 440.046
668.551 442.101
667.781 444.099
666.744 445.976
665.756 447.884
665.273 449.958
665.069 452.1
664.6 454.183
663.511 456.058
662.709 458.075
662.208 460.177
661.836 462.286
661.647 464.424
661.389 466.555
660.873 468.636
660.184 470.662
659.464 472.681
658.78 474.709
658.281 476.773
657.8 478.831
657.315 480.866
657.21 482.945
657.27 485.031
657.197 487.112
656.6 489.088
655.394 490.814
654.336 492.609
653.638 494.564
653.138 496.605
652.688 498.666
652.104 500.699
651.303 502.665
650.595 504.659
650.158 506.722
649.869 508.82
649.488 510.893
649.092 512.963
648.958 515.049
649.274 517.101
650.326 518.938
651.338 520.816
651.486 522.92
651.313 525.043
651.328 527.158
651.545 529.258
651.766 531.35
651.881 533.44
651.905 535.525
651.894 537.603
651.881 539.675
651.876 541.742
651.878 543.806
651.879 545.869
651.879 547.933
651.874 550
651.841 552.073
651.704 554.146
651.33 556.19
650.524 558.112
649.515 559.94
649.1 561.937
649.038 563.979
649.314 565.996
650.083 567.89
651.033 569.748
651.416 571.767
651.43 573.827
651.37 575.881
651.419 577.926
651.568 579.964
651.734 581.999
651.824 584.036
651.864 586.077
651.879 588.119
651.882 590.164
651.88 592.213
651.877 594.267
651.876 596.327
651.876 598.395
651.875 600.472
651.873 602.559
651.874 604.657
651.892 606.767
651.933 608.89
651.969 611.025
651.844 613.162
651.152 615.174
649.811 616.907
649.133 618.886
648.943 620.971
648.966 623.062
648.989 625.133
649.006 627.191
648.963 629.228
648.986 631.239
649.113 633.217
649.323 635.178
649.017 637.062
647.654 638.398
645.832 639.247
644.195 640.367
642.815 641.897
641.34 643.351
639.759 644.764
638.762 646.683
636.968 647.912
635.581 649.571
634.139 651.16
632.742 652.803
631.3 654.43
629.527 655.717
628.109 657.376
626.501 658.822
624.868 660.253
623.189 661.635
621.577 663.178
619.566 664.022
617.559 664.889
615.512 665.674
613.578 666.71
611.765 667.957
609.927 669.163
608.167 670.503
606.225 671.52
604.249 672.446
602.175 673.111
600.015 673.538
597.973 674.353
595.971 675.271
593.984 676.254
591.953 677.129
589.865 677.873
587.74 678.542
585.539 679.013
583.358 679.581
581.391 680.804
579.242 681.526
577.095 682.222
575.121 683.4
573.174 684.661
571.258 685.954
569.468 687.471
567.568 688.852
565.533 690.002
563.567 691.228
561.734 692.66
559.864 694.07
558.313 695.813
556.865 697.676
555.504 699.579
554.331 701.589
553.464 703.742
552.863 705.991
552.122 708.205
551.409 710.406
550.801 712.629
549.624 714.633
548.881 716.783
548.198 718.924
547.356 721.005
546.624 723.091
546.09 725.215
545.591 727.325
545.236 729.435
545.083 731.559
544.997 733.683
544.926 735.802
544.701 737.909
543.934 739.864
542.761 741.62
541.655 743.423
540.797 745.362
539.963 747.32
538.894 749.187
537.965 751.12
537.319 753.169
537.039 755.31
536.739 757.467
536.064 759.55
535.471 761.666
534.838 763.774
534.056 765.853
533.585 768.015
533.426 770.241
533.367 772.473
533.459 774.699
533.734 776.916
533.856 779.142
533.862 781.372
533.828 783.605
533.752 785.845
533.69 788.092
533.659 790.347
533.65 792.612
533.66 794.884
533.894 797.142
534.601 799.313
535.625 801.371
536.59 803.461
537.387 805.611
538.285 807.721
539.495 809.657
541.004 811.33
542.856 812.647
544.497 814.145
546.094 815.696
547.722 817.168
549.714 818
551.696 818.885
553.549 820.014
555.488 820.879
557.421 821.729
559.132 823.04
561.077 823.806
562.567 825.252
564.088 826.615
565.501 828.094
567.033 829.492
567.328 831.44
567.098 833.452
566.773 835.457
566.384 837.464
566.332 839.514
566.442 841.575
566.311 843.639
566.095 845.709
565.935 847.791
565.914 849.88
566.248 851.93
567.07 853.832
568.21 855.564
569.268 857.317
569.47 859.31
569.144 861.331
569.186 863.356
569.524 865.371
569.739 867.399
569.906 869.427
570.054 871.457
570.225 873.483
570.484 875.506
570.847 877.522
571.326 879.517
571.871 881.481
572.292 883.466
572.657 885.446
573.203 887.366
573.608 889.31
573.79 891.277
574.039 893.22
574.533 895.114
574.887 897.025
574.776 898.955
574.252 900.841
573.837 902.745
573.516 904.678
573.086 906.593
572.735 908.519
572.492 910.478
572.185 912.435
571.67 914.361
571.021 916.259
570.554 918.205
570.221 920.178
570.012 922.174
569.828 924.191
569.544 926.205
569.01 928.178
568.474 930.173
567.766 932.11
566.746 933.931
565.828 935.786
565.417 937.813
565.229 939.868
565.166 941.926
565.145 943.978
565.21 946.061
564.872 948.095
564.181 950.042
563.3 951.919
562.613 953.874
562.239 955.911
562.045 957.979
561.975 960.053
561.898 962.136
561.781 964.212
561.584 966.283
561.231 968.329
561.042 970.39
560.967 972.466
560.915 974.553
560.891 976.653
560.873 978.769
560.896 980.891
561.296 982.961
562.457 984.783
563.658 986.619
564.074 988.726
563.737 990.855
562.669 992.763
561.367 994.54
560.649 996.569
560.317 998.696
560.243 1000.85
560.073 1002.99
559.788 1005.1
559.612 1007.22
559.781 1009.33
560.51 1011.32
561.538 1013.19
563.018 1014.82
563.927 1016.75
564.107 1018.89
564.044 1021.05
563.961 1023.21
563.817 1025.36
563.423 1027.47
562.514 1029.42
561.449 1031.27
561.019 1033.3
560.957 1035.37
561.071 1037.43
561.296 1039.46
561.591 1041.47
561.902 1043.46
562.234 1045.44
562.298 1047.45
562.281 1049.47
562.288 1051.49
562.412 1053.51
562.535 1055.54
562.705 1057.57
562.989 1059.61
563.217 1061.65
563.343 1063.71
563.609 1065.76
564.081 1067.77
564.522 1069.77
565.013 1071.75
565.622 1073.7
566.084 1075.67
565.734 1077.69
565.537 1079.72
565.636 1081.76
565.835 1083.79
566.352 1085.78
567.313 1087.62
568.323 1089.45
569.073 1091.41
569.957 1093.32
571.147 1095.11
571.578 1097.16
571.206 1099.24
570.242 1101.16
569.466 1103.12
569.214 1105.18
569.228 1107.25
569.337 1109.31
569.558 1111.36
570.084 1113.36
570.67 1115.35
570.729 1117.41
570.42 1119.48
570.308 1121.54
570.391 1123.61
570.592 1125.68
570.819 1127.75
571.076 1129.81
571.414 1131.86
571.758 1133.92
572.199 1135.95
572.931 1137.87
574.055 1139.61
575.198 1141.36
575.55 1143.37
575.402 1145.45
575.187 1147.53
575.118 1149.62
575.058 1151.71
575.51 1153.76
576.176 1155.77
576.977 1157.73
577.799 1159.7
578.907 1161.56
579.416 1163.62
579.115 1165.71
578.143 1167.66
577.414 1169.66
577.213 1171.75
577.321 1173.85
577.792 1175.9
578.335 1177.95
578.872 1180
579.548 1182.02
580.05 1184.07
580.43 1186.16
580.834 1188.25
581.388 1190.3
582.161 1192.28
582.981 1194.26
583.129 1196.38
583.359 1198.48
584.119 1200.43
584.754 1202.43
585.139 1204.47
585.416 1206.53
585.862 1208.56
586.221 1210.61
586.56 1212.68
587.098 1214.71
587.846 1216.69
588.565 1218.68
589.461 1220.58
590.786 1222.27
591.498 1224.24
592.033 1226.29
592.72 1228.3
593.133 1230.39
593.564 1232.48
594.037 1234.55
594.57 1236.61
595.355 1238.6
596.367 1240.49
597.553 1242.28
599.021 1243.93
599.45 1246.05
599.995 1248.13
600.78 1250.16
601.436 1252.24
602.636 1254.06
603.889 1255.87
604.897 1257.83
606.194 1259.59
607.271 1261.49
607.927 1263.59
609.343 1265.35
610.146 1267.4
610.814 1269.51
611.692 1271.56
612.567 1273.62
613.564 1275.61
614.895 1277.46
615.623 1279.62
617.016 1281.44
618.027 1283.46
618.911 1285.55
620.14 1287.48
621.441 1289.37
622.774 1291.23
623.741 1293.32
625.158 1295.16
626.237 1297.18
627.406 1299.14
628.738 1301.02
630.009 1302.96
631.417 1304.83
632.758 1306.75
633.824 1308.84
634.707 1311.04
635.956 1313.05
637.493 1314.82
639.282 1316.41
640.952 1318.08
642.171 1320.12
643.399 1322.16
644.949 1323.98
646.656 1325.66
647.777 1327.78
649.308 1329.65
650.805 1331.49
652.51 1333.14
654.231 1334.76
655.739 1336.58
657.278 1338.42
658.625 1340.39
660.336 1342.02
661.895 1343.82
663.348 1345.75
664.924 1347.54
666.282 1349.46
667.503 1351.48
668.718 1353.49
670.148 1355.33
671.845 1356.94
673.773 1358.33
675.533 1359.89
677.167 1361.64
679.127 1363.02
680.744 1364.7
682.07 1366.65
683.371 1368.6
685.039 1370.22
687.044 1371.45
688.914 1372.82
690.428 1374.58
691.807 1376.44
693.161 1378.33
694.964 1379.75
697.13 1380.61
699.217 1381.58
701.114 1382.97
703.283 1383.77
705.39 1384.73
707.55 1385.56
709.584 1386.7
711.164 1388.4
712.202 1390.52
713.187 1392.63
714.276 1394.67
715.774 1396.43
717.521 1397.96
719.3 1399.52
721.069 1401.07
722.878 1402.51
724.78 1403.8
726.868 1404.76
728.803 1405.89
730.134 1407.69
731.121 1409.73
732.316 1411.62
733.577 1413.44
735.046 1415.14
735.859 1417.2
737.417 1418.7
738.859 1420.26
740.414 1421.69
741.823 1423.28
743.645 1424.42
744.752 1426.15
745.079 1428.24
745.383 1430.33
745.889 1432.4
746.169 1434.51
746.205 1436.66
746.239 1438.82
746.385 1440.99
746.609 1443.18
747.029 1445.35
747.819 1447.42
748.898 1449.36
750.365 1451.07
751.861 1452.8
752.471 1454.91
751.745 1457.04
750.5 1458.99
749.632 1461.06
749.68 1463.28
750.286 1465.46
751.182 1467.54
752.048 1469.6
753.18 1471.55
753.989 1473.65
754.762 1475.75
755.856 1477.7
756.779 1479.74
757.672 1481.8
759.262 1483.39
760.947 1484.85
762.469 1486.44
764.133 1487.87
765.56 1489.58
767.318 1490.99
768.291 1492.94
769.102 1495
769.768 1497.11
770.265 1499.27
770.974 1501.39
772.146 1503.34
773.285 1505.32
773.835 1507.52
774.589 1509.66
775.674 1511.68
777.237 1513.45
778.69 1515.28
780.313 1516.99
781.898 1518.75
783.59 1520.45
785.216 1522.26
786.929 1523.97
788.863 1525.46
790.718 1527.1
793.013 1527.96
795.118 1529.26
797.476 1529.93
799.796 1530.73
802.049 1531.76
804.413 1532.5
806.845 1532.88
809.304 1532.99
811.766 1532.96
814.226 1532.85
816.658 1532.57
818.928 1531.72
820.995 1530.44
822.955 1529.06
824.277 1527.09
825.443 1525.01
825.905 1522.69
826.204 1520.36
826.639 1518.07
827.33 1515.88
828.528 1513.89
829.337 1511.77
829.739 1509.57
830.132 1507.39
830.62 1505.24
831.328 1503.19
831.96 1501.11
832.636 1499.06
833.314 1497.06
834.047 1495.09
834.973 1493.23
836.104 1491.49
836.925 1489.62
837.566 1487.7
838.514 1485.95
839.71 1484.38
840.798 1482.75
841.535 1480.94
842.659 1479.37
844.296 1478.37
846.048 1477.62
847.856 1477.01
849.713 1476.62
851.573 1476.39
853.428 1476.2
855.28 1476.08
857.075 1476.46
858.691 1477.35
860.317 1478.2
861.908 1479.09
863.649 1479.5
865.44 1479.72
867.154 1480.23
868.638 1481.3
870.152 1482.33
871.239 1483.76
871.37 1485.58
871.154 1487.4
870.051 1488.95
869.404 1490.67
869.184 1492.51
869.01 1494.4
868.48 1496.23
867.697 1498.01
866.816 1499.78
866.23 1501.65
865.825 1503.59
865.615 1505.56
865.555 1507.55
865.602 1509.56
865.745 1511.57
865.895 1513.6
865.914 1515.64
865.8 1517.69
865.644 1519.76
865.601 1521.84
865.659 1523.92
865.652 1526.03
865.419 1528.14
865.229 1530.28
865.088 1532.45
864.986 1534.64
864.946 1536.86
864.949 1539.09
865.001 1541.32
865.043 1543.56
865.092 1545.8
865.175 1548.05
865.323 1550.29
865.73 1552.53
866.116 1554.76
866.84 1556.89
868.088 1558.76
869.567 1560.41
871.211 1561.91
873.071 1563.12
874.937 1564.28
876.978 1564.97
879.099 1565.39
881.169 1565.87
883.093 1566.79
885.017 1567.68
886.459 1569.15
887.072 1571.14
886.97 1573.31
886.81 1575.5
886.717 1577.74
886.487 1580.01
885.948 1582.27
885.587 1584.61
885.226 1586.99
885.341 1589.38
886.191 1591.66
887.453 1593.76
889.095 1595.58
890.586 1597.48
892.174 1599.32
893.851 1601.07
895.66 1602.69
897.515 1604.27
899.571 1605.55
901.638 1606.87
903.959 1607.57
906.412 1607.75
908.869 1607.93
911.15 1608.88
913.422 1609.81
915.804 1610.38
918.24 1610.63
920.695 1610.5
923.128 1610.16
925.487 1609.6
927.77 1608.84
929.973 1607.88
932.257 1607.44
934.544 1607.08
936.757 1606.38
939.042 1606.17
941.301 1605.97
943.383 1605.26
945.078 1603.89
946.46 1602.24
947.593 1600.46
948.323 1598.51
948.916 1596.55
949.412 1594.6
949.703 1592.65
949.957 1590.72
950.152 1588.82
950.737 1587.05
952.084 1585.76
953.512 1584.64
955.229 1584.22
957.005 1584.4
958.722 1584.89
960.356 1585.63
961.706 1586.8
962.553 1588.44
963.052 1590.25
963.362 1592.16
963.482 1594.14
963.526 1596.19
963.719 1598.26
964.341 1600.29
965.392 1602.16
967.05 1603.65
968.803 1605.08
970.739 1606.24
972.853 1607.08
975.144 1607.46
977.312 1608.25
979.377 1609.32
981.585 1610.02
983.807 1610.72
986.076 1611.18
988.383 1611.27
990.677 1611.02
992.915 1610.46
995.03 1609.54
997.066 1608.42
999.291 1607.87
1001.59 1607.79
1003.89 1607.83
1006.18 1607.74
1008.46 1607.64
1010.68 1607.27
1012.8 1606.43
1014.95 1605.73
1017.1 1605.16
1019.31 1604.93
1021.5 1604.68
1023.56 1603.99
1025.25 1602.7
1026.3 1600.88
1027.03 1598.9
1027.65 1596.91
1028.15 1594.91
1028.53 1592.92
1028.85 1590.96
1029.04 1589.02
1029.25 1587.1
1029.75 1585.28
1030.87 1583.76
1032.27 1582.55
1033.96 1581.85
1035.68 1582.43
1036.97 1583.77
1037.61 1585.56
1037.65 1587.5
1037.35 1589.44
1036.94 1591.39
1036.44 1593.35
1036.09 1595.38
1035.8 1597.45
1035.75 1599.57
1036.11 1601.67
1036.7 1603.76
1037.51 1605.78
1038.73 1607.66
1039.63 1609.74
1041.17 1611.44
1042.87 1612.97
1045.01 1613.9
1047.3 1614.62
1049.58 1615.4
1051.91 1616.04
1054.18 1616.91
1056.5 1617.63
1058.89 1617.75
1061.25 1617.27
1063.54 1616.47
1065.89 1615.93
1068.29 1615.61
1070.71 1615.48
1073.09 1615.23
1075.35 1614.38
1077.66 1613.71
1080.01 1613.14
1081.94 1611.9
1082.8 1609.82
1082.89 1607.54
1082.83 1605.29
1082.8 1603.07
1082.78 1600.89
1082.92 1598.75
1083.67 1596.78
1084.86 1595.01
1085.58 1593.07
1086.23 1591.13
1087.08 1589.28
1087.52 1587.35
1087.75 1585.39
1087.87 1583.42
1087.94 1581.45
1088.08 1579.49
1088.42 1577.57
1088.84 1575.68
1089.66 1573.97
1091.24 1573.11
1092.94 1573.7
1093.96 1575.31
1094.61 1577.15
1095.09 1579.05
1095.29 1581.03
1095.51 1583.02
1096.02 1584.98
1096.59 1586.92
1097.03 1588.93
1097.3 1591.01
1097.66 1593.11
1097.79 1595.27
1097.91 1597.46
1098.11 1599.66
1098.4 1601.89
1099 1604.1
1099.87 1606.26
1100.59 1608.51
1101.66 1610.62
1103.36 1612.36
1105.09 1614.08
1106.76 1615.9
1108.6 1617.63
1110.71 1619.04
1112.9 1620.33

