CONTOUR

2

2107

1132.92 1614.27
1135.01 1614.24
1137.09 1614.05
1139.16 1613.9
1141.23 1613.79
1143.28 1613.59
1145.33 1613.33
1147.38 1613.13
1149.44 1612.91
1151.51 1612.73
1153.58 1612.66
1155.65 1612.66
1157.71 1612.62
1159.77 1612.46
1161.84 1612.21
1163.91 1611.92
1165.98 1611.64
1168.05 1611.39
1170.1 1610.96
1172.08 1610.36
1174.01 1609.64
1175.93 1608.94
1177.94 1609.03
1179.92 1609.57
1181.94 1609.75
1183.97 1609.46
1186 1609.28
1188.03 1609.07
1189.94 1608.45
1191.66 1607.41
1193.32 1606.28
1195.14 1605.57
1197.1 1605.58
1199.05 1605.95
1201.02 1606.31
1203.05 1606.27
1205.09 1606.01
1207.15 1605.93
1209.21 1605.89
1211.27 1605.82
1213.33 1605.65
1215.37 1605.32
1217.4 1604.86
1219.47 1604.72
1221.54 1604.7
1223.6 1604.68
1225.67 1604.62
1227.73 1604.49
1229.76 1604.19
1231.7 1603.49
1233.66 1602.85
1235.67 1602.46
1237.68 1602.12
1239.66 1601.6
1241.66 1601.29
1243.68 1601.21
1245.7 1601.16
1247.7 1600.94
1249.67 1600.43
1251.63 1599.86
1253.6 1599.36
1255.53 1598.69
1257.48 1598.08
1259.5 1597.89
1261.52 1597.84
1263.55 1597.85
1265.6 1597.89
1267.65 1597.92
1269.71 1597.92
1271.78 1597.88
1273.85 1597.87
1275.93 1597.84
1278 1597.7
1280.02 1597.22
1282.01 1596.6
1283.97 1595.91
1285.89 1595.08
1287.89 1594.48
1289.95 1594.17
1292.02 1593.96
1294.1 1593.73
1296.17 1593.39
1298.24 1593.13
1300.19 1592.45
1301.93 1591.24
1303.81 1590.34
1305.87 1589.9
1307.95 1589.66
1310.03 1589.43
1312.11 1589.09
1314.18 1588.87
1316.26 1588.73
1318.34 1588.49
1320.37 1588
1322.32 1587.25
1324.29 1586.57
1326.29 1586.02
1328.3 1585.49
1330.37 1585.27
1332.45 1585.09
1334.47 1584.59
1336.33 1583.62
1338.24 1582.72
1340.22 1582.05
1342.28 1581.69
1344.33 1581.27
1346.39 1580.89
1348.47 1580.59
1350.52 1580.15
1352.51 1579.41
1354.49 1578.66
1356.53 1578.15
1358.57 1577.6
1360.53 1576.85
1362.47 1576
1364.41 1575.14
1366.34 1574.25
1368.35 1573.59
1370.45 1573.24
1372.54 1572.99
1374.6 1572.65
1376.6 1572
1378.55 1571.18
1380.55 1570.5
1382.58 1569.94
1384.61 1569.39
1386.63 1568.82
1388.59 1568.03
1390.51 1567.14
1392.22 1565.82
1394.24 1565.21
1396.35 1564.92
1398.44 1564.62
1400.48 1564.06
1402.44 1563.24
1404.43 1562.51
1406.46 1561.96
1408.48 1561.35
1410.45 1560.61
1412.37 1559.7
1414.32 1558.86
1416.17 1557.77
1418.25 1557.28
1420.32 1556.84
1422.36 1556.26
1424.37 1555.49
1426.41 1554.84
1428.5 1554.34
1430.59 1553.83
1432.65 1553.17
1434.54 1552.13
1436.5 1551.25
1438.45 1550.29
1440.49 1549.56
1442.62 1549.12
1444.67 1548.44
1446.55 1547.33
1448.52 1546.34
1450.64 1545.79
1452.78 1545.29
1454.69 1544.11
1456.79 1543.51
1458.98 1543.14
1460.96 1542.1
1463.03 1541.3
1465.06 1540.42
1467.02 1539.38
1469.06 1538.47
1471.15 1537.71
1473.09 1536.69
1474.73 1535.15
1476.67 1534.11
1478.85 1533.62
1480.93 1532.86
1482.9 1531.87
1484.82 1530.74
1486.76 1529.65
1488.56 1528.31
1490.61 1527.45
1492.66 1526.54
1494.73 1525.68
1496.79 1524.82
1498.78 1523.84
1500.68 1522.66
1502.61 1521.53
1504.45 1520.23
1506.45 1519.18
1508.13 1517.6
1510.12 1516.57
1512.22 1515.7
1514.31 1514.73
1516.28 1513.59
1517.99 1511.99
1520.13 1511.2
1522.27 1510.32
1524.34 1509.31
1526.19 1507.9
1528.23 1506.83
1530.35 1505.89
1532.24 1504.53
1534.23 1503.35
1536.08 1501.94
1538.24 1501.17
1540.27 1500.12
1541.93 1498.49
1543.88 1497.25
1545.74 1495.82
1547.86 1494.92
1549.81 1493.67
1551.84 1492.49
1553.81 1491.21
1555.68 1489.83
1557.43 1488.25
1559.5 1487.09
1561.3 1485.51
1563.26 1484.19
1565.22 1482.85
1567.29 1481.65
1569.01 1479.98
1570.92 1478.66
1572.59 1477
1574.43 1475.54
1576.3 1474.12
1578.33 1472.88
1580.19 1471.38
1581.8 1469.6
1583.76 1468.24
1585.75 1466.88
1587.44 1465.22
1588.76 1463.23
1589.92 1461.11
1591.66 1459.45
1593.54 1457.89
1595.01 1455.95
1596.77 1454.35
1598.63 1452.88
1600.48 1451.42
1602.27 1449.86
1603.62 1447.91
1604.79 1445.87
1606.27 1444.09
1607.89 1442.43
1609.81 1441.06
1611.69 1439.65
1613.53 1438.2
1615.47 1436.87
1617.22 1435.35
1618.52 1433.44
1619.68 1431.43
1620.51 1429.27
1621.14 1427.05
1622 1424.93
1623.65 1423.3
1625.31 1421.69
1626.76 1419.94
1628.16 1418.15
1629.38 1416.23
1631.09 1414.68
1632.05 1412.64
1633.68 1411.06
1635.06 1409.31
1636.19 1407.38
1636.91 1405.26
1637.61 1403.13
1638.82 1401.23
1639.82 1399.25
1640.89 1397.26
1641.66 1395.17
1642.29 1393.02
1642.77 1390.8
1643.36 1388.62
1644.44 1386.63
1645.71 1384.79
1646.81 1382.87
1647.39 1380.75
1647.82 1378.57
1649.04 1376.73
1650.25 1374.9
1651.34 1372.98
1652.4 1371.05
1653.11 1368.99
1653.7 1366.88
1654.2 1364.73
1654.97 1362.69
1655.82 1360.69
1657.27 1358.99
1658.3 1357.07
1659.01 1355.03
1659.43 1352.91
1659.59 1350.76
1659.55 1348.61
1659.55 1346.47
1659.86 1344.37
1660.35 1342.31
1660.67 1340.23
1660.87 1338.14
1661.03 1336.06
1661.11 1333.95
1660.72 1331.88
1660.51 1329.8
1660.88 1327.75
1661.36 1325.72
1661.65 1323.66
1661.81 1321.6
1661.95 1319.53
1662.12 1317.48
1662.17 1315.43
1662.07 1313.39
1661.93 1311.35
1661.82 1309.3
1661.82 1307.25
1661.93 1305.21
1662.05 1303.16
1662.13 1301.11
1662.16 1299.05
1662.15 1296.98
1662.12 1294.91
1662.06 1292.83
1661.9 1290.75
1661.37 1288.74
1660.2 1286.91
1659.86 1284.89
1660.68 1282.94
1661.63 1281.05
1662.01 1279
1662.17 1276.93
1662.18 1274.85
1662.03 1272.8
1661.66 1270.8
1660.94 1268.88
1660.94 1266.9
1661.79 1265.07
1662.87 1263.32
1663.71 1261.44
1664.36 1259.46
1664.63 1257.4
1664.14 1255.34
1663.76 1253.27
1663.72 1251.18
1663.83 1249.1
1664.12 1247.03
1663.89 1244.99
1663.38 1242.99
1663.01 1241
1662.85 1238.99
1663.43 1237.07
1664.45 1235.29
1665.05 1233.38
1665.19 1231.37
1664.99 1229.32
1665.05 1227.25
1664.91 1225.2
1664.26 1223.22
1663.89 1221.2
1663.77 1219.16
1663.73 1217.12
1663.91 1215.08
1664.74 1213.19
1665.76 1211.38
1666.37 1209.41
1666.6 1207.35
1666.68 1205.28
1666.67 1203.2
1666.51 1201.14
1666.04 1199.14
1665.17 1197.27
1664.25 1195.4
1664 1193.36
1664.02 1191.3
1663.95 1189.24
1663.92 1187.2
1664.15 1185.16
1664.51 1183.12
1665.25 1181.18
1665.89 1179.21
1666.28 1177.17
1666.47 1175.1
1666.61 1173.03
1666.76 1170.97
1666.99 1168.9
1667.37 1166.86
1667.61 1164.8
1667.68 1162.72
1667.69 1160.64
1667.69 1158.55
1667.7 1156.46
1667.73 1154.37
1667.76 1152.28
1667.73 1150.2
1667.49 1148.13
1667.11 1146.1
1666.67 1144.08
1666.12 1142.1
1665.83 1140.09
1665.57 1138.09
1665.26 1136.1
1665.13 1134.09
1665.34 1132.05
1665.44 1129.99
1665.39 1127.91
1665.24 1125.84
1664.92 1123.77
1664.22 1121.79
1663.36 1119.83
1662.62 1117.83
1662.16 1115.73
1661.9 1113.6
1661.77 1111.45
1661.7 1109.28
1661.66 1107.09
1661.33 1104.93
1660.43 1102.92
1659.48 1100.91
1658.46 1098.93
1657.34 1097.02
1655.8 1095.35
1654.43 1093.57
1653.39 1091.59
1652.88 1089.41
1652.49 1087.2
1651.88 1085.02
1650.85 1083.01
1649.62 1081.12
1648.05 1079.41
1647.23 1077.26
1645.84 1075.46
1644.57 1073.61
1643.14 1071.82
1641.94 1069.92
1640.98 1067.92
1639.57 1066.16
1638.31 1064.29
1637.03 1062.47
1635.72 1060.67
1634.19 1059.08
1632.35 1057.81
1630.76 1056.3
1628.92 1055.07
1627.64 1053.24
1626.32 1051.48
1625.06 1049.7
1623.61 1048.03
1622.08 1046.5
1621.03 1044.64
1620.05 1042.77
1618.72 1041.14
1617.38 1039.5
1615.83 1038.05
1614.64 1036.37
1613.21 1034.88
1611.86 1033.37
1610.53 1031.83
1608.79 1030.78
1607.45 1029.26
1605.81 1028.09
1604.65 1026.53
1604.21 1024.64
1604.37 1022.67
1604.76 1020.74
1605.28 1018.85
1606.03 1017.02
1607.32 1015.41
1608.02 1013.45
1609.53 1012.01
1610.86 1010.43
1612.25 1008.9
1613.47 1007.2
1614.46 1005.3
1615.57 1003.49
1616.72 1001.67
1617.72 999.755
1618.79 997.889
1619.9 996.044
1620.7 994.044
1621.35 991.996
1621.85 989.916
1622.14 987.796
1622.28 985.646
1622.35 983.483
1622.59 981.339
1623.13 979.255
1623.47 977.155
1623.62 975.037
1623.89 972.936
1624.43 970.908
1624.98 968.899
1625.17 966.858
1625.19 964.824
1625.09 962.796
1625.21 960.789
1625.82 958.876
1626.65 957.047
1627.58 955.239
1628.46 953.4
1629.21 951.49
1629.84 949.503
1630.77 947.636
1631.56 945.697
1632.25 943.708
1633.46 941.932
1634.18 939.963
1634.59 937.887
1634.92 935.788
1635.33 933.699
1635.75 931.611
1636.12 929.517
1636.4 927.412
1636.65 925.315
1636.94 923.234
1637.29 921.173
1637.85 919.156
1638.63 917.198
1639.42 915.259
1639.82 913.223
1639.83 911.14
1639.94 909.079
1640.47 907.089
1641 905.106
1641.31 903.092
1641.52 901.059
1641.68 899.023
1641.92 897.006
1642.54 895.058
1643.01 893.063
1643.37 891.051
1643.61 889.019
1643.78 886.984
1644.08 884.956
1644.49 882.958
1644.97 880.981
1645.6 879.034
1646.26 877.087
1647.13 875.204
1647.87 873.262
1648.52 871.28
1649.59 869.451
1650.27 867.479
1650.79 865.451
1651.5 863.47
1652.18 861.477
1652.61 859.426
1652.98 857.369
1653.49 855.34
1653.8 853.283
1653.97 851.206
1654.1 849.114
1654.29 847.02
1654.58 844.94
1655.03 842.888
1655.35 840.825
1655.6 838.753
1655.95 836.696
1656.38 834.666
1656.63 832.619
1656.74 830.572
1656.98 828.545
1657.15 826.529
1657.22 824.52
1657.24 822.518
1657.3 820.522
1657.36 818.538
1657.52 816.57
1658.01 814.646
1658.45 812.7
1658.84 810.731
1659.23 808.747
1659.6 806.749
1659.95 804.744
1660.25 802.725
1660.45 800.688
1660.63 798.654
1660.77 796.613
1660.9 794.572
1661.03 792.531
1661.12 790.493
1661.12 788.453
1661.11 786.417
1661.1 784.386
1661.13 782.353
1661.14 780.325
1661.16 778.301
1661.25 776.285
1661.39 774.281
1661.44 772.278
1661.49 770.271
1661.61 768.263
1661.91 766.28
1662.25 764.295
1662.63 762.308
1663 760.304
1663.24 758.281
1663.24 756.24
1663.1 754.202
1663.08 752.161
1663.39 750.147
1664.1 748.225
1664.94 746.337
1665.03 744.343
1664 742.375
1664.47 740.395
1665.61 738.551
1665.96 736.502
1665.67 734.425
1664.95 732.433
1664.19 730.434
1664.3 728.328
1664.72 726.236
1664.65 724.133
1664.44 722.042
1664.46 719.958
1664.86 717.919
1665.38 715.911
1665.65 713.861
1665.86 711.798
1666.1 709.725
1666.08 707.638
1665.79 705.561
1665.2 703.539
1664.22 701.64
1663.75 699.606
1663.87 697.554
1664.87 695.662
1665.19 693.664
1665.17 691.635
1664.94 689.624
1664.46 687.661
1663.91 685.718
1663.29 683.799
1662.86 681.837
1662.85 679.828
1663.13 677.82
1663.15 675.795
1662.92 673.769
1662.61 671.743
1662.35 669.72
1662.24 667.684
1662.21 665.643
1662.21 663.6
1662.12 661.561
1661.95 659.529
1661.82 657.497
1661.59 655.476
1661.33 653.442
1661.18 651.392
1661.04 649.338
1660.9 647.281
1660.76 645.223
1660.62 643.167
1660.51 641.106
1660.53 639.04
1660.51 636.983
1660.35 634.926
1659.99 632.896
1659.29 630.942
1658.65 628.981
1658.22 626.959
1657.82 624.936
1657.38 622.925
1657.06 620.889
1656.5 618.909
1655.76 616.961
1655.14 614.968
1654.84 612.897
1654.41 610.855
1653.89 608.846
1653.32 606.86
1652.87 604.818
1652.48 602.778
1652.09 600.722
1651.67 598.672
1651.04 596.671
1650.47 594.657
1650.04 592.609
1649.61 590.564
1649.22 588.514
1648.65 586.494
1647.83 584.554
1646.96 582.642
1646.36 580.613
1646.01 578.53
1645.86 576.42
1645.75 574.302
1645.68 572.171
1645.54 570.035
1645.12 567.943
1644.29 565.976
1643.34 564.062
1642.55 562.09
1641.84 560.1
1640.97 558.216
1639.72 556.532
1638.61 554.765
1638.09 552.746
1637.99 550.645
1637.93 548.518
1637.82 546.377
1637.53 544.233
1636.82 542.175
1636.08 540.121
1635.23 538.077
1634.47 535.99
1633.67 533.928
1632.72 531.935
1631.78 529.904
1631.21 527.702
1629.76 525.914
1629.01 523.829
1628.55 521.647
1628 519.485
1627.08 517.444
1626.16 515.411
1625.12 513.444
1623.77 511.617
1622.96 509.524
1621.49 507.795
1620.44 505.831
1619.32 503.894
1618.35 501.894
1617.82 499.745
1617.33 497.595
1616.17 495.692
1615.13 493.747
1613.52 492.21
1612.28 490.415
1610.98 488.646
1609.66 486.888
1608.29 485.131
1607.2 483.204
1606.28 481.207
1605.44 479.174
1604.72 477.075
1603.91 474.998
1602.82 473.046
1601.71 471.095
1600.96 468.956
1599.96 466.909
1598.75 464.931
1597.65 462.886
1597 460.655
1596.34 458.417
1595.38 456.276
1594.38 454.151
1593.15 452.171
1591.31 450.678
1589.29 449.365
1587.9 447.427
1586.69 445.343
1585.3 443.416
1583.51 441.788
1581.9 439.999
1580.89 437.828
1579.76 435.754
1578.47 433.762
1577.28 431.703
1575.64 429.944
1574.2 428.059
1572.77 426.184
1571.01 424.575
1569.29 422.941
1567.78 421.053
1566.47 419.039
1565.15 417.04
1564.28 414.788
1563.23 412.603
1561.78 410.666
1559.85 409.145
1558.12 407.421
1556.5 405.613
1554.65 404.09
1552.96 402.41
1551.37 400.588
1549.83 398.705
1548.57 396.642
1546.99 394.827
1545.18 393.24
1543.38 391.581
1541.43 390.07
1539.73 388.317
1537.96 386.626
1535.86 385.307
1534.11 383.582
1532.56 381.677
1530.77 380.054
1528.81 378.653
1526.71 377.452
1524.92 375.801
1522.87 374.564
1521.09 372.968
1519.13 371.593
1517.03 370.397
1514.99 369.137
1513.14 367.578
1511.16 366.186
1509.38 364.542
1507.73 362.789
1505.83 361.338
1503.92 359.848
1501.83 358.718
1500.17 356.997
1498.29 355.553
1496.28 354.302
1494.22 353.134
1492.16 351.975
1489.92 351.187
1488.08 349.707
1486.45 348.038
1484.78 346.405
1483.03 344.843
1481.35 343.172
1479.64 341.491
1477.59 340.258
1475.64 338.879
1473.71 337.477
1471.86 335.898
1469.9 334.53
1468.24 332.814
1466.32 331.403
1464.24 330.21
1462.21 328.955
1460.31 327.521
1458.5 325.938
1456.48 324.672
1454.5 323.359
1452.49 322.108
1450.56 320.756
1448.84 319.115
1447.07 317.52
1444.97 316.351
1442.95 315.056
1440.97 313.732
1439.09 312.219
1436.85 311.247
1435.05 309.615
1433.1 308.27
1431.03 307.067
1428.84 306.11
1426.75 305.015
1424.94 303.436
1423.2 301.78
1421.18 300.488
1419.25 299.101
1417.18 298.005
1415.07 296.991
1413.13 295.63
1411.13 294.425
1408.99 293.572
1406.87 292.619
1404.82 291.536
1402.8 290.417
1400.86 289.224
1399.11 287.685
1396.98 286.73
1395.27 285.158
1393.41 283.849
1391.38 282.801
1389.21 282.107
1387.17 281.177
1385.43 279.654
1383.31 278.811
1381.44 277.481
1379.51 276.31
1377.66 275.016
1375.71 273.901
1373.7 272.891
1371.79 271.75
1369.78 270.803
1367.84 269.713
1365.92 268.601
1364.07 267.397
1362.08 266.459
1360 265.771
1357.92 265.159
1355.82 264.577
1353.69 264.013
1351.66 263.178
1349.84 261.933
1347.89 260.98
1345.86 260.171
1343.86 259.27
1341.86 258.433
1339.75 257.919
1337.62 257.455
1335.7 256.374
1333.72 255.456
1331.71 254.594
1329.81 253.514
1327.82 252.643
1325.89 251.613
1323.97 250.612
1321.89 249.978
1319.79 249.392
1317.79 248.545
1315.97 247.321
1314.08 246.216
1312.04 245.499
1310 244.745
1307.96 243.993
1306.02 242.994
1304.03 242.121
1302.03 241.323
1300.01 240.584
1297.99 239.799
1295.95 239.02
1294.17 237.725
1292.17 236.94
1290.1 236.281
1288.1 235.448
1286.11 234.6
1284.02 234.077
1281.94 233.503
1280.03 232.487
1278.15 231.505
1276.29 230.445
1274.52 229.213
1272.52 228.469
1270.47 227.885
1268.44 227.204
1266.4 226.606
1264.35 226.053
1262.35 225.42
1260.29 225.006
1258.26 224.414
1256.26 223.708
1254.27 223.008
1252.72 221.453
1250.85 220.429
1248.9 219.545
1246.89 218.78
1244.79 218.322
1242.66 217.997
1240.54 217.655
1238.48 217.093
1236.47 216.34
1234.59 215.294
1232.74 214.222
1230.76 213.435
1228.69 212.904
1226.62 212.402
1224.61 211.691
1222.66 210.84
1220.62 210.313
1218.53 209.973
1216.47 209.598
1214.42 209.147
1212.34 208.904
1210.26 208.622
1208.27 207.986
1206.38 207.094
1204.42 206.382
1202.39 205.898
1200.37 205.426
1198.42 204.677
1196.41 204.081
1194.38 203.526
1192.31 203.164
1190.22 202.945
1188.14 202.676
1186.07 202.404
1184 202.174
1181.94 201.998
1179.88 201.857
1177.8 201.676
1175.74 201.337
1173.76 200.77
1171.75 200.313
1169.7 200.13
1167.63 199.922
1165.59 199.676
1163.53 199.504
1161.51 199.092
1159.57 198.42
1157.6 197.941
1155.57 197.805
1153.54 197.719
1151.51 197.523
1149.49 197.338
1147.47 197.286
1145.45 197.315
1143.45 197.495
1141.46 197.961
1139.45 198.283
1137.39 198.326
1135.35 198.549
1133.32 198.74
1131.32 198.317
1129.37 197.687
1127.37 197.258
1125.37 196.787
1123.4 196.2
1121.41 195.693
1119.37 195.45
1117.31 195.31
1115.26 195.023
1113.22 194.71
1111.18 194.496
1109.12 194.363
1107.06 194.225
1105 194.13
1102.94 194.115
1100.88 194.193
1098.82 194.302
1096.75 194.436
1094.68 194.606
1092.61 194.804
1090.55 195.123
1088.49 195.51
1086.45 195.969
1084.38 196.322
1082.33 196.766
1080.32 197.317
1078.33 197.984
1076.31 198.524
1074.22 198.435
1072.14 198.064
1070.04 197.912
1067.95 197.676
1065.86 197.424
1063.76 197.399
1061.68 197.674
1059.63 198.057
1057.68 198.785
1055.76 199.678
1053.87 200.581
1051.83 200.994
1049.74 201.166
1047.67 201.458
1045.63 201.953
1043.56 202.337
1041.48 202.746
1039.43 203.299
1037.43 204.05
1035.5 204.972
1033.72 206.155
1032.03 207.53
1030.44 209.036
1028.75 210.414
1026.82 211.406
1024.72 211.167
1022.83 209.934
1020.79 209.252
1018.64 209.224
1016.54 209.6
1014.51 210.284
1012.45 210.788
1010.4 211.318
1008.34 211.762
1006.27 212.177
1004.23 212.573
1002.19 212.999
1000.19 213.56
998.296 214.402
996.361 215.181
994.41 215.909
992.412 216.517
990.357 216.86
988.282 217.14
986.277 217.657
984.465 218.678
982.712 219.758
980.942 220.798
979.075 221.58
977.065 221.713
975.025 221.593
973.031 221.85
971.076 222.432
969.181 223.249
967.317 224.147
965.359 224.815
963.308 225.082
961.255 225.277
959.237 225.701
957.233 226.249
955.188 226.694
953.189 227.324
951.227 228.082
949.223 228.707
947.227 229.366
945.294 230.205
943.331 230.986
941.371 231.769
939.359 232.387
937.358 232.956
935.349 233.451
933.331 233.948
931.293 234.337
929.287 234.84
927.378 235.665
925.512 236.583
923.736 237.669
922.099 239.048
920.036 239.513
918.126 240.347
916.138 240.975
914.073 241.316
912.062 241.84
910.141 242.698
908.15 243.39
906.119 244.003
904.114 244.697
902.173 245.533
900.163 246.139
898.145 246.769
896.179 247.547
894.332 248.616
892.266 249.056
890.146 249.206
888.041 249.478
885.976 250.067
883.882 250.542
881.826 251.197
879.849 252.107
877.89 253.041
875.874 253.83
874.003 255.003
871.895 255.65
870.094 256.934
868.014 257.483
865.864 257.794
863.822 258.481
861.935 259.578
859.997 260.58
857.99 261.452
855.992 262.373
853.915 263.035
851.847 263.709
849.915 264.786
847.83 265.536
845.86 266.477
844.059 267.696
842.297 268.976
840.68 270.44
838.881 271.67
837.118 272.967
835.123 273.784
832.932 273.854
830.737 273.966
828.635 274.567
826.728 275.702
824.894 276.961
823.083 278.278
821.144 279.458
819.103 280.403
817.041 281.302
815.012 282.294
813.013 283.369
811.058 284.516
809.15 285.726
807.419 287.242
805.517 288.478
803.637 289.733
801.632 290.73
799.571 291.653
797.464 292.479
795.531 293.608
793.822 295.161
791.604 295.825
789.847 297.319
787.963 298.569
786.07 299.825
784.227 301.162
782.511 302.696
780.403 303.652
778.655 305.158
776.83 306.506
774.853 307.683
772.76 308.707
770.794 309.934
769.055 311.535
767.204 313.024
765.099 314.093
763.101 315.299
761.37 316.855
759.77 318.57
758.337 320.361
756.795 322.066
755.049 323.537
753.183 324.861
751.185 326.035
749.232 327.332
747.424 328.809
745.596 330.231
743.59 331.436
741.692 332.787
739.966 334.354
738.011 335.657
736.146 337.131
734.476 338.754
732.65 340.218
730.845 341.704
729.3 343.511
727.56 345.138
725.497 346.329
723.642 347.777
721.988 349.457
720.568 351.388
719.036 353.199
716.907 354.349
714.946 355.722
713.162 357.318
711.399 358.99
709.313 360.204
707.54 361.838
705.698 363.371
703.817 364.893
702.463 366.898
700.732 368.512
699.115 370.241
697.485 371.954
695.615 373.443
694.005 375.215
692.394 376.922
690.665 378.486
689.062 380.182
687.39 381.841
685.679 383.511
683.921 385.122
681.866 386.28
679.729 387.323
677.65 388.483
675.673 389.783
673.964 391.481
672.163 393.09
670.274 394.533
668.453 396.044
666.673 397.606
665.113 399.431
663.383 401.083
661.328 402.311
659.496 403.799
657.882 405.518
656.402 407.397
654.906 409.245
652.951 410.607
651.134 412.135
649.299 413.635
647.421 415.133
645.162 415.973
643.482 417.702
641.683 419.247
639.785 420.688
637.83 422.028
635.958 423.468
633.969 424.741
631.797 425.701
629.762 426.878
627.998 428.419
626.293 430.023
624.601 431.659
622.995 433.411
620.986 434.687
619.128 436.157
617.352 437.707
615.659 439.397
613.949 441.028
611.908 442.082
609.715 442.813
607.608 443.753
605.673 444.963
604.014 446.523
602.213 447.884
600.62 449.506
598.794 450.774
596.843 451.911
595.066 453.25
593.572 454.946
591.523 455.82
589.834 457.241
588.02 458.38
586.165 459.455
584.275 460.476
582.415 461.497
580.44 462.225
578.452 462.963
576.494 463.788
574.809 465.154
572.793 465.716
570.685 465.908
568.598 466.15
566.505 466.397
564.404 466.668
562.291 466.949
560.156 467.147
557.999 467.133
555.829 467.128
553.649 467.248
551.48 467.582
549.359 468.165
547.291 468.9
545.418 470.025
543.778 471.521
542.197 473.072
540.399 474.239
538.304 474.294
536.256 473.487
534.109 473.172
531.905 473.142
529.679 473.275
527.479 473.713
525.423 474.625
523.483 475.791
521.623 477.05
519.987 478.593
518.339 480.087
516.511 481.321
514.389 481.862
512.147 481.803
509.932 482.059
507.718 482.408
505.527 482.975
503.368 483.767
501.153 484.424
498.905 485.019
496.761 485.915
494.846 487.334
492.766 488.477
490.656 489.568
488.535 490.643
486.623 492.085
484.692 493.503
483.123 495.326
481.646 497.214
479.623 498.476
477.63 499.767
475.882 501.308
474.545 503.258
473.217 505.194
471.386 506.647
469.534 508.086
468.056 509.852
466.779 511.804
465.718 513.902
464.199 515.717
463.296 517.862
461.894 519.736
460.725 521.739
459.474 523.682
458.125 525.546
456.737 527.402
455.308 529.226
453.617 530.82
452.203 532.618
450.729 534.365
449.482 536.267
448.868 538.476
448.227 540.667
447.344 542.771
446.186 544.727
445.145 546.719
444.279 548.789
443.176 550.733
442.096 552.659
441.507 554.775
440.842 556.872
439.704 558.796
438.999 560.903
437.823 562.804
436.871 564.798
435.974 566.813
435.02 568.795
434.434 570.89
434.101 573.045
433.748 575.182
433.416 577.307
433.06 579.419
432.268 581.409
431.183 583.289
429.876 585.04
428.901 586.964
428.28 589.052
427.72 591.173
427.211 593.317
426.975 595.508
426.899 597.718
426.868 599.93
427.054 602.131
427.414 604.318
427.773 606.504
428.096 608.69
428.481 610.862
428.914 613.014
429.531 615.11
430.42 617.128
430.819 619.288
430.705 621.521
430.744 623.753
431.272 625.918
432.223 627.972
433.062 630.053
433.831 632.149
434.721 634.218
436.038 636.041
437.53 637.699
439.119 639.319
440.185 641.286
441.756 642.861
443.207 644.507
444.807 646
446.408 647.515
447.631 649.329
449.213 650.789
450.721 652.276
452.29 653.683
453.71 655.259
455.48 656.414
456.931 657.931
458.228 659.544
459.506 661.158
460.679 662.852
461.64 664.66
462.617 666.445
463.911 668.044
464.851 669.847
465.468 671.773
465.863 673.769
466.107 675.782
466.284 677.796
466.526 679.806
466.842 681.818
467.258 683.809
467.636 685.806
467.789 687.823
467.62 689.848
467.277 691.856
467.061 693.873
467.137 695.898
467.287 697.925
467.324 699.954
467.258 701.983
467.069 704.005
466.981 706.034
466.952 708.065
466.907 710.093
466.904 712.119
467.149 714.129
467.523 716.124
467.852 718.122
468.038 720.134
468.175 722.149
468.344 724.157
468.422 726.167
468.403 728.181
468.358 730.2
468.34 732.225
468.335 734.258
468.345 736.299
468.37 738.347
468.381 740.403
468.363 742.466
468.276 744.539
468.243 746.622
468.26 748.707
468.326 750.789
468.547 752.845
468.87 754.869
469.512 756.792
470.56 758.564
470.878 760.512
470.725 762.473
470.197 764.383
469.799 766.326
469.698 768.321
469.744 770.332
469.854 772.352
469.914 774.379
469.864 776.404
469.945 778.412
470.394 780.357
471.116 782.212
471.86 784.043
472.222 785.966
471.798 787.903
471.473 789.865
471.404 791.876
471.532 793.903
471.782 795.932
472.21 797.942
472.688 799.951
472.895 802
472.93 804.061
472.957 806.112
472.992 808.156
472.99 810.189
472.958 812.206
472.976 814.205
473.035 816.187
472.997 818.152
472.99 820.112
472.694 822.029
471.615 823.684
470.803 825.462
470.189 827.34
469.801 829.287
469.398 831.241
468.781 833.156
468.058 835.044
467.054 836.841
466.12 838.675
465.431 840.627
465.021 842.669
464.212 844.597
462.932 846.304
461.621 847.984
460.842 849.991
460.099 852.021
459.057 853.915
457.912 855.764
457.3 857.816
456.895 859.935
456.267 861.999
455.382 863.974
454.811 866.096
454.234 868.2
453.605 870.273
452.882 872.325
452.122 874.364
451.176 876.342
450.492 878.399
450.133 880.539
449.949 882.704
449.755 884.878
449.292 886.997
448.247 888.894
447.207 890.797
446.261 892.728
445.511 894.733
444.555 896.638
443.488 898.476
442.543 900.371
441.858 902.348
441.301 904.355
441.039 906.424
440.889 908.508
440.774 910.602
440.246 912.615
439.473 914.557
438.639 916.489
437.921 918.476
437.488 920.534
437.376 922.653
437.316 924.785
437.148 926.921
436.794 929.042
436.564 931.184
436.395 933.339
436.333 935.501
436.377 937.666
436.447 939.831
436.514 941.998
436.541 944.168
436.499 946.335
436.439 948.507
436.439 950.687
436.554 952.871
436.706 955.059
436.938 957.249
437.236 959.442
437.564 961.647
438.119 963.815
439.008 965.902
439.936 967.972
441.376 969.759
442.731 971.584
442.769 973.731
441.562 975.721
441.113 977.872
441.133 980.09
441.483 982.267
442.372 984.305
443.336 986.325
444.239 988.375
445.068 990.433
446.139 992.371
447.393 994.224
448.427 996.176
449.297 998.189
450.463 1000.03
451.852 1001.75
453.353 1003.34
455.051 1004.78
455.981 1006.78
457.341 1008.51
458.339 1010.43
459.383 1012.33
460.498 1014.2
461.438 1016.15
461.99 1018.26
462.647 1020.36
463.252 1022.49
463.853 1024.61
464.548 1026.72
465.141 1028.85
465.501 1031.04
466.112 1033.17
466.848 1035.27
467.977 1037.21
469.006 1039.2
469.678 1041.34
470.173 1043.54
470.881 1045.68
471.912 1047.69
473.376 1049.51
474.031 1051.7
474.573 1053.92
475.624 1055.96
476.716 1058.01
477.639 1060.13
479.012 1062.02
479.817 1064.2
481.196 1066.13
482.265 1068.19
483.428 1070.2
484.634 1072.19
485.821 1074.22
487.535 1075.86
489.35 1077.39
490.687 1079.33
491.993 1081.28
493.494 1083.02
495.341 1084.44
497.211 1085.8
498.635 1087.61
499.978 1089.5
501.577 1091.1
503.45 1092.43
505.335 1093.71
506.746 1095.47
508.044 1097.33
509.469 1099.02
511.274 1100.32
513.086 1101.56
514.497 1103.24
516.141 1104.61
517.646 1106.08
519.219 1107.5
520.62 1109.05
521.675 1110.83
522.371 1112.74
522.895 1114.7
523.086 1116.71
522.803 1118.7
522.49 1120.68
522.267 1122.67
522.027 1124.64
521.685 1126.6
521.268 1128.54
521.058 1130.53
520.843 1132.53
520.599 1134.54
520.195 1136.53
519.647 1138.5
519.089 1140.46
518.635 1142.45
518.258 1144.45
517.952 1146.46
517.792 1148.49
517.701 1150.52
517.683 1152.56
517.676 1154.6
517.664 1156.64
517.606 1158.67
517.442 1160.72
517.406 1162.77
517.389 1164.82
517.365 1166.88
517.356 1168.95
517.373 1171.03
517.442 1173.11
517.684 1175.17
518.277 1177.21
518.594 1179.3
518.555 1181.42
517.979 1183.47
517.586 1185.52
517.435 1187.6
517.325 1189.69
517.092 1191.77
516.976 1193.84
517.137 1195.9
517.569 1197.93
518.218 1199.9
519.252 1201.66
520.455 1203.31
521.227 1205.14
521.197 1207.11
520.597 1209.03
520.041 1210.96
520.059 1212.96
520.407 1214.96
520.835 1216.95
521.1 1218.96
521.126 1220.98
521.073 1223.01
521.104 1225.02
521.084 1227.04
521.071 1229.07
521.034 1231.1
520.979 1233.15
521.044 1235.18
521.211 1237.2
521.504 1239.2
522.003 1241.17
522.238 1243.18
522.346 1245.2
522.326 1247.22
522.21 1249.25
522.019 1251.26
521.666 1253.26
521.073 1255.22
519.812 1256.87
518.907 1258.71
518.13 1260.59
517.336 1262.45
516.083 1264.08
515.018 1265.86
514.328 1267.8
513.843 1269.82
513.364 1271.84
512.875 1273.86
511.926 1275.73
510.808 1277.49
509.75 1279.32
508.907 1281.27
508.032 1283.2
506.996 1285.08
506.134 1287.05
505.404 1289.06
504.865 1291.13
504.076 1293.15
503.132 1295.13
501.879 1296.95
501.244 1299.02
500.829 1301.18
500.004 1303.22
498.864 1305.12
498.292 1307.21
497.962 1309.37
497.565 1311.51
497.27 1313.65
497.125 1315.81
497.015 1317.97
496.874 1320.14
496.815 1322.32
496.68 1324.48
496.296 1326.61
495.828 1328.72
495.686 1330.87
495.86 1333.02
496.117 1335.18
496.4 1337.31
496.722 1339.44
496.844 1341.58
496.797 1343.72
496.816 1345.86
497.019 1347.99
497.353 1350.09
497.966 1352.15
498.521 1354.23
499.025 1356.34
499.702 1358.4
500.278 1360.48
500.537 1362.62
500.8 1364.75
501.199 1366.86
501.61 1368.97
501.696 1371.13
501.699 1373.3
501.766 1375.49
502.205 1377.63
503.228 1379.6
504.317 1381.55
505.384 1383.54
506.254 1385.63
507.224 1387.69
508.417 1389.63
509.643 1391.56
511.275 1393.19
513.148 1394.49
515.009 1395.79
517.021 1396.81
519.172 1397.56
521.18 1398.59
523.012 1399.93
524.984 1401.05
527.082 1401.98
528.253 1403.95
529.466 1405.92
529.969 1408.14
530.135 1410.44
530.354 1412.75
530.812 1415.03
531.761 1417.15
533.109 1419.02
534.793 1420.6
536.769 1421.73
538.963 1422.31
541.246 1422.43
543.506 1422.28
545.687 1422.04
547.835 1421.83
549.914 1421.41
551.825 1420.51
553.79 1419.85
555.803 1420.05
557.567 1421.07
559.036 1422.55
559.756 1424.57
561.084 1426.26
562.341 1427.99
563.701 1429.65
564.922 1431.46
566.095 1433.32
567.611 1434.91
569.327 1436.33
570.865 1437.89
572.147 1439.71
573.335 1441.62
575.019 1443.1
576.526 1444.71
578.06 1446.28
579.372 1448.03
580.475 1449.95
581.766 1451.72
583.374 1453.25
584.838 1454.91
586.64 1456.11
588.182 1457.66
589.694 1459.24
591.004 1460.99
591.258 1463.17
591.39 1465.38
591.479 1467.63
591.427 1469.9
591.935 1472.15
592.549 1474.41
592.923 1476.74
593.451 1479.05
594.515 1481.17
596.114 1482.92
598.049 1484.32
600.304 1485.15
602.669 1485.64
605.033 1486.08
607.232 1486.95
609.195 1488.24
610.863 1489.92
612.704 1491.37
614.75 1492.42
616.977 1492.75
619.222 1492.55
621.408 1492.1
623.543 1491.57
625.686 1491.43
627.757 1491.89
629.72 1492.65
631.53 1493.74
633.065 1495.26
634.874 1496.34
636.434 1497.8
638.193 1498.97
640.104 1499.93
642.123 1500.7
644.022 1501.68
645.639 1503.19
647.699 1503.91
649.522 1505.13
651.423 1506.16
653.053 1507.59
654.611 1509.12
656.145 1510.65
658.037 1511.81
659.588 1513.42
661.477 1514.49
663.503 1515.36
665.496 1516.3
667.517 1517.11
669.479 1518.07
671.33 1519.33
673.449 1519.98
675.16 1521.46
677.11 1522.48
679.144 1523.34
681.15 1524.25
683.143 1525.11
685.034 1526.19
686.902 1527.35
689.027 1527.9
690.749 1529.28
692.64 1530.3
694.594 1531.19
696.517 1532.12
698.475 1532.95
700.38 1533.89
702.048 1535.31
704.039 1536.11
705.917 1537.21
708.004 1537.77
710.001 1538.54
711.786 1539.8
713.555 1541.16
715.637 1541.83
717.771 1542.32
719.772 1543.17
721.836 1543.87
723.637 1545.13
725.637 1545.91
727.587 1546.82
729.505 1547.82
731.524 1548.55
733.596 1549.11
735.648 1549.75
737.581 1550.69
739.532 1551.57
741.583 1552.18
743.582 1552.92
745.532 1553.8
747.493 1554.65
749.366 1555.72
751.227 1556.81
753.189 1557.65
755.272 1558.14
757.343 1558.75
759.31 1559.64
761.229 1560.6
763.297 1561.12
765.413 1561.4
767.483 1561.87
769.471 1562.66
771.403 1563.57
773.331 1564.5
775.302 1565.3
777.346 1565.83
779.451 1565.99
781.573 1566
783.685 1566.04
785.772 1566.38
787.732 1567.17
789.615 1568.13
791.441 1569.23
793.368 1570.13
795.321 1570.98
797.211 1572
799.141 1572.93
801.124 1573.68
803.2 1574.1
805.318 1574.42
807.428 1574.77
809.546 1575.03
811.669 1575.19
813.763 1575.52
815.805 1576.07
817.833 1576.58
819.89 1576.87
821.919 1577.19
823.93 1577.59
825.973 1577.93
827.952 1578.51
829.799 1579.45
831.613 1580.48
833.578 1581.14
835.63 1581.42
837.712 1581.67
839.718 1582.36
841.61 1583.39
843.513 1584.39
845.536 1585.06
847.64 1585.1
849.694 1584.25
851.805 1584
853.826 1584.69
855.715 1585.71
857.68 1586.55
859.61 1587.47
861.545 1588.37
863.559 1589.02
865.62 1589.41
867.729 1589.62
869.784 1590.14
871.567 1591.38
873.524 1592.22
875.516 1592.95
877.584 1593.3
879.65 1593.59
881.751 1593.73
883.848 1593.78
885.927 1593.94
887.991 1594.19
890.041 1594.59
892.052 1595.19
894.043 1595.9
896.11 1596.23
898.217 1596.17
900.327 1596.14
902.432 1596.34
904.538 1596.58
906.647 1596.79
908.747 1597.05
910.84 1597.45
912.92 1597.93
915.036 1598.17
917.164 1598.02
919.177 1597.34
920.843 1595.82
922.824 1595.26
924.6 1596.36
925.963 1598.04
927.506 1599.48
929.484 1600.2
931.486 1600.86
933.539 1601.29
935.583 1601.77
937.624 1602.28
939.712 1602.51
941.821 1602.55
943.932 1602.48
946.028 1602.48
948.11 1602.58
950.148 1602.9
952.068 1603.67
954.042 1604.3
956.06 1604.69
958.099 1604.92
960.139 1605.06
962.177 1604.98
964.215 1604.82
966.256 1604.82
968.273 1605.15
970.29 1605.4
972.318 1605.55
974.357 1605.74
976.38 1606.12
978.433 1606.29
980.496 1606.35
982.553 1606.42
984.6 1606.38
986.639 1606.34
988.675 1606.33
990.697 1606.5
992.681 1606.96
994.676 1607.33
996.696 1607.49
998.72 1607.54
1000.75 1607.65
1002.73 1608.04
1004.64 1608.7
1006.61 1609.1
1008.61 1609.21
1010.6 1609.33
1012.6 1609.36
1014.59 1609.32
1016.61 1609.28
1018.64 1609.29
1020.67 1609.43
1022.69 1609.71
1024.67 1610.18
1026.69 1610.46
1028.73 1610.66
1030.79 1610.8
1032.86 1610.77
1034.91 1610.82
1036.97 1610.97
1039 1611.21
1040.99 1611.73
1042.97 1612.23
1044.99 1612.18
1046.97 1611.73
1048.94 1611.22
1050.91 1610.81
1052.9 1610.86
1054.9 1611.13
1056.91 1611.19
1058.91 1611.04
1060.91 1610.85
1062.9 1610.74
1064.89 1610.74
1066.83 1611.12
1068.74 1611.72
1070.71 1612.13
1072.69 1612.27
1074.69 1612.08
1076.71 1611.89
1078.72 1611.9
1080.74 1612
1082.75 1612.23
1084.74 1612.47
1086.75 1612.67
1088.77 1612.81
1090.8 1612.77
1092.83 1612.71
1094.87 1612.81
1096.88 1613.13
1098.9 1613.24
1100.92 1613.25
1102.94 1613.16
1104.95 1612.94
1106.97 1612.86
1108.98 1612.79
1110.98 1612.7
1112.97 1612.59
1114.97 1612.44
1116.96 1612.21
1118.96 1611.92
1120.97 1611.76
1122.96 1612.09
1124.93 1612.55
1126.9 1613.09
1128.84 1613.68
1130.86 1614.04

443

1132.15 1383.66
1129.86 1383.68
1127.54 1383.73
1125.2 1383.59
1122.85 1383.17
1120.5 1382.65
1118.2 1381.86
1116.01 1380.87
1114.3 1379.22
1113.04 1377.15
1111.63 1375.11
1110.88 1372.69
1109.5 1370.54
1108.79 1368.15
1108.4 1365.67
1107.93 1363.19
1107.55 1360.7
1107.77 1358.23
1108.74 1355.96
1110.43 1354.25
1112.69 1353.58
1115.04 1353.74
1117.3 1354.29
1119.56 1354.44
1121.76 1354.4
1123.89 1354.24
1125.89 1353.67
1127.5 1352.3
1129.16 1351.11
1130.3 1349.44
1131.54 1347.9
1132.75 1346.36
1133.91 1344.79
1135.27 1343.32
1136.09 1341.51
1136.94 1339.72
1137.37 1337.79
1137.72 1335.86
1138.14 1333.94
1138.25 1331.99
1138.26 1330.03
1138.07 1328.09
1137.7 1326.14
1137.54 1324.16
1137.47 1322.17
1137.42 1320.18
1137.4 1318.18
1137.37 1316.17
1137.28 1314.14
1137.17 1312.1
1136.63 1310.16
1135.67 1308.36
1134.73 1306.54
1134.21 1304.59
1134.82 1302.55
1134.74 1300.54
1133.39 1298.9
1132.16 1297.17
1130.81 1295.5
1129.55 1293.74
1128.67 1291.79
1127.76 1289.82
1126.89 1287.8
1125.86 1285.85
1125.37 1283.75
1125.14 1281.58
1124.93 1279.4
1125.07 1277.27
1125.77 1275.24
1126.4 1273.2
1125.77 1271.15
1125.15 1269.08
1124.96 1266.92
1125.05 1264.73
1125.38 1262.54
1126.24 1260.48
1127.18 1258.42
1127.49 1256.16
1128.14 1254
1128.7 1251.83
1128.9 1249.6
1128.82 1247.36
1128.79 1245.11
1128.9 1242.85
1129.1 1240.59
1129.6 1238.37
1130.06 1236.14
1130.5 1233.9
1131.25 1231.75
1132.35 1229.75
1133.81 1228.03
1135.52 1226.51
1137.58 1225.47
1139.64 1224.48
1141.35 1222.93
1143.29 1221.72
1145.31 1220.72
1147.28 1219.63
1149.23 1218.49
1151.27 1217.53
1153.24 1216.45
1155.13 1215.24
1157.05 1214.1
1159.17 1213.38
1161.16 1212.38
1163.07 1211.26
1165.06 1210.31
1167.13 1209.52
1169.13 1208.61
1171.03 1207.51
1172.95 1206.43
1174.97 1205.64
1177.05 1204.96
1179.12 1204.3
1181.09 1203.35
1183.03 1202.34
1185.03 1201.51
1187.16 1201.1
1189.27 1200.57
1191.29 1199.73
1193.27 1198.79
1195.31 1198.05
1197.43 1197.66
1199.55 1197.24
1201.65 1196.73
1203.79 1196.39
1205.93 1196
1208.05 1195.45
1210.16 1194.88
1212.25 1194.26
1214.14 1193.21
1215.71 1191.62
1217.36 1190.09
1218.67 1188.33
1220.07 1186.61
1221.5 1184.92
1223.07 1183.3
1224.65 1181.68
1226.63 1180.7
1228.74 1179.93
1230.84 1179.15
1233.01 1178.61
1235.22 1178.28
1237.42 1177.97
1239.59 1177.47
1241.74 1176.91
1243.83 1176.11
1246.02 1175.95
1248.22 1176.12
1250.4 1176.3
1252.57 1176.22
1254.72 1175.99
1256.89 1175.85
1258.98 1175.39
1260.96 1174.55
1262.97 1173.79
1264.98 1173.17
1267.05 1172.71
1269.08 1172.12
1270.92 1171.06
1272.75 1170.02
1274.74 1169.34
1276.61 1168.35
1278.49 1167.39
1280.37 1166.4
1282.42 1165.89
1284.51 1165.69
1286.59 1165.54
1288.66 1165.33
1290.72 1165.55
1292.76 1165.52
1294.4 1164.37
1295.59 1162.59
1297.16 1161.16
1298.9 1159.85
1300.79 1158.67
1302.92 1157.96
1305.14 1157.51
1307.39 1157.23
1309.59 1156.63
1311.68 1155.6
1313.79 1154.65
1316.04 1154.51
1318.21 1155.16
1320.31 1156.08
1322.5 1156.63
1324.72 1157.05
1326.91 1157.55
1328.95 1158.45
1330.98 1159.37
1333.09 1160.02
1335.21 1160.7
1337.37 1161.07
1339.55 1161.19
1341.74 1161.24
1343.89 1161.62
1345.98 1162.28
1347.96 1163.21
1349.81 1164.41
1351.74 1165.43
1353.78 1166.27
1355.61 1167.48
1357.43 1168.72
1359.47 1169.5
1361.55 1170.15
1363.61 1170.87
1365.58 1171.87
1367.62 1172.72
1369.58 1173.73
1370.99 1175.45
1372.4 1177.18
1374 1178.66
1375.92 1179.79
1377.98 1180.64
1380.01 1181.53
1381.74 1183.02
1383.9 1183.71
1385.76 1185.05
1387.81 1185.91
1389.95 1186.53
1392.08 1187.18
1394.15 1188.03
1396.12 1189.07
1397.69 1190.72
1399.56 1191.99
1401.26 1193.53
1403 1194.93
1404.86 1196.19
1406.95 1196.98
1409.04 1197.78
1410.74 1199.3
1412.77 1200.29
1414.16 1201.91
1414.93 1204
1415.94 1205.95
1416.8 1207.94
1418.15 1209.59
1419.92 1210.79
1421.8 1211.85
1423.86 1212.5
1426.02 1212.9
1428.09 1213.63
1429.87 1215.1
1432.06 1215.79
1433.88 1217.26
1435.78 1218.55
1437.61 1219.96
1439.49 1221.34
1441.08 1223.08
1442.69 1224.73
1444.23 1226.44
1445.71 1228.21
1447.41 1229.83
1448.64 1231.86
1450.02 1233.8
1451.59 1235.58
1453.39 1237.14
1455.31 1238.63
1457.34 1239.92
1459.08 1241.69
1461.07 1243.18
1462.74 1245.02
1464.07 1247.18
1465.76 1249.1
1467.61 1250.89
1469.21 1252.91
1470.03 1255.38
1470.41 1258
1470.46 1260.66
1470.25 1263.3
1469.81 1265.9
1468.93 1268.3
1467.08 1270.13
1465.52 1272.15
1464.46 1274.51
1462.84 1276.54
1461.68 1278.78
1460.45 1280.95
1458.66 1282.61
1456.74 1284.13
1454.76 1285.58
1453.06 1287.35
1451.51 1289.23
1449.76 1290.85
1447.78 1292.22
1445.87 1293.64
1444.5 1295.57
1443.15 1297.52
1441.49 1299.17
1439.63 1300.62
1437.57 1301.72
1435.53 1302.8
1433.58 1304.06
1431.65 1305.39
1429.76 1306.74
1428.12 1308.37
1426.42 1309.92
1424.8 1311.61
1423.23 1313.38
1421.3 1314.76
1419.43 1316.2
1417.47 1317.48
1415.65 1319.02
1413.43 1319.82
1411.71 1321.4
1409.94 1322.87
1408.11 1324.27
1406 1325.25
1403.9 1326.16
1401.97 1327.42
1399.96 1328.53
1397.97 1329.66
1395.98 1330.72
1394.01 1331.83
1391.97 1332.82
1389.99 1333.83
1388.12 1335.01
1386.09 1335.89
1383.98 1336.59
1381.87 1337.31
1379.7 1337.58
1377.54 1337.84
1375.49 1338.55
1373.61 1339.69
1371.69 1340.68
1369.62 1341.29
1367.54 1341.94
1365.75 1343.18
1363.97 1344.39
1362.02 1345.21
1359.94 1345.63
1357.89 1346.17
1355.79 1346.47
1353.7 1346.87
1351.71 1347.62
1349.73 1348.36
1347.68 1348.83
1345.62 1349.26
1343.6 1349.84
1341.73 1350.79
1339.86 1351.73
1337.89 1352.4
1335.82 1352.69
1333.82 1353.21
1331.84 1353.83
1329.83 1354.24
1327.79 1354.55
1325.77 1354.99
1323.79 1355.6
1321.82 1356.25
1319.85 1356.86
1317.87 1357.42
1315.83 1357.7
1313.77 1357.88
1311.77 1358.4
1309.82 1359.06
1307.83 1359.6
1305.82 1360.11
1303.75 1360.06
1301.67 1359.99
1299.8 1360.98
1297.88 1361.74
1295.86 1362.15
1293.82 1362.41
1291.77 1362.61
1289.73 1362.87
1287.72 1363.33
1285.77 1364.01
1283.78 1364.47
1281.77 1364.83
1279.78 1365.27
1277.8 1365.65
1275.78 1365.89
1273.76 1366.19
1271.77 1366.7
1269.91 1367.6
1268.06 1368.5
1266.11 1369.11
1264.09 1369.47
1262.1 1369.95
1260.08 1370.22
1258.04 1370.4
1255.98 1370.55
1253.94 1370.87
1251.98 1371.5
1250.05 1372.25
1248.11 1372.93
1246.17 1373.6
1244.17 1373.93
1242.13 1374.06
1240.08 1374.14
1238.04 1374.25
1236.05 1374.76
1234.11 1375.49
1232.09 1375.88
1230 1375.83
1227.95 1376.06
1226.01 1376.86
1224.01 1377.42
1222.02 1377.95
1219.98 1378.21
1217.93 1378.39
1215.88 1378.49
1213.82 1378.51
1211.77 1378.52
1209.72 1378.51
1207.67 1378.54
1205.63 1378.74
1203.63 1379.22
1201.67 1379.87
1199.68 1380.37
1197.64 1380.6
1195.58 1380.65
1193.52 1380.65
1191.47 1380.7
1189.42 1380.8
1187.38 1380.93
1185.34 1381.15
1183.33 1381.55
1181.31 1381.79
1179.29 1381.88
1177.25 1381.94
1175.22 1381.97
1173.2 1381.97
1171.19 1381.97
1169.18 1381.98
1167.18 1381.95
1165.19 1381.99
1163.19 1382.11
1161.19 1382.31
1159.18 1382.68
1157.21 1383.24
1155.26 1383.9
1153.32 1384.69
1151.28 1385.06
1149.18 1385.06
1147.07 1385.13
1144.94 1385.21
1142.8 1385.41
1140.64 1385.54
1138.45 1385.58
1136.29 1385.3
1134.37 1383.97

