CONTOUR

2

2109

1163.59 1566.23
1165.68 1566.66
1167.8 1566.47
1169.81 1565.83
1171.65 1564.76
1173.53 1563.72
1175.55 1564.05
1177.37 1565.25
1179.38 1565.76
1181.47 1565.83
1183.56 1565.81
1185.64 1565.73
1187.66 1565.34
1189.42 1564.15
1191.35 1563.41
1193.42 1563.32
1195.51 1563.3
1197.62 1563.34
1199.73 1563.29
1201.78 1562.85
1203.7 1561.99
1205.51 1560.91
1207.38 1559.97
1209.4 1559.54
1211.47 1559.41
1213.54 1559.47
1215.6 1559.63
1217.66 1559.76
1219.73 1559.89
1221.82 1559.96
1223.91 1559.99
1226.01 1559.93
1228.05 1559.5
1229.89 1558.5
1231.72 1557.51
1233.62 1556.72
1235.66 1556.72
1237.69 1557.3
1239.77 1557.59
1241.88 1557.47
1243.9 1556.78
1245.89 1555.91
1248.03 1555.6
1250.1 1555.1
1252.12 1554.42
1254.04 1553.55
1255.9 1552.48
1257.95 1551.91
1260.07 1551.77
1262.19 1551.88
1264.32 1552.29
1266.33 1551.73
1268.2 1550.74
1270.11 1549.82
1272.11 1549.17
1274.19 1548.78
1276.28 1548.52
1278.35 1548.19
1280.38 1547.63
1282.41 1547.05
1284.45 1546.59
1286.48 1546.11
1288.46 1545.52
1290.46 1545.04
1292.36 1544.27
1294.28 1543.56
1296.08 1542.58
1297.87 1541.61
1299.79 1541.01
1301.77 1541.48
1303.78 1541.89
1305.84 1541.94
1307.9 1541.77
1309.95 1541.42
1311.96 1540.86
1313.98 1540.32
1315.97 1539.66
1317.92 1538.9
1319.91 1538.26
1321.94 1537.86
1323.98 1537.64
1325.99 1537.32
1327.85 1536.45
1329.77 1535.74
1331.73 1535.18
1333.63 1534.39
1335.6 1533.87
1337.62 1533.61
1339.65 1533.44
1341.68 1533.2
1343.69 1532.71
1345.69 1532.23
1347.69 1531.71
1349.68 1531.11
1351.71 1530.68
1353.78 1530.39
1355.8 1529.91
1357.76 1529.19
1359.59 1528.1
1361.63 1527.53
1363.62 1526.83
1365.59 1526.11
1367.6 1525.57
1369.65 1525.11
1371.71 1524.74
1373.75 1524.28
1375.73 1523.54
1377.72 1522.81
1379.76 1522.28
1381.72 1521.51
1383.53 1520.38
1385.55 1519.79
1387.58 1519.24
1389.53 1518.44
1391.56 1517.92
1393.66 1517.67
1395.69 1517.15
1397.46 1515.93
1399.37 1515.07
1401.47 1514.71
1403.53 1514.25
1405.46 1513.42
1407.16 1512.09
1409.14 1511.33
1411.03 1510.45
1413.01 1509.85
1415.07 1509.55
1417.08 1509.06
1419.13 1508.66
1421.16 1508.15
1423.12 1507.35
1425.09 1506.59
1427.01 1505.77
1428.8 1504.6
1430.7 1503.64
1432.7 1502.96
1434.53 1501.8
1436.59 1501.34
1438.69 1501.03
1440.72 1500.37
1442.67 1499.48
1444.65 1498.66
1446.69 1498.01
1448.68 1497.24
1450.55 1496.21
1452.37 1495.05
1454.32 1494.09
1456.35 1493.39
1458.48 1492.91
1460.62 1492.43
1462.7 1491.69
1464.73 1490.76
1466.74 1489.81
1468.62 1488.57
1470.69 1487.72
1472.85 1487.19
1474.92 1486.37
1476.97 1485.47
1479.01 1484.51
1481.07 1483.53
1483.1 1482.51
1485.24 1481.78
1487.36 1480.98
1489.11 1479.53
1490.7 1477.9
1492.55 1476.64
1494.49 1475.49
1496.45 1474.37
1498.44 1473.26
1500.17 1471.72
1502.17 1470.64
1504.2 1469.56
1506.38 1468.81
1508.53 1467.98
1510.62 1466.98
1512.7 1465.96
1514.56 1464.59
1516.42 1463.16
1518.39 1461.94
1520.58 1461.09
1522.67 1460.1
1524.63 1458.84
1526.58 1457.59
1528.38 1456.05
1530.59 1455.24
1532.52 1453.92
1534.55 1452.81
1536.26 1451.26
1537.99 1449.71
1539.56 1447.95
1541.79 1447.19
1543.77 1445.86
1546.05 1445.38
1548.4 1445.09
1550.69 1444.48
1552.85 1443.5
1554.94 1442.39
1556.91 1441.08
1558.64 1439.45
1559.91 1437.42
1561.54 1435.66
1562.77 1433.66
1563.88 1431.59
1564.7 1429.43
1565.3 1427.21
1566.01 1425.03
1567.49 1423.31
1569.41 1422.06
1571.7 1421.69
1573.97 1421.35
1576.14 1420.64
1578.15 1419.52
1579.91 1418.02
1581.53 1416.35
1583.53 1415.17
1585.27 1413.65
1586.89 1412.07
1588.48 1410.44
1589.99 1408.75
1591.66 1407.16
1593.35 1405.58
1594.6 1403.68
1595.83 1401.74
1597.1 1399.85
1598.63 1398.17
1600.4 1396.78
1602.29 1395.48
1603.78 1393.78
1604.77 1391.74
1605.77 1389.73
1607.41 1388.16
1609.14 1386.68
1610.87 1385.22
1612.28 1383.46
1613.31 1381.46
1614.45 1379.5
1615.66 1377.59
1616.82 1375.61
1618.11 1373.74
1619.51 1371.95
1620.68 1370.02
1621.68 1367.99
1623.03 1366.16
1623.96 1364.12
1625.6 1362.48
1626.77 1360.55
1627.75 1358.5
1628.51 1356.37
1629.08 1354.17
1629.88 1352.07
1631.51 1350.45
1632.78 1348.59
1633.62 1346.53
1634.43 1344.44
1635.6 1342.53
1636.53 1340.52
1637.08 1338.38
1637.56 1336.23
1638.11 1334.1
1638.69 1331.99
1639.27 1329.87
1639.92 1327.78
1640.95 1325.87
1641.99 1323.98
1642.87 1322.01
1643.77 1320.02
1644.63 1318.01
1645.37 1315.96
1645.6 1313.83
1645.5 1311.7
1645.29 1309.59
1645.54 1307.52
1646.19 1305.54
1647.18 1303.66
1647.61 1301.62
1647.76 1299.53
1647.91 1297.42
1648.29 1295.32
1648.59 1293.21
1648.58 1291.09
1648.43 1288.98
1648.14 1286.88
1647.95 1284.79
1647.93 1282.69
1648.03 1280.6
1648.37 1278.53
1648.92 1276.49
1649.11 1274.41
1648.93 1272.32
1648.82 1270.25
1649.26 1268.25
1649.99 1266.33
1650.7 1264.43
1651.33 1262.49
1651.74 1260.51
1651.97 1258.5
1652.13 1256.48
1652.35 1254.46
1652.54 1252.45
1652.69 1250.43
1652.77 1248.41
1652.77 1246.39
1652.76 1244.37
1652.78 1242.36
1652.97 1240.36
1653.38 1238.37
1653.55 1236.35
1653.59 1234.32
1653.6 1232.3
1653.59 1230.27
1653.58 1228.24
1653.58 1226.22
1653.6 1224.19
1653.61 1222.17
1653.68 1220.16
1653.78 1218.14
1653.83 1216.11
1653.89 1214.1
1654.05 1212.1
1654.13 1210.08
1654.04 1208.05
1654.01 1206.02
1653.97 1203.99
1653.91 1201.96
1653.87 1199.94
1653.85 1197.92
1653.86 1195.89
1653.91 1193.87
1653.99 1191.84
1654.17 1189.8
1654.47 1187.78
1654.68 1185.75
1654.71 1183.7
1654.42 1181.7
1653.65 1179.85
1652.59 1178.12
1652.74 1176.22
1653.71 1174.46
1654.26 1172.54
1654.61 1170.55
1654.99 1168.54
1655.42 1166.54
1655.5 1164.51
1655.41 1162.46
1655.37 1160.42
1655.45 1158.38
1655.63 1156.34
1656.03 1154.32
1656.49 1152.32
1656.86 1150.31
1657.07 1148.27
1657.17 1146.21
1657.22 1144.15
1657.24 1142.08
1656.98 1140.02
1656.61 1137.97
1656.57 1135.9
1656.89 1133.85
1657.11 1131.8
1657.08 1129.75
1656.88 1127.71
1657.01 1125.68
1657.4 1123.66
1657.82 1121.63
1658.54 1119.66
1659.9 1118.01
1661.68 1116.69
1662.65 1114.75
1662.92 1112.56
1662.24 1110.42
1661.61 1108.29
1660.89 1106.25
1659.83 1104.4
1658.57 1102.64
1657.9 1100.63
1657.65 1098.5
1657.44 1096.38
1657.11 1094.28
1656.56 1092.21
1655.93 1090.16
1655.49 1088.05
1655.07 1085.94
1654.45 1083.87
1653.92 1081.79
1653.54 1079.67
1652.99 1077.59
1652.58 1075.48
1652.05 1073.4
1651.19 1071.41
1650.16 1069.5
1648.99 1067.67
1647.88 1065.78
1647.32 1063.63
1645.86 1061.92
1645.18 1059.88
1644.88 1057.75
1644.64 1055.6
1644.15 1053.52
1643.4 1051.49
1642.66 1049.47
1641.84 1047.47
1641 1045.51
1639.9 1043.68
1638.99 1041.78
1637.75 1040.04
1636.89 1038.11
1636.11 1036.18
1635 1034.41
1633.91 1032.65
1632.63 1031.01
1631.53 1029.24
1630.09 1027.76
1629.09 1026.03
1628.81 1024.08
1629.16 1022.09
1629.8 1020.19
1630.92 1018.53
1631.83 1016.75
1633.31 1015.31
1634.48 1013.62
1635.73 1012.01
1636.87 1010.29
1638.04 1008.58
1639.59 1007.11
1640.73 1005.27
1641.6 1003.3
1642.37 1001.29
1643.39 999.354
1644.45 997.429
1645.2 995.381
1646.07 993.366
1647.5 991.612
1648.57 989.673
1649.16 987.547
1649.49 985.359
1650.12 983.245
1650.99 981.223
1651.94 979.232
1652.57 977.144
1652.9 974.992
1653.12 972.827
1653.38 970.661
1653.99 968.59
1655.26 966.779
1655.85 964.688
1656.56 962.66
1657.21 960.625
1657.79 958.582
1658.15 956.497
1658.46 954.397
1658.88 952.329
1659.51 950.304
1660.16 948.287
1660.64 946.232
1661.17 944.195
1661.82 942.21
1662.67 940.3
1663.62 938.415
1664.62 936.551
1665.53 934.633
1666.2 932.626
1666.64 930.544
1667.1 928.463
1667.69 926.401
1668.28 924.348
1668.77 922.267
1669.27 920.191
1669.96 918.179
1670.97 916.289
1671.84 914.32
1672.96 912.452
1673.73 910.436
1674.23 908.339
1674.6 906.202
1675.04 904.069
1675.53 901.926
1675.72 899.741
1675.74 897.541
1675.7 895.34
1675.68 893.139
1675.69 890.939
1675.73 888.738
1675.71 886.539
1675.45 884.356
1674.99 882.205
1674.37 880.095
1673.62 878.037
1673.36 875.883
1673.1 873.733
1672.48 871.657
1671.88 869.567
1671.01 867.582
1670.14 865.605
1669.6 863.53
1669.1 861.443
1668.57 859.367
1667.79 857.373
1666.76 855.469
1666.01 853.474
1665.7 851.365
1665.22 849.311
1664.03 847.485
1663.71 845.374
1663.26 843.295
1662.32 841.388
1661.48 839.441
1660.67 837.484
1659.67 835.633
1658.61 833.823
1657.82 831.891
1657.19 829.908
1656.49 827.951
1655.85 825.951
1655.19 823.959
1653.85 822.286
1653.28 820.304
1653.1 818.235
1652.9 816.187
1652.5 814.174
1651.82 812.239
1651 810.355
1650.28 808.454
1649.59 806.537
1649.3 804.531
1649.11 802.501
1648.75 800.499
1648.35 798.503
1647.85 796.519
1647.68 794.506
1647.7 792.463
1647.63 790.41
1647.56 788.359
1647.47 786.304
1647.24 784.259
1646.72 782.268
1646.2 780.272
1645.87 778.253
1645.62 776.231
1645.22 774.229
1645.03 772.196
1644.95 770.15
1644.97 768.095
1644.86 766.042
1644.6 764.003
1644.18 761.991
1643.47 760.077
1642.52 758.289
1641.41 756.616
1639.9 755.183
1639.48 753.22
1639.03 751.278
1638.44 749.354
1638.03 747.404
1637.83 745.441
1637.73 743.472
1637.71 741.48
1637.67 739.489
1637.67 737.501
1637.68 735.513
1637.65 733.523
1637.54 731.535
1637.3 729.555
1636.87 727.595
1636.56 725.624
1636.46 723.642
1636.38 721.66
1636.09 719.691
1635.62 717.728
1635.43 715.725
1635.59 713.715
1636 711.731
1636.33 709.752
1636.36 707.747
1636.36 705.737
1636.46 703.726
1636.59 701.718
1636.64 699.701
1636.64 697.679
1636.56 695.656
1636.41 693.636
1636.29 691.612
1636.17 689.587
1636.05 687.559
1635.98 685.519
1636.01 683.474
1636.02 681.425
1635.89 679.378
1635.63 677.338
1635.29 675.308
1634.97 673.277
1634.79 671.234
1634.62 669.197
1634.42 667.162
1634.16 665.138
1633.7 663.144
1633.36 661.117
1632.85 659.136
1632.06 657.232
1631.62 655.238
1631.15 653.258
1630.52 651.326
1629.97 649.376
1629.57 647.403
1629.28 645.402
1629.2 643.387
1629.19 641.377
1629.17 639.372
1629.14 637.376
1629.06 635.389
1628.86 633.42
1628.36 631.505
1627.6 629.632
1627.35 627.673
1627.86 625.751
1628.89 623.986
1630.13 622.384
1631.45 620.827
1632.88 619.304
1634.06 617.609
1634.87 615.656
1635.76 613.72
1636.55 611.735
1637.13 609.66
1637.77 607.589
1638.65 605.595
1639.53 603.582
1640.99 601.865
1642.12 599.957
1643.01 597.913
1643.93 595.889
1644.5 593.746
1644.71 591.54
1644.65 589.318
1644.38 587.114
1643.95 584.944
1643.42 582.797
1642.91 580.655
1642.45 578.508
1641.94 576.385
1641.23 574.353
1640.21 572.47
1639.07 570.63
1638.42 568.58
1638.03 566.47
1637.88 564.32
1637.87 562.155
1637.97 559.983
1638.1 557.808
1638.09 555.615
1637.87 553.433
1637.35 551.3
1636.49 549.283
1635.44 547.339
1634.41 545.381
1633.42 543.397
1632.09 541.593
1631.52 539.507
1631.13 537.379
1630.1 535.448
1629.33 533.413
1628.42 531.435
1626.94 529.771
1625.65 527.983
1624.25 526.288
1623.48 524.247
1622.75 522.182
1621.77 520.2
1620.68 518.291
1619.5 516.446
1618.3 514.605
1617.09 512.757
1615.64 511.042
1614.45 509.123
1613.37 507.16
1612.18 505.251
1610.8 503.41
1609.42 501.581
1607.66 500.099
1606 498.523
1604.64 496.706
1603.47 494.745
1602.5 492.638
1601.27 490.675
1599.45 489.173
1597.66 487.594
1596.02 485.894
1594.18 484.451
1592.33 483.026
1590.75 481.33
1589.14 479.616
1587.32 478.161
1585.41 476.87
1583.38 475.758
1581.29 474.787
1579.08 474.111
1576.96 473.264
1575.1 471.841
1572.92 471.009
1571.07 469.579
1569.01 468.601
1566.83 467.935
1564.66 467.254
1562.51 466.58
1560.37 465.932
1558.26 465.22
1556.15 464.565
1554 464.04
1551.9 463.334
1549.74 462.855
1547.84 461.694
1545.88 460.716
1543.88 459.812
1541.92 458.795
1539.88 458.053
1537.74 457.675
1535.61 457.395
1533.46 457.139
1531.36 456.695
1529.34 455.978
1527.32 455.141
1525.27 454.398
1523.23 453.592
1521.27 452.64
1519.53 451.315
1517.93 449.775
1515.94 448.873
1513.9 448.018
1511.87 447.098
1510.16 445.644
1508.33 444.396
1506.42 443.247
1504.39 442.331
1502.45 441.251
1500.76 439.729
1498.8 438.613
1497.13 437.082
1495.22 435.878
1493.21 434.769
1491.28 433.566
1489.6 431.967
1487.44 431.166
1485.59 429.78
1483.68 428.557
1481.73 427.389
1479.69 426.381
1477.78 425.214
1476.26 423.538
1474.67 421.933
1472.97 420.525
1471.16 419.207
1469.17 418.143
1467.4 416.781
1465.71 415.311
1464.02 413.822
1462.38 412.389
1460.8 410.919
1459.23 409.464
1457.8 407.866
1456.16 406.558
1455.11 404.753
1454.04 402.928
1453.6 400.849
1453.26 398.732
1452.89 396.605
1452.42 394.476
1451.55 392.474
1450.44 390.574
1449.39 388.603
1448.04 386.764
1447.53 384.556
1446.8 382.429
1446.13 380.262
1445.57 378.057
1444.51 376.045
1443.25 374.127
1442.4 372.003
1441.66 369.819
1440.63 367.739
1439.46 365.748
1437.93 363.999
1436.77 362.029
1435.69 359.991
1434.43 358.069
1433.16 356.168
1431.55 354.487
1429.89 352.86
1428.75 350.856
1427.7 348.78
1426.39 346.858
1425.04 344.971
1423.64 343.069
1422.27 341.148
1420.7 339.417
1418.99 337.834
1417.34 336.199
1415.67 334.586
1414.32 332.693
1412.84 330.926
1411.18 329.348
1409.57 327.709
1407.56 326.58
1405.7 325.24
1404.2 323.518
1402.67 321.804
1401.25 319.976
1399.73 318.232
1398.51 316.282
1397.05 314.488
1395.55 312.747
1393.95 311.069
1392.26 309.445
1390.83 307.638
1389.3 305.864
1388.36 303.72
1387.25 301.67
1385.72 299.946
1383.81 298.606
1381.83 297.383
1380.36 295.579
1378.95 293.719
1377.45 291.967
1375.59 290.568
1373.59 289.363
1371.84 287.783
1369.68 286.825
1367.98 285.247
1366.92 283.148
1365.38 281.351
1364.1 279.365
1362.54 277.596
1360.59 276.275
1358.82 274.724
1357.05 273.149
1355.49 271.332
1353.83 269.576
1351.87 268.184
1349.94 266.758
1348.05 265.337
1346.25 263.756
1343.95 263.002
1342.11 261.466
1340.15 260.162
1338.11 258.965
1335.92 258.071
1333.9 256.894
1332.17 255.322
1330.51 253.64
1328.43 252.588
1326.29 251.627
1324.34 250.326
1322.19 249.457
1320.07 248.534
1318.03 247.485
1315.93 246.587
1314.17 245.098
1312.25 243.868
1310.37 242.588
1308.48 241.346
1306.73 239.848
1304.53 239.165
1302.65 237.874
1300.71 236.73
1298.71 235.698
1296.71 234.691
1294.64 233.892
1292.46 233.407
1290.43 232.51
1288.53 231.343
1286.65 230.155
1284.68 229.139
1282.57 228.478
1280.46 227.822
1278.44 226.959
1276.34 226.373
1274.22 225.917
1272.14 225.301
1270.24 224.219
1268.23 223.436
1266.27 222.497
1264.46 221.301
1262.53 220.37
1260.59 219.447
1258.64 218.554
1256.61 217.885
1254.57 217.276
1252.54 216.615
1250.58 215.703
1248.69 214.668
1246.79 213.659
1244.76 212.968
1242.72 212.315
1240.72 211.524
1238.69 210.809
1236.6 210.377
1234.49 210.025
1232.41 209.579
1230.38 208.989
1228.37 208.269
1226.36 207.577
1224.27 207.116
1222.31 206.362
1220.5 205.244
1218.55 204.396
1216.62 203.506
1214.68 202.64
1212.6 202.174
1210.48 201.886
1208.38 201.524
1206.33 200.972
1204.29 200.364
1202.26 199.713
1200.33 198.821
1198.57 197.634
1196.61 196.864
1194.57 196.266
1192.59 195.512
1190.59 194.77
1188.53 194.276
1186.43 193.932
1184.34 193.544
1182.32 192.915
1180.31 192.248
1178.29 191.595
1176.23 191.172
1174.15 190.986
1172.06 190.671
1169.98 190.481
1167.93 190.133
1165.94 189.539
1164.07 188.643
1162.26 187.582
1160.47 186.483
1158.56 185.595
1156.49 185.164
1154.42 184.663
1152.43 183.834
1150.4 183.172
1148.59 181.923
1146.59 181.169
1144.51 180.727
1142.41 180.393
1140.31 180.031
1138.24 179.518
1136.19 178.956
1134.14 178.568
1132.07 178.29
1130.02 177.992
1127.98 177.601
1125.98 177.172
1123.96 176.872
1121.93 176.679
1119.94 176.232
1118.06 175.445
1116.18 174.646
1114.27 173.985
1112.27 173.636
1110.27 173.212
1108.24 172.926
1106.19 172.645
1104.14 172.342
1102.16 171.763
1100.16 171.149
1098.14 170.652
1096.06 170.407
1093.97 170.297
1091.87 170.194
1089.78 170.021
1087.69 169.805
1085.6 169.618
1083.51 169.575
1081.41 169.529
1079.33 169.362
1077.24 169.223
1075.15 169.123
1073.05 169.038
1070.95 169.022
1068.83 168.993
1066.74 168.718
1064.7 168.136
1062.71 167.406
1060.71 166.686
1058.68 166.104
1056.59 165.898
1054.51 166.002
1052.46 166.394
1050.51 167.094
1048.7 168.059
1046.91 169.097
1044.92 169.268
1043.03 168.521
1041.29 167.362
1039.41 166.463
1037.38 165.994
1035.28 165.866
1033.17 165.962
1031.08 166.313
1029.12 167.127
1027.19 168.069
1025.14 168.589
1023.05 168.87
1020.94 169.02
1018.85 169.119
1016.77 169.215
1014.69 169.418
1012.61 169.516
1010.53 169.58
1008.46 169.713
1006.4 170.037
1004.32 170.289
1002.24 170.573
1000.17 170.959
998.123 171.481
996.06 171.975
993.977 172.318
991.88 172.56
989.835 172.988
987.872 173.712
986.076 174.918
984.016 175.349
981.981 175.81
980.037 176.602
978.021 177.113
975.943 177.319
973.871 177.49
971.787 177.559
969.713 177.729
967.644 178.059
965.587 178.513
963.533 179.008
961.504 179.637
959.441 180.144
957.352 180.547
955.353 181.218
953.549 182.357
951.67 183.328
949.656 183.979
947.625 184.545
945.577 185.019
943.517 185.429
941.449 185.829
939.357 186.061
937.252 186.202
935.15 186.412
933.104 186.917
931.159 187.789
929.198 188.598
927.238 189.419
925.215 190.111
923.279 191.037
921.368 192.064
919.453 193.073
917.382 193.66
915.255 194.007
913.141 194.397
911.089 195.059
909.086 195.925
907.043 196.677
905.078 197.589
903.393 199.057
901.294 199.619
899.175 200.166
897.133 200.951
895.043 201.593
892.952 202.228
890.911 203.013
889.012 204.115
887.116 205.25
885.036 206.008
882.991 206.899
880.936 207.812
879.007 209.005
876.865 209.657
874.687 210.164
872.552 210.789
870.544 211.786
868.481 212.671
866.422 213.579
864.526 214.857
862.414 215.689
860.639 217.167
858.589 218.082
856.482 218.875
854.452 219.882
852.383 220.799
850.324 221.757
848.406 223.038
846.247 223.723
844.504 225.144
842.765 226.507
841.265 228.1
839.756 229.684
838.514 231.492
836.656 232.533
834.496 232.912
832.35 233.342
830.305 234.112
828.342 235.094
826.453 236.263
824.574 237.451
822.773 238.802
820.662 239.647
818.957 241.173
817.096 242.407
815.035 243.361
812.999 244.371
811.058 245.525
809.306 247.042
807.124 247.65
804.953 248.399
802.739 249.047
800.524 249.699
798.573 250.962
796.722 252.378
794.838 253.744
793.232 255.472
791.518 257.104
789.491 258.295
787.546 259.583
785.707 261.019
783.913 262.552
781.858 263.663
780.115 265.205
778.231 266.51
776.311 267.79
774.403 269.082
772.581 270.504
770.681 271.845
769.068 273.582
767.036 274.768
765.007 275.997
763.134 277.424
761.478 279.158
759.378 280.268
757.397 281.58
755.565 283.078
753.812 284.698
751.764 285.907
749.915 287.404
748.226 289.062
746.296 290.374
744.295 291.6
742.346 292.893
740.517 294.356
738.632 295.763
736.938 297.46
734.882 298.688
732.943 300.112
731.178 301.745
729.536 303.544
727.731 305.198
725.676 306.489
723.639 307.8
721.697 309.261
719.829 310.875
717.549 311.757
715.73 313.36
713.837 314.842
711.892 316.315
709.997 317.836
708.195 319.484
706.329 321.076
704.132 322.147
702.011 323.297
700.217 324.867
698.537 326.585
696.603 328
694.872 329.708
692.804 330.978
690.981 332.555
689.311 334.289
687.328 335.691
685.544 337.375
683.603 338.815
681.787 340.42
679.847 341.888
678.005 343.477
676.2 345.095
674.135 346.311
672.078 347.557
670.044 348.855
668.158 350.338
666.172 351.679
664.412 353.336
662.745 355.047
660.877 356.608
659.262 358.423
657.586 360.162
655.89 361.945
654.36 363.826
652.601 365.499
650.964 367.322
649.275 369.059
647.242 370.354
645.113 371.56
643.205 373.078
641.619 374.977
639.648 376.437
637.842 378.064
636.207 379.829
634.589 381.603
633.186 383.577
631.532 385.363
629.753 387.005
628.131 388.776
626.636 390.666
625 392.412
623.204 394.022
621.31 395.54
619.658 397.287
618.199 399.222
616.595 400.999
614.731 402.472
612.771 403.856
610.991 405.448
609.489 407.348
607.767 409.058
606.214 410.855
604.793 412.729
603.632 414.775
602.427 416.773
600.993 418.573
599.338 420.212
597.67 421.839
596.48 423.858
594.969 425.648
593.833 427.612
593.246 429.812
592.29 431.885
591.489 434.016
590.361 435.962
588.876 437.665
587.576 439.506
586.437 441.461
585.205 443.338
583.724 445.087
582.833 447.203
581.398 448.986
580.159 450.865
579.075 452.855
578.213 454.935
577.384 457.024
576.699 459.154
575.788 461.194
574.435 463.012
573.252 464.926
571.956 466.743
570.745 468.616
569.892 470.663
569.178 472.75
568.519 474.864
567.772 476.96
567.129 479.081
566.109 481.037
565.09 482.973
564.27 485.009
563.415 487.036
562.678 489.102
562.167 491.221
561.679 493.341
560.995 495.404
559.965 497.336
559.007 499.281
558.427 501.322
558.155 503.429
557.548 505.45
556.64 507.349
555.584 509.192
554.529 511.044
553.604 512.966
553.223 515.053
553.03 517.19
552.825 519.328
552.566 521.47
551.904 523.52
551.125 525.538
550.872 527.695
549.9 529.614
549.048 531.562
548.136 533.479
547.074 535.334
546.281 537.283
545.926 539.36
545.689 541.472
545.32 543.566
545.057 545.659
544.925 547.762
544.883 549.871
544.793 551.974
544.232 553.998
543.31 555.9
542.614 557.869
542.556 559.943
542.812 562.02
543.245 564.069
543.314 566.121
542.553 568.007
541.375 569.737
540.648 571.673
540.171 573.714
539.742 575.783
539.341 577.863
539.015 579.955
538.786 582.056
538.604 584.154
538.429 586.253
538.294 588.345
538.167 590.425
537.878 592.482
537.717 594.543
537.603 596.611
537.447 598.676
537.196 600.721
537.002 602.768
536.831 604.813
537.031 606.837
537.722 608.76
538.545 610.654
537.87 612.554
536.892 614.361
535.822 616.144
535.08 618.075
534.479 620.068
534.146 622.125
534.045 624.208
533.88 626.289
533.745 628.365
533.868 630.421
534.716 632.363
535.14 634.405
534.891 636.476
533.954 638.427
533.555 640.482
533.577 642.574
533.761 644.657
533.866 646.741
533.791 648.825
533.699 650.909
533.784 652.99
534.203 655.033
534.793 657.047
535.275 659.089
535.259 661.176
534.764 663.225
534.136 665.252
533.751 667.332
533.745 669.455
534.045 671.574
534.575 673.639
535.374 675.63
536.313 677.589
536.862 679.674
536.527 681.778
535.407 683.689
534.767 685.719
534.722 687.834
534.981 689.974
535.467 692.077
535.963 694.188
536.06 696.367
536.255 698.536
536.648 700.684
537.073 702.833
537.429 704.987
537.616 707.168
537.861 709.345
538.395 711.475
539.28 713.507
540.252 715.519
541.005 717.614
541.624 719.761
542.243 721.909
543.129 723.973
544.224 725.947
545.356 727.927
546.244 730.042
547.405 732.014
548.811 733.837
550.154 735.732
551.458 737.686
552.799 739.621
553.891 741.675
554.914 743.777
556.33 745.689
557.679 747.617
559.105 749.515
560.004 751.728
561.465 753.686
562.516 755.845
563.854 757.828
565.325 759.749
566.989 761.57
567.989 763.803
569.824 765.441
571.456 767.285
573.332 768.828
575.448 770.022
577.573 771.206
579.5 772.697
581.43 774.198
583.412 775.699
585.136 777.517
586.865 779.274
588.543 781.105
589.977 783.164
591.711 784.977
593.803 786.398
595.766 787.973
597.734 789.525
599.723 791.135
602.151 792.115
604.027 793.977
606.16 795.438
608.609 796.295
611.177 796.706
613.739 797.028
616.19 797.698
618.465 798.805
620.457 800.436
622.794 801.206
625.22 801.133
627.529 800.382
629.352 798.876
630.191 796.576
631.069 794.307
631.876 792.014
633.187 790.016
634.367 788.016
635.832 786.219
637.02 784.279
638.525 782.733
639.866 781.028
641.287 779.418
641.998 777.45
642.714 775.498
643.746 773.715
644.702 771.944
645.717 770.251
647.421 769.258
649.29 768.595
651.228 768.44
653.11 769.013
655.016 769.373
656.955 769.628
658.92 769.72
660.904 769.821
662.847 770.252
664.614 771.225
666.398 772.246
668.361 772.909
670.345 773.519
672.096 774.627
673.828 775.764
675.202 777.349
676.72 778.735
678.191 780.184
679.857 781.415
681.854 782.143
683.753 783.099
685.586 784.185
687.346 785.435
689.315 786.228
691.404 786.576
693.531 786.704
695.67 786.754
697.759 787.153
699.695 788.065
701.413 789.316
702.981 790.779
704.732 791.966
705.849 793.753
706.971 795.507
708.332 797.096
709.667 798.712
711.386 799.948
712.557 801.717
714.051 803.147
715.699 804.376
717.577 805.17
719.524 805.754
721.503 806.19
723.502 806.436
725.508 806.538
727.373 807.212
728.822 808.529
729.659 810.306
730.123 812.197
730.271 814.143
730.274 816.099
730.235 818.055
730.119 820.009
729.901 821.956
729.447 823.874
729.208 825.829
729.089 827.808
729.013 829.805
728.98 831.816
728.993 833.838
728.97 835.863
728.963 837.893
728.997 839.929
728.977 841.969
728.925 844.009
728.858 846.051
728.814 848.094
728.883 850.137
728.953 852.179
729.023 854.218
729.061 856.254
729.095 858.283
729.155 860.305
729.294 862.311
729.591 864.309
729.735 866.332
729.797 868.359
729.885 870.368
730.038 872.361
730.163 874.361
730.286 876.351
730.442 878.327
730.636 880.291
730.888 882.25
731.321 884.167
731.791 886.065
732.171 887.971
732.367 889.895
732.457 891.818
732.5 893.736
732.491 895.647
732.456 897.555
732.456 899.461
732.445 901.366
732.287 903.26
731.784 905.095
730.966 906.836
729.815 908.366
728.135 909.263
726.267 909.745
724.369 910.207
722.457 910.766
720.539 911.435
718.651 912.262
716.631 912.757
714.523 912.976
712.464 913.426
710.657 914.523
708.967 915.899
707.117 917.017
705.155 917.928
703.426 919.318
701.437 920.302
699.639 921.61
697.753 922.753
695.902 924.002
693.923 924.996
691.756 925.472
689.608 926.036
687.7 927.254
685.691 928.247
683.695 929.298
681.573 930.032
679.618 931.168
677.806 932.573
675.778 933.575
673.756 934.634
671.659 935.572
669.798 936.965
667.621 937.6
665.384 937.994
663.208 938.605
661.168 939.682
659.16 940.816
657.08 941.777
655.184 943.164
652.925 943.898
651.113 945.449
649.189 946.802
647.219 948.137
645.028 949.104
642.889 950.117
641.13 951.772
639.235 953.281
637.064 954.393
635.082 955.776
633.248 957.344
631.475 959.053
629.092 959.77
627.225 961.359
625.223 962.695
623.143 963.967
621.035 965.212
619.326 967.008
617.293 968.32
615.336 969.82
613.121 970.911
611.082 972.282
609.135 973.771
607.363 975.543
605.566 977.31
603.608 978.834
601.582 980.296
599.401 981.552
597.592 983.32
595.851 985.132
593.806 986.534
591.623 987.771
589.639 989.243
588.149 991.24
586.557 993.125
584.82 994.834
583.056 996.554
581.01 998.022
579.332 999.891
577.762 1001.89
575.755 1003.45
573.902 1005.12
572.466 1007.17
570.727 1008.88
568.929 1010.49
567.12 1012.12
565.164 1013.63
563.915 1015.74
562.719 1017.88
561.404 1019.91
559.739 1021.7
558.532 1023.8
556.981 1025.7
555.406 1027.54
553.969 1029.46
552.606 1031.46
551.335 1033.5
549.655 1035.23
548.258 1037.14
546.872 1039.09
545.485 1040.97
544.412 1043.01
543.368 1045.07
542.204 1047.08
541.111 1049.1
540.192 1051.18
539.083 1053.2
538.03 1055.22
537.313 1057.38
536.749 1059.55
535.992 1061.68
535.155 1063.77
533.863 1065.66
533.179 1067.82
532.277 1069.87
531.032 1071.78
530.268 1073.86
529.812 1076.05
529.348 1078.23
528.496 1080.29
527.588 1082.35
526.753 1084.4
526.159 1086.52
525.925 1088.69
525.87 1090.87
525.725 1093.02
525.421 1095.13
524.955 1097.21
524.692 1099.29
524.483 1101.38
524.225 1103.43
523.922 1105.47
523.625 1107.5
523.628 1109.53
524.069 1111.5
524.489 1113.46
524.561 1115.44
524.279 1117.41
523.796 1119.36
523.362 1121.33
523.222 1123.36
523.361 1125.39
523.732 1127.41
524.117 1129.44
524.351 1131.5
524.464 1133.56
524.444 1135.63
524.38 1137.7
524.342 1139.77
524.327 1141.84
524.328 1143.91
524.409 1145.97
524.608 1148.01
524.964 1150.01
525.652 1151.91
526.519 1153.78
526.888 1155.79
526.872 1157.84
526.565 1159.89
526.315 1161.94
526.203 1164.01
526.314 1166.08
526.771 1168.13
526.919 1170.2
526.874 1172.29
526.812 1174.38
526.522 1176.43
526.633 1178.47
527.007 1180.47
527.406 1182.48
527.767 1184.49
528.037 1186.5
528.447 1188.47
529.066 1190.38
529.556 1192.31
529.449 1194.29
528.914 1196.22
528.315 1198.17
527.931 1200.18
528.01 1202.24
528.486 1204.27
529.274 1206.23
530.499 1207.99
531.536 1209.87
531.867 1211.98
531.772 1214.13
531.393 1216.24
530.502 1218.19
529.461 1220.06
529.096 1222.09
529.068 1224.16
529.142 1226.21
529.2 1228.25
529.199 1230.29
529.197 1232.33
529.192 1234.36
529.19 1236.4
529.298 1238.42
529.654 1240.42
529.885 1242.43
530.069 1244.46
530.307 1246.46
530.566 1248.46
530.825 1250.45
531.047 1252.44
531.129 1254.44
531.06 1256.46
531.02 1258.47
531.124 1260.49
531.42 1262.49
531.992 1264.43
532.458 1266.39
532.852 1268.35
533.262 1270.31
533.861 1272.21
534.591 1274.1
534.716 1276.1
534.552 1278.14
534.761 1280.17
534.928 1282.21
534.97 1284.28
534.99 1286.34
535 1288.41
535.002 1290.48
535.075 1292.56
534.971 1294.62
534.255 1296.62
534.464 1298.65
535.159 1300.62
535.728 1302.62
536.246 1304.65
536.529 1306.72
536.745 1308.82
537.165 1310.88
537.944 1312.85
538.887 1314.79
538.717 1316.89
537.868 1318.92
537.786 1321.03
537.981 1323.13
538.46 1325.18
539.292 1327.11
540.369 1328.9
541.292 1330.76
542.38 1332.55
543.225 1334.44
543.501 1336.51
544.035 1338.52
544.721 1340.48
545.138 1342.52
545.518 1344.57
545.898 1346.61
546.487 1348.62
547.341 1350.56
548.219 1352.48
549.013 1354.42
550.041 1356.25
551.258 1357.99
552.137 1359.91
553.435 1361.65
554.22 1363.63
555.027 1365.6
555.931 1367.56
556.67 1369.6
557.688 1371.49
559.104 1373.19
559.768 1375.3
561.078 1377.1
561.909 1379.14
563.158 1380.94
564.907 1382.38
566.58 1383.87
567.999 1385.65
569.615 1387.23
571.053 1388.96
572.515 1390.71
573.918 1392.52
575.427 1394.29
577.007 1396
578.477 1397.75
579.767 1399.67
580.933 1401.69
582.322 1403.55
583.81 1405.36
585.491 1407.04
587.463 1408.29
589.163 1409.94
591.179 1411.17
593.08 1412.52
594.75 1414.11
596.208 1415.92
597.513 1417.89
599.337 1419.35
601.34 1420.55
603.371 1421.66
605.321 1422.96
607.402 1424.01
608.924 1425.77
610.174 1427.76
611.716 1429.51
613.404 1431.16
615.364 1432.5
616.969 1434.22
618.559 1435.94
620.248 1437.57
621.818 1439.34
623.741 1440.74
625.59 1442.25
627.348 1443.85
629.324 1445.14
631.368 1446.37
633.329 1447.69
635.171 1449.19
637.382 1449.97
639.559 1450.87
641.524 1452.17
643.374 1453.59
645.104 1455.2
647.366 1455.95
649.149 1457.46
650.809 1459.07
652.468 1460.7
654.365 1462
656.234 1463.4
658.367 1464.38
660.255 1465.76
662.316 1466.77
664.448 1467.68
666.479 1468.73
668.445 1469.89
670.241 1471.34
672.215 1472.49
674.126 1473.77
676.197 1474.74
678.201 1475.8
680.096 1477.08
682.237 1477.77
684.349 1478.52
686.393 1479.45
688.434 1480.36
690.367 1481.52
692.476 1482.23
694.596 1482.89
696.482 1484.07
698.361 1485.2
700.362 1486.1
702.203 1487.34
704.324 1488.02
706.005 1489.54
707.94 1490.6
709.929 1491.57
711.868 1492.68
713.879 1493.63
716.037 1494.19
718.143 1494.87
720.068 1495.94
721.764 1497.45
723.801 1498.27
725.944 1498.8
728.03 1499.52
730.127 1500.18
732.255 1500.64
734.37 1501.08
736.429 1501.69
738.5 1502.31
740.437 1503.28
742.239 1504.49
744.076 1505.61
746.11 1506.37
748.146 1507.16
750.078 1508.19
752.013 1509.23
754.119 1509.7
756.285 1509.93
758.385 1510.45
760.329 1511.42
762.291 1512.38
764.347 1513.04
766.429 1513.51
768.455 1514.21
770.465 1514.94
772.428 1515.81
774.377 1516.66
776.339 1517.47
778.427 1517.83
780.539 1518.1
782.539 1518.8
784.424 1519.76
786.418 1520.47
788.449 1521.02
790.492 1521.44
792.504 1521.98
794.496 1522.57
796.427 1523.35
798.316 1524.22
800.305 1524.77
802.346 1525.04
804.411 1525.2
806.462 1525.46
808.474 1525.92
810.479 1526.4
812.432 1527.06
814.418 1527.56
816.301 1528.32
817.942 1529.64
819.872 1530.34
821.915 1530.71
823.967 1531.09
825.979 1531.64
827.967 1532.27
829.974 1532.79
831.961 1533.41
833.989 1533.72
836.05 1533.83
838.107 1533.96
840.074 1534.58
842.043 1535.3
843.895 1536.29
845.761 1537.18
847.738 1537.8
849.764 1538.28
851.843 1538.49
853.915 1538.71
855.95 1539.13
857.935 1539.82
859.92 1540.47
861.934 1540.99
863.926 1541.55
865.984 1541.79
868.051 1541.92
870.121 1541.99
872.186 1541.94
874.22 1542.14
876.187 1542.71
878.069 1543.53
879.898 1544.45
881.803 1545.15
883.812 1545.36
885.85 1545.4
887.88 1545.64
889.924 1545.82
891.965 1546.02
894.004 1546.24
896.045 1546.44
898.088 1546.67
900.089 1547.14
902.02 1547.86
903.972 1548.49
906.014 1548.79
908.066 1549
910.124 1549.21
912.154 1549.59
914.194 1549.8
916.247 1549.9
918.306 1550.02
920.351 1550.26
922.413 1550.39
924.465 1550.59
926.406 1551.24
928.148 1552.35
930.047 1553.04
932.065 1553.25
934.099 1553.38
936.108 1553.73
938.113 1554.06
940.126 1554.33
942.135 1554.66
944.135 1555.05
946.139 1555.46
948.154 1555.81
950.182 1556.04
952.219 1556.11
954.258 1556.15
956.283 1556.34
958.3 1556.54
960.324 1556.64
962.354 1556.79
964.386 1556.98
966.418 1557.27
968.435 1557.7
970.491 1557.88
972.561 1557.97
974.638 1558.06
976.716 1558.15
978.786 1558.13
980.825 1557.89
982.802 1557.41
984.711 1556.69
986.642 1557
988.415 1557.93
990.181 1558.94
992.035 1559.82
994.067 1560.23
996.165 1560.34
998.259 1560.34
1000.33 1560
1002.34 1559.35
1004.39 1558.95
1006.45 1559.35
1008.48 1559.85
1010.5 1560.37
1012.49 1561.01
1014.51 1561.44
1016.56 1561.72
1018.6 1562.05
1020.61 1562.52
1022.59 1563.09
1024.55 1563.7
1026.54 1564.14
1028.57 1564.34
1030.61 1564.37
1032.64 1564.33
1034.68 1564.27
1036.7 1564.16
1038.71 1563.96
1040.73 1563.73
1042.75 1563.76
1044.76 1563.96
1046.77 1564.14
1048.78 1564.17
1050.79 1564.16
1052.78 1564.18
1054.77 1564.28
1056.75 1564.42
1058.74 1564.56
1060.74 1564.63
1062.75 1564.65
1064.75 1564.64
1066.74 1564.72
1068.73 1564.92
1070.71 1565.31
1072.68 1565.77
1074.7 1565.93
1076.74 1565.89
1078.78 1565.69
1080.72 1565.07
1082.52 1563.96
1084.51 1563.33
1086.6 1563.13
1088.68 1563.05
1090.76 1563.02
1092.83 1563.03
1094.9 1563.09
1096.96 1563.17
1099.02 1563.26
1101.09 1563.3
1103.16 1563.23
1105.22 1563.12
1107.3 1563.02
1109.39 1563.04
1111.41 1563.5
1113.18 1564.63
1114.89 1565.83
1116.79 1566.66
1118.73 1567.41
1120.73 1567.97
1122.75 1568.45
1124.82 1568.71
1126.9 1568.68
1128.95 1568.41
1130.96 1567.95
1132.99 1567.7
1135.04 1567.65
1137.09 1567.52
1139.1 1567.02
1141.11 1566.52
1143.13 1566.05
1145.18 1565.78
1147.26 1565.79
1149.35 1565.89
1151.44 1565.8
1153.48 1565.26
1155.45 1564.44
1157.52 1564.1
1159.59 1564.56
1161.57 1565.45

327

951.498 1325.69
949.406 1325.27
947.322 1324.92
945.296 1324.43
943.398 1323.58
941.471 1322.8
939.468 1322.34
937.427 1322.14
935.383 1322.22
933.341 1322.39
931.293 1322.48
929.241 1322.5
927.187 1322.44
925.141 1322.26
923.125 1321.88
921.169 1321.23
919.229 1320.48
917.19 1320.02
915.199 1319.44
913.267 1318.69
911.302 1318.04
909.245 1317.76
907.19 1317.57
905.128 1317.4
903.083 1317.07
901.045 1316.78
898.997 1316.6
896.967 1316.32
894.994 1315.77
893.036 1315.14
891.042 1314.64
889.034 1314.27
887.041 1313.84
885 1313.61
882.992 1313.24
881.186 1312.19
879.244 1311.49
877.241 1310.94
875.226 1310.52
873.206 1310.15
871.16 1310
869.096 1309.96
867.036 1309.85
865.018 1309.49
863.071 1308.81
861.147 1308.06
859.267 1307.17
857.308 1306.5
855.292 1306.03
853.241 1305.78
851.177 1305.64
849.121 1305.38
847.134 1304.74
845.108 1304.2
843.059 1303.75
841.092 1303.05
839.317 1301.9
837.373 1301.12
835.375 1300.5
833.479 1299.61
831.632 1298.58
829.693 1297.79
827.623 1297.47
825.522 1297.27
823.482 1296.74
821.458 1296.1
819.465 1295.37
817.473 1294.62
815.414 1294.11
813.315 1293.89
811.191 1293.84
809.083 1293.66
807.052 1293.03
805.087 1292.13
803.169 1291.09
801.173 1290.26
799.122 1289.55
796.994 1289.04
794.936 1288.24
792.95 1287.23
791.102 1285.93
788.961 1285.23
786.754 1284.74
784.551 1284.22
782.419 1283.42
780.351 1282.46
778.326 1281.41
776.54 1279.86
774.28 1279.51
772.022 1279.11
769.866 1278.33
767.672 1277.66
765.504 1276.97
763.375 1276.16
761.392 1274.99
759.358 1273.9
757.367 1272.72
755.497 1271.32
753.578 1269.98
751.485 1268.9
749.616 1267.48
748.162 1265.65
746.868 1263.67
745.516 1261.75
743.636 1260.35
741.694 1259
739.898 1257.51
738.19 1255.84
735.871 1255.1
734.26 1253.35
732.576 1251.69
731.009 1249.92
729.811 1247.86
728.39 1245.93
727.033 1243.96
725.216 1242.34
722.982 1241.25
720.834 1239.91
718.465 1239.04
716.596 1237.4
716.001 1234.95
716.384 1232.28
716.044 1229.68
715.151 1227.17
715.465 1224.7
716.554 1222.47
718.214 1220.66
719.995 1219
721.833 1217.41
723.068 1215.37
724.204 1213.27
725.364 1211.24
726.905 1209.44
727.873 1207.3
729.402 1205.48
730.658 1203.51
732.057 1201.65
733.423 1199.74
735.217 1198.19
736.646 1196.38
738.022 1194.52
739.268 1192.59
740.553 1190.68
741.706 1188.65
743.432 1187.06
745.27 1185.6
746.557 1183.64
747.994 1181.83
749.777 1180.41
751.772 1179.26
753.955 1178.41
756.02 1177.39
757.786 1175.79
760.031 1175.06
761.957 1173.61
763.923 1172.29
765.754 1170.78
767.664 1169.34
769.434 1167.68
771.097 1165.98
772.923 1164.49
774.79 1163.02
776.574 1161.49
778.71 1160.5
780.885 1159.56
783.027 1158.53
785.063 1157.33
787.196 1156.38
789.297 1155.32
791.452 1154.37
793.697 1153.72
796.005 1153.49
798.337 1153.7
800.526 1154.54
802.56 1155.69
804.639 1156.7
806.788 1157.49
808.839 1158.43
810.785 1159.56
812.775 1160.55
814.836 1161.31
816.922 1161.97
819.025 1162.48
821.118 1163
823.178 1163.62
825.278 1164.04
827.413 1164.15
829.548 1164.18
831.68 1164.22
833.804 1164.3
835.916 1164.44
838.022 1164.57
840.13 1164.67
842.24 1164.73
844.358 1164.8
846.479 1164.96
848.594 1165.31
850.733 1165.48
852.882 1165.58
855.03 1165.74
857.129 1166.14
859.123 1166.94
860.948 1168.06
862.794 1169.14
864.769 1169.93
866.712 1170.78
868.499 1171.94
870.331 1173.01
872.17 1174.07
873.948 1175.29
875.719 1176.48
877.526 1177.61
879.392 1178.67
881.26 1179.71
883.184 1180.59
885.141 1181.4
886.992 1182.44
888.974 1183.15
891.012 1183.65
892.997 1184.34
894.967 1185.13
897.02 1185.7
899.127 1186.01
901.224 1186.35
903.236 1186.97
905.029 1188.07
906.739 1189.27
908.284 1190.7
910.043 1191.81
911.511 1193.36
913.26 1194.5
915.122 1195.44
917.084 1196.17
919.13 1196.59
921.18 1196.97
923.195 1197.48
925.167 1198.19
927.263 1198.2
929.385 1198.09
931.482 1198.71
933.62 1198.63
935.756 1198.06
937.943 1197.95
940.13 1198.37
942.314 1198.86
944.548 1198.98
946.699 1199.53
948.72 1200.44
950.701 1201.45
952.481 1202.77
954.224 1204.16
956.169 1205.22
958.179 1206.16
960.311 1206.83
962.503 1207.41
964.599 1208.24
966.593 1209.33
968.612 1210.4
970.58 1211.57
972.457 1212.88
974.202 1214.38
976.033 1215.82
977.663 1217.54
979.112 1219.39
980.557 1221.25
981.806 1223.27
983.441 1224.99
985.024 1226.71
985.929 1228.81
986.258 1231.07
986.345 1233.34
986.354 1235.59
986.378 1237.82
986.469 1240.03
986.485 1242.23
986.483 1244.42
986.568 1246.59
986.806 1248.73
987.096 1250.85
987.432 1252.97
987.657 1255.08
987.667 1257.2
987.619 1259.31
987.567 1261.42
987.446 1263.51
987.477 1265.6
987.822 1267.66
988.255 1269.7
988.599 1271.75
988.811 1273.83
988.95 1275.9
989.107 1277.98
989.43 1280.04
989.635 1282.13
989.765 1284.24
989.859 1286.36
989.884 1288.48
989.962 1290.61
990.079 1292.75
990.118 1294.9
990.128 1297.07
990.36 1299.24
990.874 1301.39
991.453 1303.54
991.669 1305.76
991.774 1308.02
991.781 1310.3
991.545 1312.58
990.7 1314.73
989.603 1316.78
988.459 1318.8
986.489 1319.94
984.313 1320.8
982.068 1321.48
979.781 1322.05
977.56 1322.76
975.383 1323.46
973.241 1324.22
971.078 1324.8
968.909 1325.32
966.73 1325.8
964.517 1326
962.307 1326.04
960.109 1326.06
957.926 1326.15
955.758 1326.13
953.613 1325.98

