CONTOUR

2

2274

1042.02 1530.48
1044 1530.49
1045.99 1530.47
1047.97 1530.35
1049.94 1530.05
1051.83 1529.44
1053.67 1528.58
1055.66 1528.23
1057.7 1528.34
1059.76 1528.53
1061.83 1528.67
1063.89 1528.87
1065.95 1528.8
1068.01 1528.54
1070.07 1528.52
1072.15 1528.74
1074.23 1528.91
1076.28 1528.56
1078.29 1528
1080.33 1528.22
1082.33 1528.86
1084.39 1528.91
1086.44 1528.97
1088.46 1529.07
1090.46 1528.84
1092.45 1528.47
1094.47 1528.42
1096.48 1528.69
1098.5 1528.95
1100.53 1529.09
1102.56 1529.14
1104.59 1529.16
1106.61 1529.13
1108.64 1529.07
1110.64 1528.83
1112.57 1528.23
1114.47 1527.57
1116.36 1526.84
1118.32 1526.38
1120.31 1526.16
1122.32 1526.24
1124.32 1526.2
1126.32 1525.96
1128.34 1525.84
1130.38 1525.78
1132.43 1525.7
1134.48 1525.54
1136.51 1525.16
1138.54 1524.9
1140.58 1524.72
1142.61 1524.47
1144.62 1524.09
1146.65 1523.9
1148.7 1523.9
1150.74 1523.92
1152.77 1523.76
1154.75 1523.29
1156.73 1522.78
1158.74 1522.48
1160.79 1522.36
1162.83 1522.14
1164.81 1521.61
1166.62 1520.57
1168.56 1519.87
1170.62 1519.73
1172.7 1519.75
1174.74 1520.1
1176.74 1520.62
1178.7 1520.09
1180.58 1519.27
1182.53 1518.62
1184.59 1518.71
1186.66 1518.88
1188.75 1518.83
1190.82 1518.62
1192.89 1518.36
1194.93 1517.96
1196.97 1517.61
1199 1517.23
1200.99 1516.73
1203.01 1516.49
1205.05 1516.25
1207.04 1515.77
1208.96 1515.07
1210.95 1514.7
1212.98 1514.52
1215.02 1514.44
1217.06 1514.37
1219.09 1514.25
1221.12 1514.06
1223.14 1513.68
1225.11 1513.2
1227.07 1512.66
1228.95 1511.86
1230.88 1511.12
1232.91 1510.72
1234.95 1510.4
1236.97 1510.02
1239.02 1509.89
1241.06 1509.83
1243.11 1509.86
1245.17 1509.79
1247.22 1509.46
1249.23 1508.86
1251.27 1508.49
1253.32 1508.16
1255.36 1507.73
1257.36 1507.13
1259.36 1506.52
1261.35 1505.9
1263.34 1505.27
1265.38 1504.92
1267.48 1505.02
1269.57 1505.01
1271.63 1504.59
1273.57 1503.76
1275.47 1502.81
1277.44 1502.05
1279.49 1501.49
1281.58 1501.16
1283.7 1500.95
1285.68 1500.25
1287.59 1499.26
1289.56 1498.49
1291.59 1497.9
1293.61 1497.32
1295.53 1496.37
1297.61 1495.91
1299.63 1495.25
1301.63 1494.51
1303.68 1494.01
1305.77 1493.72
1307.81 1493.24
1309.58 1492.04
1311.47 1491.16
1313.54 1490.8
1315.62 1490.5
1317.67 1490.1
1319.69 1489.51
1321.75 1489.04
1323.74 1488.35
1325.73 1487.61
1327.77 1486.99
1329.78 1486.32
1331.83 1485.89
1333.88 1485.47
1335.78 1484.54
1337.62 1483.44
1339.55 1482.57
1341.6 1482.03
1343.66 1481.5
1345.75 1481.04
1347.7 1480.17
1349.54 1479.06
1351.38 1477.94
1353.43 1477.3
1355.54 1476.89
1357.62 1476.42
1359.64 1475.7
1361.65 1474.91
1363.7 1474.32
1365.76 1473.76
1367.78 1473.06
1369.76 1472.24
1371.69 1471.25
1373.7 1470.47
1375.73 1469.74
1377.81 1469.2
1379.92 1468.8
1382 1468.27
1383.95 1467.33
1386 1466.58
1388.13 1466.05
1390.24 1465.45
1392.26 1464.55
1394.26 1463.56
1396.31 1462.69
1398.38 1461.85
1400.28 1460.73
1401.99 1459.26
1403.81 1457.99
1405.85 1457.1
1407.68 1455.79
1409.8 1455.01
1411.85 1454.07
1413.9 1453.19
1415.84 1452.05
1417.82 1450.98
1419.87 1450.12
1421.85 1449.12
1423.53 1447.56
1425.37 1446.2
1427.37 1445.16
1429.42 1444.24
1431.46 1443.23
1433.61 1442.5
1435.81 1441.94
1437.93 1441.13
1439.82 1439.76
1441.93 1438.74
1443.77 1437.28
1445.64 1435.94
1447.57 1434.66
1449.77 1433.93
1451.97 1433.28
1453.79 1431.83
1455.72 1430.57
1457.64 1429.25
1459.64 1428.09
1461.52 1426.73
1463.59 1425.69
1465.79 1424.94
1467.84 1423.84
1469.76 1422.51
1471.79 1421.35
1473.8 1420.08
1475.57 1418.46
1477.59 1417.21
1479.52 1415.77
1481.63 1414.63
1483.48 1413.11
1485.45 1411.77
1487.52 1410.54
1489.6 1409.33
1491.1 1407.46
1492.45 1405.43
1494.08 1403.68
1496.04 1402.29
1498.28 1401.2
1500.04 1399.46
1501.65 1397.54
1503.71 1396.14
1505.79 1394.71
1507.89 1393.39
1509.75 1391.72
1511.61 1390.04
1513.71 1388.7
1515.67 1387.2
1517.52 1385.59
1519.29 1383.83
1520.97 1382.04
1522.77 1380.48
1524.43 1378.77
1525.92 1376.9
1527.72 1375.28
1529.48 1373.58
1530.98 1371.68
1532.37 1369.72
1533.57 1367.64
1535.16 1365.8
1536.17 1363.67
1537.64 1361.81
1538.89 1359.79
1540.44 1358.05
1541.96 1356.34
1543.67 1354.78
1545.44 1353.27
1546.55 1351.24
1547.77 1349.29
1549.17 1347.51
1550.71 1345.83
1551.89 1343.88
1553.73 1342.58
1555.28 1340.99
1556.8 1339.39
1558.27 1337.72
1559.81 1336.13
1561.86 1335.21
1563.71 1333.91
1565.81 1333.26
1567.99 1332.94
1570.2 1332.64
1572.41 1332.22
1574.59 1331.57
1576.77 1330.86
1579.03 1330.43
1581.31 1330.05
1583.57 1329.5
1585.81 1328.85
1587.92 1327.82
1589.85 1326.42
1591.95 1325.29
1594.14 1324.26
1595.88 1322.62
1597.03 1320.51
1598.01 1318.31
1599.5 1316.42
1600.8 1314.44
1601.31 1312.16
1601.37 1309.82
1601.32 1307.48
1601.1 1305.18
1600.61 1302.93
1599.93 1300.73
1599.37 1298.54
1598.54 1296.44
1597.56 1294.47
1596.77 1292.44
1595.69 1290.6
1594.25 1289.07
1592.81 1287.52
1591.41 1285.93
1589.73 1284.69
1588.29 1283.27
1586.93 1281.8
1585.95 1280.09
1585.21 1278.28
1584.58 1276.45
1584.33 1274.53
1584.37 1272.6
1584.46 1270.68
1584.71 1268.77
1584.93 1266.83
1585.22 1264.91
1586.08 1263.2
1587.43 1261.8
1589.27 1261.27
1591.21 1261.08
1593.17 1260.89
1595.1 1260.49
1596.99 1259.82
1598.8 1258.9
1600.71 1258.18
1602.72 1257.87
1604.76 1257.67
1606.72 1257.14
1608.41 1255.8
1610.47 1255.16
1611.95 1253.59
1613.52 1252.18
1615.3 1250.97
1616.86 1249.54
1617.94 1247.71
1619.08 1245.96
1620.75 1244.76
1622.54 1243.74
1624.25 1242.6
1625.79 1241.29
1626.57 1239.46
1626.73 1237.43
1626.74 1235.4
1627.02 1233.39
1628.37 1231.89
1630.36 1231.2
1632.29 1230.4
1634.29 1229.99
1636.34 1229.99
1638.36 1230.44
1640.29 1231.16
1642.24 1231.94
1644.22 1232.64
1646.19 1233.34
1648.17 1234.09
1650.22 1234.72
1652.29 1235.35
1654.42 1235.68
1656.56 1235.33
1658.62 1234.66
1660.54 1233.66
1662.07 1232
1664.12 1231.39
1666.2 1230.83
1668.13 1229.93
1669.92 1228.79
1671.33 1227.08
1672.9 1225.65
1674.52 1224.29
1676.46 1223.57
1678.55 1223.53
1680.64 1223.66
1682.72 1223.73
1684.82 1223.78
1686.92 1223.83
1689.03 1223.75
1691.12 1223.7
1693.18 1223.99
1695.22 1224.6
1697.29 1224.94
1699.39 1225.11
1701.48 1225.03
1703.52 1224.45
1705.55 1223.85
1707.67 1223.8
1709.8 1224.08
1711.89 1224.69
1713.96 1225.4
1716.13 1225.81
1718.22 1226.45
1720.21 1227.5
1722.36 1228.09
1724.59 1228.37
1726.85 1228.47
1729.12 1228.37
1731.39 1228.12
1733.62 1227.64
1735.76 1226.75
1737.97 1225.99
1740.13 1225.16
1741.78 1223.5
1743.49 1221.9
1745.14 1220.27
1745.97 1218.15
1746.84 1216.02
1748.29 1214.2
1749.27 1212.18
1749.93 1210.03
1751.23 1208.11
1751.51 1205.95
1751.48 1203.77
1751.13 1201.67
1750.18 1199.74
1749.41 1197.78
1748.46 1195.93
1747.53 1194.08
1747.91 1192.22
1749.68 1191.46
1751.65 1191.74
1753.32 1192.94
1754.84 1194.31
1756.27 1195.81
1757.77 1197.26
1759.1 1198.87
1759.62 1200.9
1760.26 1202.91
1761.03 1204.9
1761.52 1206.99
1762.55 1208.85
1763.92 1210.51
1765.46 1212.03
1767.36 1213.16
1769.11 1214.52
1770.79 1215.94
1772.26 1217.7
1774.05 1219.09
1775.95 1220.43
1777.87 1221.8
1779.42 1223.63
1780.98 1225.47
1783.09 1226.64
1785.21 1227.78
1787.44 1228.67
1789.77 1229.29
1792.09 1229.99
1794.36 1230.92
1796.72 1231.56
1799.16 1231.7
1801.58 1231.56
1803.99 1231.15
1806.31 1230.33
1808.68 1229.68
1811.13 1229.49
1813.56 1229.28
1815.89 1228.54
1818.15 1227.55
1820.38 1226.53
1822.59 1225.49
1824.45 1223.87
1826.37 1222.36
1828.1 1220.68
1829.55 1218.78
1830.99 1216.86
1831.42 1214.55
1831.51 1212.15
1831.92 1209.8
1832.26 1207.51
1831.92 1205.26
1831.73 1203.08
1831.68 1200.92
1831.66 1198.81
1831.47 1196.74
1831.71 1194.71
1833.12 1193.21
1834.68 1191.9
1836.61 1191.24
1838.42 1190.31
1840.25 1189.35
1842.18 1188.5
1843.83 1187.2
1845.2 1185.58
1846.34 1183.73
1847.35 1181.8
1847.9 1179.69
1848.51 1177.56
1849.36 1175.51
1850.35 1173.53
1851.71 1171.75
1853.19 1170.04
1854.76 1168.34
1856.14 1166.52
1857.7 1164.76
1858.63 1162.63
1859.23 1160.38
1859.68 1158.08
1860.15 1155.79
1860.62 1153.51
1861.47 1151.36
1862.97 1149.55
1864.52 1147.84
1866.11 1146.13
1867.27 1144.13
1868.01 1141.94
1868.23 1139.64
1868.26 1137.33
1868.22 1135.04
1868.03 1132.77
1867.62 1130.54
1867.11 1128.34
1866.62 1126.15
1866.39 1123.95
1866.24 1121.76
1866 1119.59
1865.79 1117.44
1865.71 1115.29
1865.59 1113.14
1865.25 1111.02
1864.63 1108.95
1863.53 1107.1
1862.33 1105.28
1861.55 1103.28
1861.03 1101.18
1860.47 1099.1
1859.52 1097.18
1858.32 1095.37
1857.58 1093.36
1857.32 1091.23
1857.02 1089.12
1856.37 1087.1
1855.65 1085.07
1854.67 1083.16
1853.86 1081.19
1853.37 1079.14
1852.91 1077.09
1852.46 1075.03
1851.86 1073
1851.24 1070.97
1850.87 1068.88
1850.6 1066.78
1850.32 1064.69
1849.91 1062.62
1849.78 1060.52
1849.74 1058.41
1849.61 1056.3
1849.36 1054.18
1849.08 1052.04
1848.43 1049.95
1847.78 1047.84
1847.36 1045.68
1846.9 1043.49
1846.11 1041.4
1845.46 1039.25
1844.78 1037.09
1843.85 1035.02
1842.65 1033.08
1841.57 1031.04
1840.67 1028.88
1839.39 1026.96
1837.57 1025.44
1836.2 1023.53
1834.79 1021.65
1833.16 1020.02
1831.28 1018.6
1829.31 1017.25
1827.77 1015.43
1826.23 1013.58
1824.22 1012.28
1822.32 1010.88
1820.51 1009.39
1819.03 1007.55
1817.57 1005.69
1815.61 1004.35
1813.89 1002.77
1812.61 1000.85
1811.5 998.792
1810.55 996.608
1809.36 994.553
1807.62 992.873
1806.05 991.059
1804.85 988.942
1803.44 986.989
1801.79 985.251
1800.01 983.576
1798.32 981.856
1796.32 980.605
1794.17 979.638
1791.91 978.955
1789.7 978.175
1787.58 977.197
1785.52 976.126
1783.39 975.134
1781.48 973.741
1779.48 972.59
1777.74 971.009
1775.79 969.813
1773.55 969.285
1771.38 968.622
1769.42 967.448
1767.64 965.962
1765.76 964.645
1764.1 963.11
1762.52 961.479
1761.2 959.591
1759.51 958.034
1757.67 956.686
1756.14 955.031
1754.69 953.3
1753.4 951.419
1751.82 949.725
1750.63 947.806
1749.22 946.02
1748.23 943.981
1747.11 942.054
1745.88 940.241
1744.3 938.682
1742.87 937.015
1741.75 935.129
1741.09 933.003
1740.24 930.979
1739.01 929.152
1737.87 927.279
1737.24 925.173
1736.4 923.155
1735.18 921.321
1733.97 919.481
1733.36 917.403
1732.93 915.292
1732.28 913.255
1731.13 911.415
1730.27 909.442
1729.89 907.333
1729.55 905.236
1728.88 903.222
1728.05 901.244
1727.31 899.249
1726.38 897.326
1725.64 895.342
1725.14 893.285
1724.83 891.199
1724.56 889.115
1724.19 887.036
1723.59 885.001
1722.94 882.964
1722.38 880.916
1721.65 878.912
1721.26 876.834
1721.01 874.715
1720.54 872.63
1720.22 870.518
1719.81 868.401
1719.18 866.349
1718.25 864.383
1717.51 862.361
1717.17 860.226
1716.88 858.078
1716.41 855.98
1715.62 853.985
1714.83 851.998
1714.11 849.979
1713.51 847.943
1712.88 845.92
1711.88 844.041
1710.78 842.193
1709.83 840.277
1709.2 838.232
1708.49 836.236
1707.5 834.35
1706.44 832.492
1705.51 830.576
1704.79 828.566
1703.89 826.631
1702.88 824.729
1701.69 822.934
1701.01 820.876
1700.25 818.867
1699.04 817.093
1697.88 815.286
1697.09 813.305
1696.11 811.404
1695.53 809.351
1694.66 807.414
1693.55 805.547
1693.13 803.448
1692.78 801.352
1692.19 799.316
1691.4 797.333
1690.65 795.349
1690.13 793.311
1689.55 791.296
1689.1 789.23
1688.51 787.182
1688.23 785.064
1688.22 782.894
1687.88 780.755
1687.21 778.693
1686.41 776.667
1685.67 774.622
1685.13 772.527
1684.5 770.471
1683.62 768.508
1682.79 766.516
1682.35 764.418
1682.03 762.288
1681.63 760.168
1681.12 758.069
1680.52 755.986
1679.86 753.907
1679.29 751.786
1678.61 749.688
1678.11 747.534
1677.72 745.367
1676.97 743.303
1675.91 741.359
1674.69 739.525
1673.48 737.704
1671.94 736.104
1671.06 734.125
1669.55 732.532
1668.43 730.706
1667.14 729.024
1665.9 727.295
1665.19 725.295
1664.49 723.296
1663.7 721.316
1662.92 719.31
1662.59 717.207
1662.41 715.075
1662.3 712.929
1662.22 710.766
1662.16 708.588
1662.04 706.4
1661.93 704.2
1661.85 702.002
1661.82 699.782
1661.69 697.558
1661.19 695.386
1660.18 693.374
1658.95 691.46
1657.86 689.478
1656.66 687.546
1655.76 685.475
1655.07 683.305
1654.29 681.157
1653.51 678.999
1652.76 676.815
1651.7 674.777
1650.37 672.89
1649.17 670.89
1647.96 668.882
1646.98 666.741
1645.86 664.653
1644.88 662.506
1643.68 660.476
1642.17 658.659
1640.43 657.028
1639.04 655.067
1637.3 653.327
1635.68 651.514
1634.04 649.736
1632.48 647.868
1631.19 645.819
1629.3 644.27
1627.61 642.545
1625.76 640.983
1623.89 639.39
1622.4 637.463
1620.65 635.805
1618.93 634.123
1617.31 632.326
1615.53 630.666
1614.01 628.763
1612.57 626.832
1610.96 625.055
1609.47 623.143
1607.87 621.264
1606.69 619.148
1605.19 617.226
1604.14 615.021
1602.9 612.909
1601.39 611.006
1599.5 609.414
1597.85 607.594
1596.76 605.392
1595.49 603.344
1593.9 601.53
1592.22 599.78
1590.73 597.934
1589.01 596.349
1587.56 594.547
1586.12 592.744
1584.67 590.953
1583.66 588.878
1582.68 586.825
1581.27 585.007
1580.41 582.881
1579 581.108
1577.61 579.374
1576.15 577.709
1574.93 575.893
1573.86 573.98
1573.38 571.849
1572.43 569.968
1570.89 568.522
1569.2 567.31
1567.77 565.837
1566.92 564.029
1566.33 562.129
1565.85 560.206
1565.32 558.308
1564.96 556.363
1564.65 554.395
1564.44 552.399
1564.44 550.382
1564.64 548.381
1565.03 546.422
1565.58 544.473
1566.5 542.659
1567.58 540.897
1568.62 539.113
1569.37 537.192
1570.07 535.239
1571.03 533.384
1572.09 531.559
1572.81 529.581
1573.42 527.565
1574 525.546
1574.93 523.627
1575.83 521.684
1576.57 519.674
1577.37 517.678
1577.78 515.58
1578.2 513.479
1579.1 511.52
1580.14 509.615
1580.8 507.563
1581.6 505.577
1583.09 503.948
1584 502.064
1584.74 500.091
1585.21 498.039
1585.63 495.975
1586.37 494
1587.17 492.051
1588.08 490.136
1588.78 488.148
1589.32 486.102
1589.73 484.028
1590.36 482.005
1591.19 480.043
1591.95 478.099
1593.27 476.402
1593.8 474.378
1594.27 472.33
1595.16 470.43
1596.11 468.551
1596.65 466.522
1596.97 464.455
1597.15 462.384
1597.19 460.292
1597.27 458.195
1597.49 456.105
1597.85 454.042
1598.29 451.996
1598.86 449.983
1599.31 447.933
1599.88 445.925
1600.53 443.957
1601.1 441.983
1601.33 439.961
1601.29 437.919
1601.16 435.882
1601.56 433.895
1601.94 431.906
1602.2 429.891
1602.46 427.859
1602.81 425.827
1603.31 423.804
1603.79 421.773
1604.17 419.72
1604.32 417.64
1604.27 415.555
1604.23 413.456
1604.38 411.356
1604.62 409.26
1605.06 407.187
1605.34 405.085
1605.49 402.965
1605.63 400.828
1605.92 398.694
1606.13 396.536
1606.21 394.355
1606.11 392.168
1605.95 389.997
1605.84 387.819
1605.69 385.642
1605.3 383.483
1604.7 381.351
1604.33 379.154
1603.91 376.967
1603.17 374.843
1602.58 372.668
1601.86 370.53
1600.75 368.555
1599.79 366.509
1599.13 364.334
1598.34 362.189
1597.66 360.016
1596.98 357.815
1596.42 355.578
1595.66 353.395
1594.77 351.24
1593.81 349.113
1592.47 347.167
1591.6 345.003
1590.91 342.747
1589.54 340.78
1588.16 338.826
1586.39 337.16
1584.92 335.243
1583.5 333.231
1581.86 331.393
1580.49 329.398
1579.22 327.299
1577.91 325.216
1575.96 323.697
1574.05 322.164
1572.7 320.136
1571.29 318.191
1569.77 316.35
1567.93 314.77
1566.66 312.758
1565.08 310.952
1563.86 308.857
1562.29 307.046
1560.39 305.525
1559.14 303.442
1557.55 301.586
1556.07 299.683
1554.23 298.142
1552.14 296.908
1550.28 295.358
1548.5 293.716
1546.36 292.69
1544.2 291.735
1542.17 290.547
1539.96 290.086
1537.68 290.251
1535.44 290.242
1533.4 289.339
1531.44 288.235
1529.48 287.177
1527.26 286.832
1525.03 286.499
1522.91 285.696
1520.77 285.043
1518.61 284.534
1516.43 284.263
1514.24 284.172
1512.07 284.175
1509.9 284.191
1507.74 284.21
1505.6 284.235
1503.47 284.262
1501.34 284.269
1499.23 284.259
1497.12 284.229
1495.02 284.181
1492.93 284.146
1490.84 284.134
1488.77 284.166
1486.71 284.321
1484.69 284.623
1482.75 285.225
1480.95 286.176
1479.02 286.798
1477 286.6
1475 286.017
1472.98 285.896
1471.02 286.584
1469.04 287.016
1467.02 286.885
1465.02 286.619
1463.01 286.426
1461.26 285.459
1459.46 284.605
1457.55 284.04
1455.61 283.573
1453.64 283.139
1451.65 282.799
1449.64 282.514
1447.65 282.106
1445.68 281.68
1443.67 281.535
1441.64 281.455
1439.61 281.266
1437.62 280.825
1435.72 280.066
1433.99 278.923
1432.21 277.87
1430.28 277.134
1428.32 276.466
1426.39 275.673
1424.46 274.877
1422.43 274.412
1420.37 274.112
1418.29 273.855
1416.25 273.439
1414.33 272.603
1412.46 271.612
1410.6 270.672
1408.75 269.72
1406.84 268.849
1404.89 268.039
1402.99 267.09
1401.03 266.302
1399.07 265.54
1397.02 265.065
1394.95 264.648
1392.92 264.056
1390.93 263.404
1388.81 262.965
1387.22 261.431
1385.37 260.361
1383.47 259.395
1381.51 258.597
1379.45 258.137
1377.39 257.714
1375.35 257.183
1373.34 256.502
1371.49 255.464
1369.71 254.31
1367.78 253.454
1365.9 252.484
1364.04 251.497
1362.11 250.606
1360.13 249.874
1358.11 249.248
1356.12 248.513
1354.19 247.611
1352.31 246.558
1350.44 245.505
1348.41 244.822
1346.37 244.16
1344.52 243.07
1342.81 241.739
1340.78 241.047
1338.7 240.448
1336.63 239.796
1334.59 239.111
1332.53 238.494
1330.44 238.039
1328.37 237.609
1326.34 237.046
1324.37 236.326
1322.51 235.301
1320.67 234.274
1318.73 233.423
1316.71 232.825
1314.64 232.29
1312.54 231.809
1310.47 231.246
1308.61 230.075
1306.67 229.144
1304.59 228.628
1302.5 228.122
1300.51 227.336
1298.5 226.585
1296.46 225.982
1294.43 225.419
1292.34 225.092
1290.27 224.644
1288.29 223.839
1286.27 223.249
1284.46 222.109
1282.57 221.131
1280.62 220.328
1278.7 219.401
1276.69 218.657
1274.61 218.127
1272.51 217.656
1270.42 217.137
1268.37 216.443
1266.53 215.282
1264.72 214.044
1262.73 213.218
1260.64 212.567
1258.54 211.869
1256.47 211.099
1254.32 210.591
1252.16 210.204
1250 209.769
1247.91 209.114
1246.12 207.846
1244.23 206.769
1242.26 205.927
1240.21 205.46
1238.16 205.218
1236.11 205.523
1234.12 205.252
1232.68 203.795
1231.36 202.152
1229.48 201.295
1227.39 200.885
1225.32 200.328
1223.26 199.633
1221.1 199.248
1219.14 198.246
1217.24 197.156
1215.15 196.593
1212.99 196.212
1210.91 195.568
1208.92 194.683
1206.98 193.674
1204.85 193.188
1202.74 192.678
1200.65 192.092
1198.55 191.602
1196.47 191.059
1194.47 190.284
1192.42 189.748
1190.37 189.295
1188.34 188.83
1186.33 188.219
1184.43 187.364
1182.6 186.335
1180.66 185.57
1178.59 185.285
1176.49 185.191
1174.41 185.023
1172.4 184.462
1170.43 183.749
1168.37 183.393
1166.33 182.983
1164.72 181.476
1162.79 180.731
1160.69 180.514
1158.58 180.382
1156.49 180.085
1154.44 179.563
1152.43 178.924
1150.38 178.475
1148.3 178.217
1146.22 177.96
1144.14 177.638
1142.12 177.209
1140.06 176.961
1138.01 176.64
1135.95 176.277
1133.95 175.689
1132.02 174.896
1130.07 174.198
1128.06 173.726
1126.07 173.182
1124.06 172.754
1122.03 172.396
1120 171.961
1118.03 171.291
1116.01 170.828
1113.94 170.586
1111.88 170.381
1109.81 170.202
1107.75 170.075
1105.69 169.971
1103.64 169.766
1101.61 169.607
1099.57 169.555
1097.53 169.483
1095.5 169.298
1093.48 169.093
1091.46 168.898
1089.45 168.767
1087.43 168.865
1085.41 169.032
1083.4 168.937
1081.5 168.284
1079.66 167.437
1077.76 166.714
1075.82 166.12
1073.81 165.824
1071.77 165.773
1069.72 165.812
1067.67 165.807
1065.62 165.719
1063.6 165.46
1061.59 165.168
1059.57 165.247
1057.56 165.473
1055.54 165.547
1053.54 165.326
1051.55 164.986
1049.55 164.688
1047.54 164.385
1045.52 164.108
1043.49 163.911
1041.46 163.791
1039.42 163.754
1037.38 163.768
1035.35 163.745
1033.32 163.584
1031.32 163.199
1029.32 162.876
1027.3 162.777
1025.28 162.771
1023.26 162.694
1021.24 162.644
1019.23 162.626
1017.21 162.648
1015.19 162.694
1013.17 162.712
1011.16 162.718
1009.15 162.745
1007.14 162.705
1005.14 162.556
1003.14 162.367
1001.15 162.233
999.148 162.216
997.141 162.215
995.133 162.227
993.125 162.243
991.114 162.284
989.094 162.251
987.079 162.169
985.066 162.115
983.056 162.102
981.04 162.112
979.024 162.107
977.008 162.124
974.992 162.137
972.98 162.12
970.964 162.084
968.947 162.007
966.945 161.729
964.935 161.588
962.914 161.552
960.893 161.59
958.873 161.781
956.842 161.898
954.81 161.889
952.785 161.928
950.76 161.961
948.743 162.028
946.724 162.137
944.702 162.248
942.68 162.358
940.656 162.49
938.633 162.676
936.602 162.838
934.562 162.839
932.52 162.829
930.477 162.819
928.432 162.82
926.385 162.832
924.345 163.014
922.327 163.392
920.311 163.789
918.292 164.128
916.273 164.447
914.267 164.831
912.255 165.198
910.224 165.408
908.17 165.396
906.113 165.414
904.059 165.592
902.058 166.042
900.13 166.803
898.23 167.645
896.231 168.173
894.173 168.398
892.121 168.635
890.084 168.922
888.056 169.234
886.047 169.647
884.007 169.803
881.962 169.904
879.917 170.007
877.891 170.132
875.859 170.26
873.815 170.373
871.761 170.421
869.701 170.392
867.636 170.477
865.609 170.829
863.749 171.734
862.017 172.842
860.112 173.55
858.261 174.418
856.418 175.308
854.497 175.961
852.546 176.557
850.513 176.804
848.465 177.056
846.449 177.509
844.422 177.953
842.367 178.363
840.322 178.88
838.34 179.699
836.314 180.39
834.225 180.901
832.156 181.496
830.176 182.337
828.29 183.399
826.366 184.386
824.369 185.161
822.32 185.761
820.279 186.362
818.28 187.118
816.36 188.073
814.377 188.856
812.336 189.429
810.328 190.138
808.487 191.265
806.53 192.042
804.496 192.685
802.421 193.126
800.366 193.569
798.366 194.285
796.34 194.948
794.34 195.73
792.349 196.549
790.376 197.425
788.303 197.985
786.246 198.635
784.305 199.582
782.677 201.081
780.643 201.795
778.53 202.284
776.484 202.96
774.585 204.063
772.52 204.784
770.482 205.592
768.749 207.068
766.638 207.618
764.523 208.237
762.693 209.436
761.125 211.023
759.228 212.11
757.065 212.664
755.05 213.553
753.349 215.087
751.175 215.688
749.331 217.006
747.322 217.88
745.357 218.8
743.519 220.021
741.521 220.896
739.366 221.249
737.256 221.704
735.455 223.021
733.402 223.732
731.305 224.313
729.306 225.129
727.269 225.814
725.261 226.625
723.317 227.618
721.369 228.586
719.399 229.495
717.413 230.373
715.497 231.398
713.586 232.441
711.617 233.356
709.573 234.111
707.527 234.85
705.618 235.905
703.706 236.952
701.749 237.833
699.918 238.918
698.187 240.221
696.281 241.195
694.266 241.961
692.274 242.765
690.361 243.784
688.402 244.713
686.494 245.734
684.721 247.009
682.791 248.01
680.943 249.19
678.91 250.048
676.919 251.029
675.016 252.202
673.077 253.287
671.196 254.525
669.203 255.582
667.126 256.477
664.972 257.154
662.798 257.767
660.623 258.43
658.51 259.297
656.524 260.437
654.602 261.689
652.913 263.293
651.234 264.871
649.472 266.306
647.57 267.582
645.738 268.929
644.053 270.441
642.173 271.728
640.468 273.282
638.45 274.301
636.391 275.261
634.419 276.409
632.437 277.531
630.606 278.935
628.538 279.936
626.68 281.335
624.566 282.249
622.575 283.44
620.693 284.784
618.859 286.197
617.029 287.637
615.248 289.197
613.083 290.137
610.968 291.146
609.016 292.452
607.018 293.717
605.231 295.323
603.594 297.039
601.755 298.454
599.78 299.699
597.856 300.971
596.359 302.714
594.67 304.224
593.066 305.84
591.112 307.024
589.206 308.326
587.345 309.623
585.644 311.151
583.712 312.358
581.827 313.656
579.818 314.692
577.915 315.916
575.986 317.107
574.063 318.287
572.087 319.388
570.015 320.34
567.902 321.264
565.921 322.387
564.072 323.69
562.337 325.144
560.907 326.958
559.134 328.367
557.18 329.634
555.221 330.862
553.44 332.346
551.529 333.689
549.782 335.275
547.907 336.652
546.011 338
543.934 339.075
542.015 340.358
540.181 341.705
538.601 343.415
537.022 345.128
535.109 346.424
533.01 347.532
531.272 349.097
529.973 351.134
528.08 352.551
526.297 354.058
524.523 355.543
522.783 357.088
521.209 358.837
519.062 359.86
517.451 361.585
516.129 363.521
514.963 365.531
514.143 367.692
513.076 369.703
511.381 371.258
509.627 372.761
508.352 374.664
506.947 376.429
505.676 378.287
504.166 379.978
503.135 381.965
501.607 383.625
500.129 385.31
498.433 386.784
497.212 388.629
495.88 390.429
495.008 392.482
493.531 394.214
492.43 396.15
491.347 398.09
490.437 400.134
489.415 402.121
487.841 403.77
486.764 405.728
485.302 407.466
484.126 409.389
482.911 411.272
481.989 413.297
481.058 415.326
479.79 417.177
478.678 419.111
477.21 420.817
476.152 422.779
475.055 424.711
474.103 426.694
473.078 428.653
471.731 430.464
471.283 432.64
470.322 434.612
468.89 436.296
467.437 437.945
466.093 439.702
465.103 441.704
463.945 443.611
463.161 445.687
461.971 447.579
461.001 449.585
460.074 451.595
458.985 453.53
457.873 455.465
457.05 457.526
456.211 459.585
455.715 461.761
455.093 463.884
453.513 465.569
452.38 467.519
451.178 469.428
449.968 471.325
449.231 473.408
448.862 475.59
448.432 477.758
447.502 479.762
446.585 481.77
445.808 483.839
445.245 485.964
444.383 487.991
443.499 489.995
442.71 492.029
442.041 494.09
441.373 496.148
440.748 498.207
440.151 500.291
439.479 502.358
438.548 504.316
438.008 506.392
437.728 508.529
437.194 510.582
435.891 512.31
434.641 514.059
433.873 516.042
433.425 518.154
433.001 520.287
432.33 522.339
431.341 524.267
430.31 526.166
429.564 528.184
428.875 530.22
428.185 532.26
427.28 534.221
426.3 536.151
425.754 538.228
425.438 540.369
424.67 542.364
423.364 544.124
422.434 546.118
421.544 548.111
420.767 550.134
419.587 551.971
418.596 553.903
418.061 556.005
417.612 558.116
417.158 560.207
417.021 562.33
417.041 564.45
416.888 566.556
416.231 568.551
415.385 570.479
414.646 572.435
413.83 574.373
413.161 576.386
412.476 578.393
411.621 580.344
410.582 582.208
409.65 584.132
409.186 586.199
408.808 588.303
408.061 590.31
407.297 592.282
406.625 594.31
406.074 596.371
405.5 598.401
404.56 600.289
403.581 602.172
402.685 604.089
402.061 606.095
401.419 608.097
401.179 610.184
400.931 612.256
400.241 614.214
399.254 616.066
398.632 618.074
398.15 620.108
397.599 622.098
396.765 624.007
395.988 625.95
395.086 627.85
394.286 629.782
393.486 631.714
392.826 633.699
392.083 635.672
391.428 637.692
390.73 639.705
389.372 641.399
388.486 643.335
387.625 645.304
386.514 647.162
385.463 649.043
385.118 651.149
385.058 653.304
385.018 655.456
384.761 657.583
383.823 659.508
382.43 661.196
381.564 663.156
380.859 665.185
380.175 667.218
379.264 669.172
378.389 671.13
377.754 673.163
377.337 675.255
376.654 677.297
375.563 679.191
374.748 681.175
373.676 683.063
373.227 685.154
372.77 687.244
372.037 689.269
371.035 691.184
370.298 693.196
369.661 695.23
369.236 697.3
369.068 699.412
368.787 701.515
367.921 703.464
367.098 705.428
366.404 707.434
365.774 709.444
365.211 711.47
364.448 713.442
363.611 715.389
362.774 717.34
362.28 719.391
361.979 721.477
361.695 723.581
361.053 725.594
359.687 727.332
359.285 729.424
358.723 731.474
357.557 733.296
356.821 735.289
356.059 737.29
355.072 739.204
354.27 741.193
353.588 743.224
352.904 745.248
351.977 747.182
351.183 749.19
350.494 751.241
349.449 753.136
348.801 755.163
348.351 757.252
347.762 759.306
346.987 761.302
346.464 763.359
346.078 765.442
345.529 767.471
345.159 769.528
344.973 771.61
344.793 773.7
344.545 775.785
344.147 777.85
343.584 779.872
343.092 781.901
342.564 783.91
342.155 785.947
341.876 787.996
341.666 790.037
341.202 792.037
340.783 794.055
340.529 796.116
340.253 798.175
339.96 800.244
339.519 802.292
339.051 804.336
338.797 806.41
338.745 808.499
338.73 810.59
338.72 812.683
338.686 814.777
338.571 816.866
338.434 818.952
338.318 821.035
338.243 823.12
338.21 825.201
338.275 827.287
338.367 829.379
338.48 831.477
338.625 833.573
338.784 835.681
339.012 837.793
339.369 839.897
339.822 841.988
340.293 844.074
340.666 846.177
341.066 848.28
341.201 850.427
341.271 852.585
341.425 854.745
341.743 856.905
342.106 859.077
342.744 861.217
343.13 863.417
343.31 865.672
343.693 867.9
344.419 870.066
345.097 872.254
345.44 874.498
345.935 876.718
346.854 878.825
348.148 880.745
349.581 882.565
351.42 884.039
353.266 885.487
354.614 887.399
355.938 889.345
357.492 891.067
359.339 892.528
361.327 893.799
363.154 895.277
365.047 896.676
367.213 897.701
368.81 899.362
369.725 901.466
370.187 903.745
370.774 905.993
371.915 908.023
373.329 909.857
375.072 911.47
376.412 913.372
378.177 914.858
379.881 916.401
381.647 917.845
383.395 919.393
385.219 920.825
387.105 922.078
389.134 923.063
391.253 923.893
393.349 924.751
395.335 925.796
397.248 926.981
399.321 927.892
400.916 929.524
402.593 930.977
404.37 932.311
406.365 933.249
408.425 934.079
410.428 935.07
412.618 935.361
414.854 935.343
417.055 935.516
419.113 936.317
421.025 937.45
423.082 938.233
424.963 939.329
426.726 940.575
428.52 941.767
430.175 943.217
432.288 943.888
433.908 945.449
435.664 946.755
437.409 948.093
439.346 949.166
441.09 950.511
442.782 951.883
444.654 953.002
446.719 953.731
448.671 954.75
450.62 955.777
452.689 956.532
454.809 957.112
456.937 957.631
459.072 958.042
461.08 958.915
463.045 959.893
464.508 961.585
466.278 962.89
468.064 964.175
469.858 965.419
471.529 966.895
473.387 968.07
475.391 968.885
477.502 969.37
479.569 969.978
481.499 970.937
483.429 971.901
485.447 972.62
487.502 973.194
489.573 973.631
491.646 973.904
493.71 973.966
495.741 974.038
497.76 974.117
499.762 974.091
501.74 974.134
503.668 974.488
505.569 975.044
507.479 975.481
509.385 975.787
511.278 976.217
512.913 977.187
513.82 978.843
513.854 980.729
512.941 982.372
511.37 983.533
509.796 984.726
508.462 986.144
507.152 987.609
506.07 989.265
505.16 991.094
503.711 992.551
502.144 993.919
500.412 995.073
498.734 996.329
497.089 997.646
495.515 999.157
493.779 1000.46
492.465 1002.17
491.11 1003.85
489.831 1005.6
488.644 1007.45
487.244 1009.14
485.368 1010.36
483.971 1012.04
482.721 1013.86
481.792 1015.9
480.494 1017.73
479.097 1019.47
477.48 1021.09
476.671 1023.14
476.185 1025.32
475.607 1027.46
474.94 1029.58
474.613 1031.75
474.484 1033.93
474.31 1036.1
473.992 1038.23
473.382 1040.3
472.798 1042.37
472.135 1044.42
471.588 1046.51
471.34 1048.63
471.149 1050.76
470.579 1052.8
469.935 1054.82
469.496 1056.88
469.291 1058.96
469.066 1061.04
468.546 1063.06
467.769 1065.02
467.145 1067.02
466.764 1069.07
466.547 1071.16
466.345 1073.22
466.215 1075.29
466.129 1077.36
466.071 1079.41
466.018 1081.46
465.979 1083.52
465.921 1085.58
465.913 1087.64
465.941 1089.7
466.055 1091.75
466.143 1093.8
466.155 1095.85
466.118 1097.88
466.108 1099.91
466.148 1101.93
466.31 1103.95
466.37 1105.99
466.367 1108.02
466.383 1110.06
466.407 1112.09
466.425 1114.12
466.431 1116.15
466.404 1118.17
466.352 1120.21
466.326 1122.25
466.343 1124.29
466.477 1126.31
466.93 1128.28
467.53 1130.24
467.959 1132.24
468.176 1134.27
468.23 1136.32
468.218 1138.36
468.193 1140.4
468.17 1142.44
468.174 1144.48
468.281 1146.5
468.514 1148.51
468.8 1150.5
469.055 1152.49
469.099 1154.49
469.04 1156.49
469.151 1158.48
469.526 1160.44
469.705 1162.43
469.793 1164.43
469.91 1166.44
470.194 1168.42
470.887 1170.31
471.576 1172.2
472.079 1174.14
472.438 1176.13
472.48 1178.16
472.505 1180.19
472.656 1182.21
472.938 1184.21
473.09 1186.22
473.167 1188.23
473.205 1190.24
473.189 1192.25
473.201 1194.25
473.215 1196.26
473.209 1198.28
473.191 1200.29
473.191 1202.31
473.204 1204.32
473.306 1206.34
473.662 1208.33
473.915 1210.34
474.039 1212.37
474.109 1214.4
474.149 1216.44
474.148 1218.47
474.134 1220.5
474.164 1222.54
474.34 1224.56
474.526 1226.59
474.709 1228.62
474.923 1230.64
475.221 1232.66
475.608 1234.65
476.092 1236.62
476.561 1238.58
477.126 1240.5
477.751 1242.41
478.258 1244.35
477.923 1246.35
477.616 1248.37
477.652 1250.42
477.948 1252.48
478.005 1254.57
477.647 1256.67
477.65 1258.77
478.183 1260.83
478.607 1262.91
478.409 1265.02
478.522 1267.12
478.602 1269.23
478.429 1271.35
478.302 1273.48
478.625 1275.57
479.543 1277.5
480.62 1279.35
481.737 1281.15
482.672 1283.01
481.826 1284.96
481.089 1286.95
480.891 1289.06
480.988 1291.21
481.181 1293.37
481.587 1295.51
482.287 1297.59
482.997 1299.66
483.844 1301.71
484.51 1303.81
485.294 1305.86
486.528 1307.72
487.304 1309.79
487.717 1311.95
488.44 1314.03
489.131 1316.14
489.955 1318.18
491.08 1320.12
491.931 1322.18
492.537 1324.32
493.059 1326.48
493.673 1328.63
494.375 1330.75
495.588 1332.63
496.966 1334.42
498.407 1336.15
500.064 1337.75
501.469 1339.55
502.742 1341.45
503.709 1343.55
504.979 1345.5
505.657 1347.68
506.506 1349.79
507.577 1351.87
508.575 1354
509.755 1356.02
511.48 1357.69
513.147 1359.44
514.418 1361.5
515.931 1363.35
517.58 1365.08
519.464 1366.59
521.495 1367.92
523.001 1369.88
524.834 1371.49
526.965 1372.7
528.978 1374.05
530.529 1375.89
531.908 1377.94
533.455 1379.83
535.259 1381.53
536.516 1383.65
538.024 1385.6
539.752 1387.32
541.608 1388.9
543.58 1390.36
545.548 1391.84
546.895 1393.93
548.494 1395.79
550.225 1397.49
551.957 1399.23
554.373 1400.01
556.128 1401.82
558.112 1403.24
560.205 1404.49
562.225 1405.82
563.898 1407.59
565.54 1409.38
567.65 1410.55
569.739 1411.75
571.682 1413.12
573.445 1414.74
575.523 1415.89
577.365 1417.44
579.283 1418.81
581.144 1420.27
583.13 1421.56
584.741 1423.3
586.535 1424.78
588.367 1426.19
590.302 1427.44
592.355 1428.52
594.45 1429.52
596.263 1431.04
598.349 1432.07
600.275 1433.39
602.37 1434.37
604.457 1435.37
606.537 1436.37
608.504 1437.52
610.177 1439.15
612.322 1439.92
614.261 1441.1
616.294 1442.1
618.348 1443.04
620.312 1444.15
622.383 1445
624.439 1445.85
626.401 1446.91
628.301 1448.06
630.235 1449.13
632.258 1449.99
634.298 1450.85
636.282 1451.84
638.309 1452.7
640.329 1453.55
642.36 1454.31
644.372 1455.14
646.459 1455.76
648.335 1456.84
650.183 1457.98
652.039 1459.09
653.787 1460.37
655.696 1461.36
657.771 1461.94
659.849 1462.56
661.864 1463.37
663.761 1464.45
665.6 1465.64
667.632 1466.41
669.659 1467.19
671.63 1468.13
673.707 1468.76
675.842 1469.18
677.922 1469.78
679.681 1471.16
681.76 1471.92
683.452 1473.35
685.312 1474.46
687.233 1475.46
689.186 1476.34
691.241 1476.84
693.329 1477.21
695.408 1477.62
697.5 1477.97
699.572 1478.41
701.578 1479.13
703.636 1479.54
705.74 1479.71
707.701 1480.46
709.423 1481.74
711.389 1482.47
713.425 1483.08
715.34 1484.02
717.343 1484.72
719.372 1485.33
721.43 1485.79
723.506 1486.21
725.561 1486.8
727.436 1487.85
729.216 1489.09
731.273 1489.58
733.38 1489.9
735.426 1490.5
737.395 1491.33
739.362 1492.12
741.397 1492.71
743.406 1493.37
745.457 1493.85
747.559 1494.01
749.65 1494.26
751.626 1495
753.606 1495.75
755.583 1496.47
757.588 1497.11
759.631 1497.62
761.664 1498.16
763.744 1498.52
765.777 1499.04
767.721 1499.84
769.706 1500.47
771.729 1500.89
773.727 1501.34
775.714 1501.81
777.715 1501.91
779.714 1501.66
781.685 1501.83
783.416 1502.88
785.197 1503.84
786.767 1505.23
788.673 1505.96
790.719 1506.33
792.79 1506.62
794.84 1507.06
796.834 1507.75
798.805 1508.5
800.76 1509.32
802.782 1509.91
804.865 1510.38
806.917 1511.01
808.918 1511.8
810.906 1512.6
812.979 1513.02
815.079 1513.13
817.191 1513.21
819.289 1513.33
821.366 1513.5
823.43 1513.65
825.471 1513.53
827.444 1512.92
829.454 1512.94
831.412 1513.59
833.42 1513.9
835.455 1514
837.483 1514.15
839.499 1514.39
841.502 1514.74
843.464 1515.3
845.384 1516
847.363 1516.47
849.368 1516.76
851.396 1516.9
853.425 1517.09
855.429 1517.49
857.439 1517.82
859.468 1517.94
861.495 1517.92
863.508 1517.94
865.53 1517.96
867.545 1518.03
869.538 1518.33
871.534 1518.48
873.536 1518.59
875.415 1519.25
877.193 1520.21
879.078 1520.89
881.07 1521.11
883.09 1521.15
885.113 1521.26
887.124 1521.56
889.048 1522.25
891.042 1522.69
893.042 1523.16
895.04 1523.69
897.047 1524.14
899.101 1524.23
901.16 1524.22
903.217 1524.26
905.263 1524.39
907.303 1524.56
909.328 1524.83
911.315 1525.32
913.319 1525.73
915.355 1525.86
917.391 1525.87
919.423 1525.86
921.46 1525.88
923.498 1525.94
925.538 1526
927.578 1526.07
929.612 1526.22
931.639 1526.47
933.66 1526.77
935.674 1527.07
937.704 1527.23
939.741 1527.34
941.785 1527.46
943.826 1527.61
945.858 1527.57
947.88 1527.37
949.902 1527.25
951.92 1527.34
953.926 1527.52
955.93 1527.67
957.934 1527.73
959.93 1527.75
961.911 1527.67
963.869 1527.41
965.82 1527.1
967.773 1527.3
969.693 1527.71
971.605 1528.21
973.525 1528.75
975.499 1529.05
977.501 1529.14
979.51 1529.2
981.525 1529.25
983.548 1529.32
985.595 1529.4
987.647 1529.47
989.701 1529.56
991.736 1529.86
993.785 1530.1
995.839 1530.02
997.872 1529.76
999.86 1529.25
1001.83 1528.56
1003.88 1528.22
1005.97 1528.13
1008.06 1528.26
1010.14 1528.39
1012.15 1528.79
1014.06 1529.53
1016 1530.11
1018 1530.43
1020.02 1530.53
1022.04 1530.55
1024.07 1530.55
1026.08 1530.56
1028.09 1530.54
1030.1 1530.45
1032.08 1530.25
1034.07 1530.13
1036.06 1530.16
1038.05 1530.28
1040.03 1530.42

739

1018.42 1301.93
1016.45 1301.73
1014.51 1301.33
1012.54 1301.1
1010.56 1301.06
1008.6 1301.25
1006.65 1301.68
1004.68 1301.86
1002.71 1301.88
1000.74 1301.9
998.763 1301.97
996.779 1302.14
994.795 1302.11
992.822 1301.88
990.839 1301.72
988.829 1301.67
986.825 1301.63
984.818 1301.64
982.812 1301.72
980.824 1301.84
978.831 1301.94
976.827 1302.04
974.822 1302.22
972.814 1302.34
970.803 1302.36
968.793 1302.26
966.791 1302.01
964.771 1301.87
962.744 1301.78
960.729 1301.55
958.75 1301.06
956.738 1300.83
954.713 1300.8
952.693 1300.76
950.673 1300.67
948.651 1300.62
946.63 1300.62
944.614 1300.65
942.603 1300.7
940.596 1300.67
938.582 1300.55
936.568 1300.34
934.578 1299.96
932.605 1299.48
930.615 1299.08
928.601 1298.83
926.583 1298.69
924.562 1298.67
922.542 1298.68
920.524 1298.65
918.51 1298.56
916.498 1298.55
914.487 1298.52
912.488 1298.33
910.504 1297.88
908.48 1297.69
906.451 1297.61
904.428 1297.54
902.408 1297.46
900.377 1297.39
898.345 1297.3
896.31 1297.2
894.282 1297.05
892.277 1296.68
890.286 1296.18
888.278 1295.72
886.29 1295.19
884.275 1294.74
882.242 1294.38
880.185 1294.19
878.119 1294.1
876.054 1294
873.998 1293.86
871.958 1293.59
869.968 1293.07
867.937 1292.82
865.899 1292.67
863.864 1292.52
861.859 1292.2
859.927 1291.55
858.008 1290.87
856.023 1290.48
854.035 1290.19
852.043 1289.96
850.041 1289.79
848.033 1289.59
846.065 1289.22
844.1 1288.83
842.183 1288.2
840.24 1287.59
838.337 1286.85
836.358 1286.39
834.353 1286.07
832.329 1285.86
830.291 1285.64
828.237 1285.52
826.18 1285.46
824.122 1285.36
822.071 1285.11
820.005 1284.98
817.936 1284.87
815.856 1284.79
813.796 1284.61
811.749 1284.27
809.755 1283.67
807.775 1282.99
805.75 1282.51
803.686 1282.22
801.616 1281.98
799.579 1281.55
797.535 1281.2
795.496 1280.79
793.544 1280.03
791.665 1279.02
789.708 1278.31
787.651 1277.97
785.6 1277.68
783.618 1277.11
781.786 1276.1
779.957 1275.07
777.986 1274.42
775.96 1274.02
773.907 1273.74
771.838 1273.63
769.766 1273.56
767.697 1273.38
765.655 1273
763.695 1272.28
761.757 1271.46
759.767 1270.75
757.81 1270
755.731 1269.72
753.661 1269.4
751.684 1268.7
749.776 1267.81
747.862 1266.93
745.838 1266.37
743.781 1265.93
741.799 1265.29
740.136 1263.93
738.231 1263.08
736.245 1262.37
734.222 1261.8
732.104 1261.64
729.993 1261.35
728.056 1260.45
726.193 1259.37
724.163 1258.7
722.041 1258.33
719.927 1257.88
717.798 1257.43
715.644 1257.03
713.582 1256.24
711.504 1255.43
709.565 1254.28
707.639 1253.14
705.644 1252.13
703.651 1251.04
701.775 1249.8
700.224 1248.16
698.647 1246.56
697.294 1244.74
695.59 1243.21
693.81 1241.78
691.932 1240.51
689.902 1239.44
687.615 1239.01
685.54 1237.88
683.31 1237.1
681.57 1235.54
679.974 1233.79
678.887 1231.66
676.948 1230.25
675.078 1228.76
673.228 1227.25
671.171 1225.97
668.831 1225.14
666.789 1223.72
664.806 1222.2
662.731 1220.82
660.851 1219.11
659.466 1216.98
658.661 1214.52
657.997 1212
656.874 1209.65
655.389 1207.44
654.647 1204.94
655 1202.33
655.735 1199.8
657.31 1197.67
658.607 1195.44
659.78 1193.14
660.77 1190.77
662.009 1188.54
663.734 1186.66
665.856 1185.16
667.591 1183.26
669.134 1181.16
671.093 1179.47
672.772 1177.59
674.22 1175.53
675.863 1173.66
678.03 1172.49
680.2 1171.31
681.986 1169.65
683.174 1167.49
684.443 1165.4
685.872 1163.45
687.573 1161.67
689.169 1159.79
690.379 1157.69
691.856 1155.81
693.509 1154.09
695.363 1152.56
697.391 1151.33
699.381 1150.06
701.514 1149.12
703.564 1147.96
705.707 1147.02
707.914 1146.3
710.015 1145.38
711.896 1143.93
714.136 1143.18
715.856 1141.55
717.763 1140.25
719.676 1138.9
721.709 1137.75
723.935 1137.15
726.1 1136.37
728.179 1135.36
730.075 1133.96
732.223 1133.15
734.202 1132.02
736 1130.55
737.957 1129.28
739.733 1127.7
741.995 1126.96
744.099 1125.69
746.478 1125.6
748.873 1126.21
751.258 1126.76
753.467 1127.51
755.143 1129.1
756.981 1130.35
758.974 1131.32
760.887 1132.34
762.9 1132.96
764.936 1133.48
766.877 1134.34
768.927 1134.74
770.935 1135.21
772.956 1135.37
774.997 1135.34
777.027 1135.34
779.048 1135.29
781.057 1135.14
783.014 1134.7
784.898 1134
786.874 1133.8
788.863 1133.73
790.814 1133.45
792.634 1132.69
794.332 1131.64
795.956 1130.46
797.582 1129.27
799.177 1127.93
800.993 1126.98
802.201 1125.32
803.533 1123.77
804.769 1122.09
805.874 1120.28
807.476 1118.8
808.413 1116.85
809.06 1114.78
809.547 1112.66
810.319 1110.61
811.268 1108.62
812.341 1106.65
813.417 1104.7
815.053 1103.1
816.236 1101.12
818.142 1099.85
819.998 1098.52
821.883 1097.23
823.608 1095.64
825.635 1094.56
827.836 1093.94
830.083 1093.56
832.271 1092.97
834.475 1092.45
836.683 1091.92
838.85 1091.3
841.037 1090.81
843.23 1090.47
845.398 1090.1
847.491 1089.46
849.511 1088.64
851.337 1087.47
853.146 1086.29
855.192 1085.74
857.311 1085.55
859.423 1085.43
861.535 1085.34
863.622 1085.03
865.626 1084.45
867.581 1083.71
869.474 1082.81
871.384 1081.96
873.363 1081.38
875.416 1081.19
877.485 1081.24
879.543 1081.29
881.605 1081.27
883.669 1081.16
885.733 1080.93
887.746 1080.38
889.771 1079.86
891.839 1079.65
893.911 1079.54
895.965 1079.32
898.032 1079.01
900.056 1078.47
902.104 1078.12
904.188 1078.05
906.257 1077.75
908.283 1077.32
910.131 1076.34
911.99 1075.35
913.93 1074.56
915.922 1073.97
917.982 1073.55
919.986 1072.81
921.972 1071.92
924.076 1071.47
926.216 1071.28
928.348 1071.25
930.469 1071.31
932.527 1071.83
934.495 1072.59
936.472 1073.26
938.518 1073.33
940.486 1072.75
942.324 1071.76
944.2 1070.84
946.123 1070.02
948.189 1069.74
950.288 1069.69
952.381 1069.7
954.462 1069.7
956.537 1069.7
958.605 1069.7
960.669 1069.68
962.734 1069.7
964.8 1069.78
966.868 1069.87
968.932 1069.88
970.994 1069.93
973.027 1070.26
975.029 1070.77
977.059 1071.12
979.116 1071.02
981.153 1070.57
983.217 1070.32
985.29 1070.51
987.348 1070.93
989.429 1071.25
991.535 1071.42
993.651 1071.5
995.776 1071.64
997.915 1071.8
1000.07 1071.93
1002.23 1072.15
1004.39 1072.48
1006.46 1073.11
1007.99 1074.56
1008.68 1076.75
1009.75 1078.73
1011.63 1079.74
1013.68 1079.26
1014.94 1077.46
1015.77 1075.35
1017.34 1074.07
1019.4 1073.89
1021.48 1074.07
1023.55 1074.29
1025.58 1074.67
1027.62 1075.05
1029.68 1074.95
1031.72 1074.64
1033.75 1074.43
1035.79 1074.31
1037.81 1074.25
1039.83 1074.27
1041.86 1074.28
1043.87 1074.19
1045.87 1073.99
1047.84 1073.58
1049.84 1073.38
1051.87 1073.42
1053.87 1073.62
1055.85 1074.01
1057.83 1074.25
1059.83 1074.3
1061.83 1074.35
1063.84 1074.44
1065.85 1074.5
1067.85 1074.46
1069.83 1074.23
1071.78 1073.66
1073.77 1073.4
1075.78 1073.35
1077.78 1073.23
1079.79 1073.05
1081.81 1072.74
1083.84 1072.42
1085.88 1072.45
1087.92 1072.7
1089.93 1073.02
1091.96 1073.16
1093.97 1073.34
1095.95 1073.77
1097.96 1074.11
1099.98 1074.18
1101.99 1074.19
1104 1074.21
1106 1074.26
1108 1074.33
1110.01 1074.41
1112.03 1074.53
1114.05 1074.58
1116.08 1074.58
1118.1 1074.54
1120.12 1074.4
1122.14 1074.3
1124.16 1074.3
1126.18 1074.29
1128.21 1074.29
1130.25 1074.33
1132.3 1074.43
1134.37 1074.46
1136.44 1074.34
1138.51 1074.27
1140.6 1074.27
1142.68 1074.31
1144.76 1074.43
1146.83 1074.69
1148.88 1075.15
1150.94 1075.67
1153.04 1076.01
1155.17 1076.2
1157.31 1076.39
1159.46 1076.59
1161.59 1076.81
1163.74 1076.96
1165.9 1077.21
1168.03 1077.71
1170.16 1078.3
1172.28 1078.98
1174.53 1079
1176.78 1079.14
1179.02 1079.44
1181.24 1079.91
1183.34 1080.85
1185.57 1081.36
1187.85 1081.7
1189.9 1082.63
1191.71 1084.12
1193.59 1085.54
1195.03 1087.4
1196.47 1089.25
1197.88 1091.08
1199.53 1092.76
1201.19 1094.43
1202.74 1096.14
1204.23 1097.95
1205.96 1099.47
1207.87 1100.78
1209.83 1102.05
1211.24 1103.89
1212.3 1105.97
1213.11 1108.13
1213.92 1110.29
1215.22 1112.22
1215.65 1114.46
1215.71 1116.73
1215.86 1118.97
1216.77 1121.03
1217.51 1123.12
1218.49 1125.06
1220.05 1126.61
1221.36 1128.31
1221.86 1130.39
1222.19 1132.51
1222.79 1134.56
1223.36 1136.61
1223.88 1138.67
1225.3 1140.25
1226.65 1141.84
1227.97 1143.5
1229.24 1145.18
1230.96 1146.39
1232.49 1147.75
1234.15 1148.93
1235.62 1150.32
1236.95 1151.84
1237.95 1153.68
1239.49 1155.07
1241.16 1156.31
1242.93 1157.31
1244.75 1158.2
1246.48 1159.31
1248.46 1159.91
1250.07 1161.28
1251.95 1162.01
1253.84 1162.66
1255.7 1163.49
1257.56 1164.3
1259.48 1164.9
1261.33 1165.61
1262.8 1167.09
1264.68 1167.76
1266.63 1168.23
1268.54 1168.76
1270.39 1169.41
1272.22 1170.2
1274.16 1170.66
1276.15 1170.87
1278.18 1170.9
1280.22 1170.72
1282.27 1170.52
1284.34 1170.36
1286.43 1170.25
1288.54 1170.19
1290.67 1170.28
1292.82 1170.37
1295 1170.29
1297.18 1169.96
1299.4 1169.89
1301.64 1169.94
1303.89 1170.17
1306.14 1170.36
1308.41 1170.68
1310.49 1171.61
1312.03 1173.37
1313.41 1175.31
1314.43 1177.45
1315.98 1179.26
1317.35 1181.16
1318.57 1183.16
1319.62 1185.23
1321.23 1186.94
1322.12 1189.02
1322.72 1191.24
1323.52 1193.38
1324.33 1195.5
1324.93 1197.68
1325.64 1199.82
1326.42 1201.92
1327.28 1203.99
1328.15 1206.05
1329.24 1208.03
1329.97 1210.17
1330.85 1212.25
1332.16 1214.1
1333.33 1216.02
1333.9 1218.22
1334.42 1220.46
1335.17 1222.68
1336.15 1224.78
1337.43 1226.78
1338.28 1229
1339.42 1231.12
1340.69 1233.19
1341.63 1235.4
1342.78 1237.54
1343.61 1239.85
1343.98 1242.29
1343.83 1244.85
1343.29 1247.31
1341.71 1249.14
1339.46 1250.04
1337.06 1250.49
1334.68 1250.92
1332.42 1251.73
1330.2 1252.55
1327.97 1253.25
1325.75 1253.87
1323.55 1254.47
1321.28 1254.8
1319.16 1255.64
1317.02 1256.35
1314.85 1256.87
1312.76 1257.55
1310.95 1258.82
1309.1 1260.02
1307.03 1260.72
1304.91 1261.21
1302.8 1261.71
1300.66 1261.94
1298.52 1262.11
1296.37 1262.32
1294.3 1262.86
1292.37 1263.83
1290.44 1264.71
1288.38 1265.25
1286.35 1265.77
1284.3 1266.21
1282.25 1266.68
1280.3 1267.44
1278.4 1268.31
1276.39 1268.81
1274.33 1269.13
1272.28 1269.49
1270.24 1269.91
1268.2 1270.25
1266.17 1270.71
1264.18 1271.35
1262.31 1272.23
1260.37 1272.92
1258.35 1273.21
1256.33 1273.36
1254.31 1273.58
1252.29 1273.8
1250.3 1274.25
1248.55 1275.28
1247.07 1276.78
1245.2 1277.57
1243.19 1277.84
1241.16 1277.97
1239.12 1278.21
1237.09 1278.57
1235.09 1279.02
1233.07 1279.44
1231.08 1280
1229.13 1280.71
1227.14 1281.26
1225.09 1281.57
1223.07 1282
1221.05 1282.35
1219.01 1282.6
1216.97 1282.94
1214.96 1283.44
1213 1284.09
1210.97 1284.5
1208.95 1284.88
1206.98 1285.5
1204.96 1285.81
1202.92 1285.98
1200.88 1286.15
1198.84 1286.16
1196.78 1286.18
1194.75 1286.49
1192.81 1287.13
1190.98 1288.1
1189.05 1288.76
1187.04 1289.11
1185.02 1289.22
1182.99 1289.28
1180.95 1289.34
1178.9 1289.48
1176.86 1289.67
1174.86 1290.09
1172.88 1290.5
1170.88 1290.92
1168.93 1291.56
1167 1292.24
1164.96 1292.59
1162.93 1292.89
1160.9 1293.21
1158.89 1293.63
1156.86 1293.8
1154.81 1293.84
1152.76 1293.87
1150.71 1293.92
1148.66 1293.98
1146.6 1294.12
1144.54 1294.15
1142.48 1294.16
1140.48 1294.57
1138.58 1295.43
1136.71 1296.34
1134.72 1296.87
1132.66 1297.07
1130.6 1297.09
1128.56 1296.9
1126.52 1296.49
1124.48 1296.69
1122.48 1297.2
1120.44 1297.51
1118.43 1297.87
1116.41 1297.98
1114.38 1297.94
1112.37 1297.81
1110.36 1297.57
1108.37 1297.27
1106.37 1297.2
1104.41 1297.58
1102.46 1298
1100.48 1298.25
1098.48 1298.37
1096.49 1298.44
1094.48 1298.5
1092.46 1298.51
1090.44 1298.51
1088.42 1298.59
1086.43 1298.93
1084.49 1299.54
1082.56 1300.17
1080.56 1300.52
1078.54 1300.7
1076.53 1300.76
1074.5 1300.78
1072.48 1300.79
1070.45 1300.77
1068.43 1300.81
1066.41 1300.91
1064.42 1301.18
1062.46 1301.59
1060.46 1301.76
1058.46 1301.87
1056.44 1301.93
1054.42 1301.94
1052.41 1301.96
1050.41 1301.98
1048.4 1302
1046.39 1302
1044.39 1302.01
1042.38 1302.07
1040.38 1302.12
1038.37 1302.15
1036.36 1302.16
1034.36 1302.23
1032.35 1302.26
1030.35 1302.16
1028.35 1302.05
1026.36 1302.02
1024.36 1302
1022.38 1302.03
1020.39 1302.02

