CONTOUR

2

2235

957.827 1532.8
959.827 1532.76
961.79 1532.46
963.683 1531.84
965.605 1531.32
967.597 1531.27
969.593 1531.43
971.588 1531.48
973.586 1531.35
975.584 1531.24
977.572 1531.04
979.55 1530.75
981.525 1530.42
983.49 1530.04
985.438 1529.53
987.38 1528.99
989.347 1528.49
991.357 1528.17
993.398 1528.16
995.417 1528.51
997.433 1528.86
999.472 1529.04
1001.47 1529.42
1003.47 1529.81
1005.48 1529.92
1007.49 1529.7
1009.51 1529.5
1011.53 1529.43
1013.55 1529.37
1015.57 1529.3
1017.56 1529.16
1019.52 1528.81
1021.48 1528.45
1023.47 1528.47
1025.47 1528.72
1027.48 1528.7
1029.45 1528.31
1031.36 1527.56
1033.31 1526.97
1035.36 1526.85
1037.41 1526.81
1039.45 1526.66
1041.49 1526.52
1043.53 1526.41
1045.56 1526.24
1047.6 1526.13
1049.65 1526.01
1051.68 1525.83
1053.71 1525.6
1055.7 1525.19
1057.7 1524.81
1059.72 1524.56
1061.75 1524.35
1063.78 1524.11
1065.77 1523.64
1067.76 1523.11
1069.77 1522.72
1071.8 1522.56
1073.85 1522.45
1075.88 1522.23
1077.88 1521.93
1079.86 1521.49
1081.88 1521.28
1083.91 1521.22
1085.94 1521.11
1087.92 1520.61
1089.86 1519.93
1091.82 1519.33
1093.77 1518.65
1095.76 1518.17
1097.79 1517.93
1099.82 1517.85
1101.87 1517.83
1103.93 1517.78
1105.99 1517.7
1108.07 1517.58
1110.12 1517.32
1112.11 1516.81
1114.13 1516.45
1116.13 1516.01
1118.08 1515.37
1120.04 1514.78
1122.05 1514.46
1124.08 1514.28
1126.09 1513.97
1128.07 1513.48
1130.09 1513.22
1132.1 1513.04
1134.06 1512.56
1135.92 1511.74
1137.83 1511.04
1139.81 1510.56
1141.84 1510.31
1143.86 1510.08
1145.89 1509.92
1147.93 1509.83
1149.96 1509.66
1151.96 1509.2
1153.99 1508.77
1156.07 1508.59
1158.13 1508.28
1160.1 1507.56
1162.08 1506.86
1164.13 1506.43
1166.17 1506
1168.18 1505.44
1170.26 1505.2
1172.36 1505.12
1174.36 1504.62
1176.09 1503.43
1177.95 1502.48
1180.01 1502.09
1182.04 1501.75
1184.03 1501.25
1186.06 1500.83
1188.11 1500.52
1190.13 1500.1
1192.1 1499.41
1194.07 1498.78
1196.11 1498.41
1198.15 1498.04
1200.12 1497.41
1202.19 1497.1
1204.24 1496.7
1206.25 1496.09
1208.13 1495.09
1210.11 1494.37
1212.19 1494.03
1214.28 1493.77
1216.33 1493.27
1218.36 1492.67
1220.34 1491.94
1222.27 1491.02
1224.32 1490.5
1226.42 1490.15
1228.43 1489.45
1230.18 1488.01
1232.34 1488.17
1234.49 1488.14
1236.52 1487.43
1238.47 1486.5
1240.4 1485.53
1242.49 1484.96
1244.61 1484.52
1246.74 1484.14
1248.87 1483.75
1250.96 1483.16
1253.05 1482.57
1255.11 1481.88
1257.09 1481.06
1258.87 1479.91
1260.59 1478.63
1262.4 1477.49
1264.51 1477.15
1266.62 1476.82
1268.67 1476.26
1270.59 1475.32
1272.51 1474.34
1274.57 1473.86
1276.71 1473.67
1278.77 1473.23
1280.49 1471.89
1282.41 1470.91
1284.46 1470.26
1286.51 1469.65
1288.46 1468.79
1290.41 1467.87
1292.33 1466.84
1294.34 1466.07
1296.36 1465.37
1298.34 1464.51
1300.05 1463.09
1302.02 1462.18
1304.07 1461.47
1306.2 1460.91
1308.26 1460.18
1310.11 1458.99
1311.97 1457.81
1314.15 1457.34
1316.27 1456.78
1318.17 1455.67
1319.92 1454.24
1321.99 1453.4
1324.16 1452.88
1326.31 1452.26
1328.41 1451.42
1330.56 1450.71
1332.71 1450
1334.77 1449.06
1336.68 1447.81
1338.7 1446.8
1340.45 1445.31
1342.48 1444.33
1344.57 1443.41
1346.64 1442.48
1348.65 1441.47
1350.47 1440
1352.67 1439.35
1354.44 1437.89
1356.38 1436.79
1358.33 1435.71
1360.3 1434.63
1362.33 1433.6
1364.02 1431.98
1366.21 1431.25
1368.07 1429.91
1370.15 1429.01
1372.25 1428.15
1374.21 1427
1376.25 1426
1378.22 1424.84
1380.04 1423.42
1381.74 1421.82
1383.81 1420.86
1385.97 1420.07
1387.91 1418.82
1389.83 1417.56
1391.58 1415.98
1393.76 1415.11
1395.41 1413.45
1397.25 1412.07
1399.22 1410.83
1401.18 1409.59
1402.75 1407.83
1404.91 1407.01
1406.97 1405.93
1408.71 1404.5
1410.47 1403.08
1412.18 1401.6
1413.62 1399.82
1415.52 1398.56
1417.28 1397.09
1419.05 1395.67
1420.73 1394.14
1422.34 1392.53
1424.22 1391.23
1426.11 1389.86
1427.99 1388.53
1429.55 1386.78
1431.42 1385.41
1433.17 1383.88
1434.76 1382.26
1436.34 1380.64
1437.83 1378.93
1439.56 1377.43
1441.23 1375.82
1442.94 1374.34
1444.62 1372.81
1446.21 1371.19
1447.73 1369.46
1449.3 1367.73
1450.91 1366.07
1452.53 1364.46
1453.95 1362.68
1455.66 1361.13
1457.27 1359.46
1458.52 1357.5
1459.97 1355.73
1461.37 1353.92
1462.84 1352.14
1464.5 1350.6
1465.93 1348.87
1467.53 1347.25
1469.1 1345.63
1470.31 1343.72
1471.54 1341.85
1472.94 1340.1
1474.27 1338.31
1475.44 1336.41
1476.28 1334.35
1476.76 1332.19
1477.29 1330.04
1478.23 1328.06
1479.69 1326.43
1481.23 1324.83
1482.42 1323.01
1483.76 1321.3
1485.06 1319.54
1485.85 1317.52
1486.61 1315.5
1487.3 1313.44
1487.63 1311.31
1487.94 1309.17
1489.28 1307.4
1490.36 1305.53
1491.23 1303.57
1492 1301.56
1492.44 1299.47
1492.84 1297.39
1493.34 1295.33
1493.25 1293.23
1492.92 1291.11
1493.47 1289.07
1494.12 1287.07
1494.86 1285.1
1495.93 1283.27
1497.03 1281.48
1497.79 1279.52
1498.55 1277.53
1499.11 1275.49
1499.56 1273.42
1499.87 1271.33
1500.02 1269.21
1500.03 1267.09
1499.92 1264.98
1499.76 1262.87
1499.85 1260.78
1500.12 1258.71
1500.3 1256.64
1500.32 1254.58
1500.3 1252.51
1500.29 1250.46
1500.24 1248.41
1500.17 1246.35
1500.26 1244.3
1500.43 1242.25
1500.6 1240.21
1500.88 1238.19
1501.1 1236.15
1501.29 1234.12
1501.48 1232.09
1501.76 1230.07
1501.93 1228.05
1502.09 1226.03
1502.16 1224.01
1502.07 1222.01
1501.8 1220.04
1501.39 1218.09
1501.72 1216.15
1502.66 1214.37
1503.56 1212.56
1503.79 1210.56
1503.51 1208.54
1503.24 1206.51
1503.36 1204.47
1503.61 1202.44
1504.03 1200.42
1504.99 1198.55
1505.76 1196.6
1506.18 1194.56
1506.25 1192.45
1506.08 1190.36
1505.57 1188.34
1504.55 1186.48
1504.22 1184.45
1504.58 1182.38
1504.34 1180.33
1504.36 1178.29
1504.76 1176.28
1504.95 1174.24
1505.09 1172.21
1505.27 1170.18
1505.53 1168.15
1505.71 1166.15
1505.09 1164.22
1504.22 1162.34
1504.17 1160.34
1505.05 1158.45
1505.67 1156.52
1506.05 1154.51
1506.32 1152.48
1506.58 1150.43
1506.72 1148.37
1506.79 1146.3
1506.82 1144.24
1506.81 1142.17
1506.78 1140.11
1506.72 1138.05
1506.62 1135.99
1506.56 1133.94
1506.59 1131.89
1506.64 1129.85
1506.67 1127.81
1506.61 1125.78
1506.33 1123.77
1505.82 1121.82
1504.85 1120.07
1503.44 1118.5
1502.97 1116.56
1503.5 1114.57
1504 1112.59
1503.85 1110.55
1504.01 1108.56
1504.97 1106.8
1505.8 1105.02
1505.97 1103.11
1505.94 1101.21
1505.94 1099.33
1506.02 1097.48
1506.22 1095.67
1506.41 1093.9
1506.58 1092.15
1506.85 1090.41
1507.44 1088.79
1508.61 1087.6
1510.22 1087.49
1511.24 1088.78
1511.45 1090.52
1511.44 1092.31
1511.38 1094.15
1511.2 1096.02
1511.1 1097.95
1511.05 1099.92
1510.95 1101.94
1511.15 1103.99
1511.68 1106.05
1512.6 1108.06
1512.76 1110.24
1512 1112.39
1511.44 1114.58
1511.69 1116.82
1512.64 1118.88
1514.11 1120.56
1515.67 1122.16
1517.39 1123.59
1519.27 1124.83
1521.4 1125.55
1523.61 1125.94
1525.73 1126.71
1527.84 1127.54
1530 1128.26
1532.19 1128.9
1534.4 1129.39
1536.59 1129.94
1538.82 1130.32
1541.06 1130.64
1543.32 1130.96
1545.61 1131.03
1547.89 1130.85
1550.16 1130.64
1552.44 1130.45
1554.69 1130.18
1556.84 1129.51
1558.68 1128.09
1560.78 1127.36
1562.94 1126.83
1565.01 1126.06
1567.11 1125.43
1569.21 1124.79
1571.36 1124.42
1573.55 1124.25
1575.76 1124.29
1577.97 1124.31
1580.18 1124.07
1582.37 1123.59
1584.54 1122.95
1586.75 1122.52
1589.01 1122.23
1591.24 1121.77
1593.37 1121
1595.36 1119.87
1597.38 1118.86
1599.19 1117.45
1600.96 1116.11
1602.54 1114.58
1604.12 1113.07
1605.36 1111.32
1606.01 1109.24
1606.82 1107.24
1607.48 1105.21
1607.64 1103.1
1607.91 1101.03
1609.21 1099.4
1610.81 1098.1
1612.81 1097.67
1614.83 1097.46
1616.78 1096.96
1618.59 1095.99
1620.54 1095.42
1622.4 1094.55
1624.23 1093.59
1626.25 1093.11
1628.33 1092.83
1630.42 1092.62
1632.54 1092.41
1634.68 1092.29
1636.84 1092.3
1639.02 1092.36
1641.22 1092.34
1643.43 1092.14
1645.62 1091.64
1647.78 1090.93
1649.96 1090.26
1652.06 1089.36
1653.86 1087.85
1655.97 1086.89
1657.94 1085.54
1659.86 1084.15
1661.49 1082.36
1663.43 1080.94
1665.34 1079.44
1666.95 1077.64
1668.67 1075.95
1670.32 1074.18
1671.79 1072.22
1673.64 1070.57
1675.01 1068.55
1676.27 1066.45
1676.87 1064.11
1677.03 1061.68
1677.04 1059.27
1676.97 1056.87
1676.81 1054.5
1676.55 1052.15
1675.97 1049.89
1674.92 1047.8
1674.05 1045.67
1673.3 1043.56
1671.95 1041.74
1671.04 1039.69
1669.58 1038.06
1668.11 1036.52
1666.57 1035.02
1665.46 1033.24
1664.38 1031.45
1663.87 1029.47
1663.64 1027.44
1663.38 1025.43
1662.86 1023.45
1662.9 1021.46
1663.77 1019.67
1665.24 1018.2
1666.21 1016.41
1667.34 1014.71
1668.42 1012.95
1669.37 1011.12
1670.57 1009.4
1671.59 1007.55
1673.08 1006.03
1674.52 1004.53
1675.88 1002.96
1677.07 1001.26
1678.03 999.367
1679.28 997.622
1680.29 995.767
1680.89 993.743
1680.85 991.637
1680.74 989.52
1680.86 987.404
1681.22 985.335
1681.84 983.351
1682.95 981.594
1684.38 980.069
1685.76 978.495
1687.36 977.108
1688.64 975.421
1689.98 973.765
1691.44 972.252
1693.04 970.876
1694.93 969.88
1696.76 968.831
1698.59 967.774
1700.67 967.519
1702.76 967.158
1704.55 965.92
1706.56 965.301
1708.62 964.759
1710.71 964.388
1712.85 964.148
1714.97 963.665
1717.06 962.99
1719.23 962.672
1721.42 962.61
1723.63 962.611
1725.85 962.51
1728.03 962.054
1730.14 961.371
1731.91 959.963
1733.75 958.732
1735.47 957.263
1737.25 955.875
1738.58 954.086
1739.65 952.115
1740.36 949.993
1740.84 947.829
1741.34 945.665
1742.16 943.569
1743.66 941.959
1745.82 941.393
1748.03 941.108
1750.22 940.726
1752.4 940.147
1754.54 939.354
1756.7 938.605
1758.88 937.964
1761.06 937.341
1763.21 936.597
1765.15 935.402
1766.56 933.568
1767.97 931.7
1768.98 929.626
1769.28 927.352
1769.31 925.036
1769.27 922.724
1769.16 920.41
1769.06 918.088
1769.13 915.772
1769.27 913.47
1769.31 911.173
1769.06 908.904
1768.38 906.713
1767.79 904.507
1767.17 902.325
1766.47 900.158
1765.9 897.981
1765.36 895.833
1764.55 893.761
1763.63 891.753
1762.66 889.766
1761.76 887.776
1760.61 885.898
1760.04 883.824
1760.74 881.733
1761.65 879.68
1761.83 877.46
1761.69 875.211
1761.2 873.014
1759.85 871.075
1759.25 868.804
1757.69 867.056
1756.36 865.202
1755.18 863.215
1754.04 861.203
1752.51 859.467
1751.21 857.578
1749.62 855.871
1748.1 854.168
1746.7 852.393
1745.42 850.506
1743.87 848.774
1743.68 846.551
1743.62 844.292
1743.07 842.138
1741.91 840.158
1741.06 838.051
1740.11 836.005
1738.79 834.152
1737.44 832.312
1735.64 830.836
1734.31 828.93
1732.86 827.125
1731.39 825.349
1730.03 823.465
1729.26 821.28
1728.48 819.094
1727.33 817.087
1725.87 815.25
1724.85 813.111
1723.44 811.29
1721.5 810.034
1719.35 809.091
1717.4 807.769
1715.39 806.571
1713.4 805.345
1711.35 804.2
1709.43 802.823
1707.59 801.377
1705.9 799.702
1703.81 798.557
1702.21 796.837
1700.69 795.063
1699.12 793.333
1697.72 791.459
1696.6 789.383
1695.42 787.364
1693.73 785.667
1692.6 783.591
1691.39 781.58
1689.73 779.963
1687.79 778.64
1685.93 777.276
1684.53 775.438
1683.15 773.577
1681.46 772.07
1679.55 770.766
1677.7 769.417
1676.45 767.495
1675.2 765.586
1673.65 763.977
1671.79 762.672
1670.07 761.285
1668.86 759.444
1667.88 757.456
1666.69 755.609
1665.47 753.776
1663.98 752.113
1663.18 750.074
1662.11 748.184
1661.59 746.115
1661.26 743.981
1660.48 741.99
1659.52 740.086
1658.64 738.142
1657.91 736.147
1657.32 734.101
1657.06 731.979
1656.74 729.859
1656.36 727.735
1655.99 725.598
1655.78 723.429
1655.61 721.245
1655.34 719.057
1655.12 716.844
1654.63 714.684
1654 712.555
1653.63 710.389
1653.26 708.228
1652.26 706.308
1650.6 704.801
1649.19 703.109
1647.8 701.366
1646.26 699.842
1644.67 698.394
1643.09 696.974
1641.71 695.343
1640.73 693.428
1639.41 691.76
1638.23 689.985
1637.67 687.936
1637.24 685.871
1637.02 683.776
1636.77 681.683
1636.37 679.61
1635.75 677.577
1635.12 675.544
1634.57 673.496
1633.92 671.477
1633.19 669.482
1632.23 667.567
1631.71 665.497
1631.19 663.442
1630.38 661.455
1630.03 659.365
1629.84 657.253
1629.45 655.171
1628.95 653.094
1628.51 650.993
1627.85 648.959
1626.87 647.025
1625.8 645.143
1624.29 643.545
1623.24 641.647
1622.13 639.773
1621.25 637.806
1620.73 635.728
1620.27 633.629
1619.61 631.582
1618.8 629.589
1618.14 627.539
1617.37 625.523
1616.22 623.651
1615.85 621.55
1615.74 619.399
1615.45 617.268
1614.84 615.194
1614.2 613.1
1613.88 610.932
1613.74 608.724
1613.52 606.509
1613.32 604.276
1612.85 602.073
1612.05 599.959
1611.01 597.95
1609.93 596.014
1608.71 594.158
1607.6 592.237
1606.57 590.335
1605.49 588.485
1604.3 586.743
1602.64 585.41
1601.25 583.833
1599.66 582.508
1598.69 580.719
1598.11 578.768
1597.79 576.744
1597.4 574.727
1597.08 572.677
1596.81 570.603
1596.54 568.502
1596.22 566.395
1595.75 564.286
1595.23 562.16
1594.89 559.98
1594.72 557.763
1594.67 555.519
1594.6 553.258
1594.4 550.987
1594.03 548.737
1593.34 546.549
1592.14 544.521
1591.79 542.218
1591.19 539.98
1590.39 537.791
1589.7 535.57
1588.82 533.458
1587.59 531.548
1586.33 529.66
1585.24 527.655
1583.74 525.934
1582.18 524.333
1580.58 522.796
1578.8 521.505
1577.1 520.079
1575.29 518.826
1574.46 516.777
1573.79 514.656
1573.39 512.448
1572.78 510.28
1572.16 508.097
1570.77 506.382
1568.81 505.37
1566.7 504.693
1564.5 504.291
1562.31 503.893
1560.19 503.268
1558.07 502.9
1556.05 502.234
1554.01 501.988
1552.03 502.514
1550.07 503.022
1548.21 502.394
1546.52 501.396
1545.1 500.114
1544.09 498.499
1543.9 496.609
1544 494.709
1543.7 492.849
1543.21 491.043
1542.62 489.267
1542.27 487.435
1542.44 485.588
1543.14 483.84
1544.21 482.259
1545.21 480.639
1545.93 478.841
1546.51 476.955
1547.08 475.036
1547.75 473.12
1548.16 471.126
1548.39 469.089
1548.64 467.046
1548.89 464.999
1549.13 462.941
1549.26 460.85
1549.42 458.74
1549.71 456.618
1550.55 454.643
1551.56 452.742
1552.44 450.802
1553.07 448.767
1553.24 446.645
1553.24 444.512
1553.24 442.379
1553.27 440.246
1553.33 438.1
1553.2 435.957
1552.72 433.846
1552.42 431.714
1552.49 429.566
1552.42 427.416
1552.24 425.273
1551.93 423.136
1552.11 420.997
1552.85 418.93
1553.18 416.789
1553.11 414.626
1552.72 412.505
1551.95 410.473
1551.04 408.49
1549.97 406.561
1549.63 404.413
1549.49 402.243
1549.21 400.121
1548.58 398.054
1547.74 396.067
1546.72 394.153
1545.8 392.196
1544.85 390.267
1543.76 388.409
1542.7 386.542
1541.66 384.683
1540.77 382.748
1539.91 380.808
1538.99 378.883
1538.25 376.898
1537.48 374.92
1536.96 372.838
1536.21 370.812
1535.98 368.681
1536.02 366.516
1536.01 364.344
1535.87 362.163
1535.47 360
1534.81 357.888
1534.25 355.739
1533.9 353.546
1533.49 351.351
1532.89 349.188
1532.21 347.026
1531.3 344.927
1530.55 342.735
1529.58 340.653
1527.98 338.907
1527.08 336.753
1525.44 335.012
1524.29 332.924
1522.89 331.01
1521.42 329.179
1519.75 327.462
1518.08 325.773
1516.24 324.352
1514.3 323.074
1512.21 322.1
1510.09 321.3
1507.92 320.708
1505.72 320.18
1503.57 319.55
1501.37 319.178
1499.35 318.253
1497.4 317.218
1495.32 316.615
1493.22 316.072
1491.21 315.28
1489.19 314.596
1487.09 314.243
1485.01 313.853
1483.08 313.06
1481.5 311.593
1479.87 310.17
1479.15 308.162
1478.25 306.221
1477.42 304.244
1476.48 302.288
1475.46 300.367
1474.46 298.415
1473.55 296.401
1472.49 294.425
1471.41 292.431
1470.29 290.44
1469.25 288.371
1468.03 286.401
1466.65 284.538
1465.25 282.683
1463.49 281.085
1461.93 279.274
1460.82 277.161
1459.58 275.133
1458.28 273.134
1457.16 270.984
1455.6 269.077
1453.82 267.375
1452.27 265.511
1450.85 263.515
1449.45 261.502
1447.51 259.997
1445.58 258.465
1443.96 256.649
1442.48 254.696
1441.17 252.585
1439.35 250.9
1437.27 249.49
1435.66 247.567
1434.1 245.614
1432.02 244.244
1430.02 242.825
1428.15 241.319
1426.36 239.681
1424.22 238.534
1422.66 236.72
1421.02 234.992
1419.33 233.344
1417.7 231.594
1415.71 230.28
1413.87 228.778
1412.17 227.164
1410.26 225.811
1408.34 224.474
1406.44 223.14
1404.82 221.426
1403 220.001
1401.17 218.59
1399.26 217.268
1397.32 215.984
1395.32 214.82
1393.61 213.227
1391.63 212.033
1389.65 210.824
1387.6 209.772
1385.75 208.378
1383.77 207.212
1382.07 205.649
1380.2 204.373
1378.29 203.134
1376.27 202.093
1374.26 201.032
1372.31 199.841
1370.16 199.115
1368.1 198.143
1366.08 197.143
1364.08 196.127
1362.1 195.05
1359.97 194.316
1357.93 193.433
1356.25 191.871
1354.18 191.044
1352.12 190.175
1350.2 189.047
1348.35 187.851
1346.46 186.699
1344.41 185.871
1342.37 184.999
1340.5 183.768
1338.42 183.027
1336.31 182.389
1334.2 181.787
1332.13 181.056
1330.14 180.16
1328.19 179.157
1326.16 178.39
1324.04 177.964
1321.86 177.666
1319.71 177.259
1317.63 176.535
1315.71 175.443
1313.83 174.311
1311.83 173.442
1309.81 172.602
1307.77 171.831
1305.7 171.125
1303.57 170.691
1301.41 170.464
1299.26 170.314
1297.12 170.249
1294.99 170.276
1292.87 170.318
1290.76 170.229
1288.67 169.91
1286.61 169.391
1284.52 169.174
1282.4 169.149
1280.28 169.168
1278.15 169.179
1276.03 169.174
1273.91 169.196
1271.8 169.403
1269.72 169.819
1267.62 170.07
1265.52 170.261
1263.44 170.472
1261.35 170.713
1259.26 170.956
1257.18 171.189
1255.09 171.35
1253.02 171.694
1251 172.197
1248.98 172.692
1247.04 173.405
1245.02 173.863
1242.99 174.288
1241.01 174.896
1239.14 175.747
1237.22 176.53
1235.22 176.968
1233.19 177.178
1231.2 177.552
1229.25 178.02
1227.33 178.539
1225.48 179.254
1223.66 180.036
1221.8 180.644
1219.92 181.08
1218.03 181.245
1216.14 181.024
1214.26 180.652
1212.37 180.242
1210.5 179.699
1208.62 179.077
1206.73 178.503
1204.78 178.213
1202.8 177.997
1200.82 177.67
1198.86 177.076
1196.91 176.405
1194.94 175.777
1192.89 175.44
1190.83 175.103
1189.21 173.658
1187.3 172.842
1185.28 172.291
1183.32 171.523
1181.36 170.763
1179.31 170.312
1177.25 169.97
1175.23 169.445
1173.17 169.16
1171.1 169.009
1169.06 168.647
1167.11 167.924
1165.17 167.167
1163.28 166.318
1161.3 165.797
1159.28 165.485
1157.25 165.315
1155.22 165.306
1153.2 165.36
1151.18 165.283
1149.17 164.965
1147.17 164.54
1145.17 164.08
1143.21 163.426
1141.21 162.864
1139.15 162.55
1137.07 162.376
1134.99 162.2
1132.92 162.134
1130.84 162.093
1128.76 162.102
1126.69 162.137
1124.61 162.157
1122.55 162.158
1120.49 162.152
1118.44 162.139
1116.39 162.119
1114.34 162.072
1112.29 161.955
1110.28 161.674
1108.26 161.546
1106.22 161.496
1104.19 161.403
1102.17 161.227
1100.15 161.181
1098.13 161.17
1096.11 161.16
1094.08 161.128
1092.04 161.107
1090.01 161.014
1087.97 160.787
1085.94 160.485
1083.92 160.15
1081.9 159.766
1079.88 159.756
1077.91 160.281
1075.92 160.624
1073.98 160.254
1072.19 159.307
1070.41 158.363
1068.47 157.863
1066.45 157.744
1064.43 157.808
1062.45 158.366
1060.42 158.692
1058.56 157.714
1056.64 156.943
1054.64 156.393
1052.57 156.009
1050.51 155.591
1048.43 155.279
1046.33 155.181
1044.24 155.197
1042.16 155.312
1040.09 155.541
1038.04 155.855
1036 156.168
1033.95 156.36
1031.9 156.343
1029.85 156.263
1027.8 156.294
1025.77 156.407
1023.75 156.541
1021.77 156.898
1019.95 157.706
1018.39 159.095
1016.47 159.629
1014.44 159.34
1012.42 158.843
1010.41 158.264
1008.38 157.793
1006.31 157.589
1004.23 157.512
1002.14 157.489
1000.07 157.501
997.997 157.525
995.934 157.483
993.881 157.331
991.832 157.218
989.795 157.261
987.759 157.267
985.721 157.331
983.69 157.509
981.674 157.715
979.654 157.811
977.63 157.843
975.603 157.842
973.579 157.826
971.558 157.831
969.54 157.835
967.525 157.818
965.517 157.859
963.528 158.103
961.592 158.646
959.676 159.256
957.718 159.718
955.704 159.751
953.687 159.595
951.661 159.517
949.63 159.677
947.629 160.112
945.657 160.71
943.641 161.138
941.592 161.319
939.534 161.24
937.484 161.172
935.443 161.313
933.425 161.532
931.403 161.644
929.383 161.746
927.367 161.936
925.356 162.154
923.334 162.307
921.304 162.449
919.269 162.583
917.231 162.712
915.198 162.918
913.179 163.256
911.159 163.583
909.131 163.885
907.103 164.147
905.071 164.3
903.038 164.414
901.013 164.562
898.992 164.76
896.981 165.044
895.01 165.563
892.997 165.867
890.986 166.13
889.025 166.625
887.136 167.374
885.226 168.107
883.281 168.707
881.275 169.018
879.237 169.078
877.19 169.114
875.145 169.182
873.102 169.317
871.08 169.693
869.038 170.003
866.975 170.169
864.893 170.265
862.818 170.468
860.767 170.862
858.755 171.486
856.789 172.228
854.819 172.949
852.772 173.317
850.706 173.655
848.805 174.567
846.864 175.319
844.845 175.826
842.882 176.537
840.858 177.032
838.817 177.397
836.735 177.56
834.657 177.673
832.591 177.906
830.599 178.537
828.632 179.275
826.663 180.023
824.662 180.656
822.677 181.359
820.626 181.737
818.566 182.105
816.64 182.918
814.754 183.778
812.771 184.481
810.717 184.902
808.637 185.15
806.589 185.578
804.53 185.949
802.456 186.285
800.419 186.755
798.455 187.517
796.468 188.215
794.409 188.668
792.35 189.116
790.329 189.696
788.381 190.47
786.485 191.425
784.551 192.362
782.615 193.289
780.569 193.872
778.467 194.269
776.345 194.593
774.25 195.049
772.258 195.861
770.226 196.559
768.172 197.165
766.18 197.904
764.344 198.967
762.529 200.103
760.572 200.948
758.55 201.569
756.479 201.989
754.391 202.309
752.33 202.734
750.342 203.447
748.401 204.25
746.377 204.774
744.344 205.222
742.328 205.733
740.372 206.459
738.445 207.301
736.529 208.195
734.707 209.296
732.673 209.884
730.613 210.398
728.693 211.273
726.896 212.463
724.865 213.128
722.761 213.567
720.804 214.437
718.939 215.525
716.899 216.272
714.806 216.843
712.757 217.473
710.916 218.598
709.046 219.726
707.048 220.6
705.06 221.467
703.211 222.644
701.241 223.589
699.229 224.443
697.169 225.118
695.088 225.662
693.028 226.323
691.037 227.194
689.166 228.309
687.234 229.307
685.168 229.974
683.141 230.762
681.067 231.446
679.241 232.657
677.296 233.66
675.182 234.194
673.09 234.759
671.133 235.743
669.114 236.59
667.127 237.501
665.417 238.958
663.313 239.687
661.537 241.059
659.506 241.804
657.387 242.271
655.322 242.919
653.35 243.868
651.292 244.574
649.26 245.322
647.442 246.547
645.556 247.64
643.616 248.631
641.554 249.295
639.481 249.972
637.592 251.103
635.692 252.217
633.603 252.92
631.487 253.581
629.47 254.47
627.574 255.644
625.645 256.786
623.562 257.618
621.591 258.676
619.701 259.888
617.706 260.905
615.644 261.823
613.73 263.036
611.757 264.102
610.012 265.617
607.912 266.454
605.762 267.226
603.774 268.336
601.859 269.579
600.088 271.104
597.89 271.863
596.203 273.443
594.307 274.699
592.451 276.05
590.484 277.254
588.349 278.092
586.386 279.285
584.502 280.641
582.492 281.805
580.399 282.806
578.409 284.03
576.421 285.244
574.517 286.612
572.372 287.586
570.554 289.132
568.481 290.173
566.262 290.967
564.143 292.001
561.969 292.922
559.806 293.903
557.959 295.38
556.271 297.062
554.259 298.246
552.231 299.42
550.226 300.636
548.131 301.656
546.361 303.204
544.487 304.608
542.412 305.73
540.269 306.693
538.246 307.92
536.159 309.055
534.22 310.392
532.231 311.672
530.2 312.911
527.979 313.802
525.984 315.073
524.129 316.534
522.198 317.902
520.437 319.528
518.82 321.317
516.776 322.601
514.888 324.088
513.062 325.629
511.248 327.263
509.001 328.233
507.172 329.851
505.26 331.318
503.186 332.595
501.043 333.791
499.22 335.447
497.452 337.151
495.341 338.343
493.165 339.434
491.253 340.89
489.522 342.574
487.469 343.835
485.722 345.534
483.807 346.964
481.82 348.312
479.731 349.513
477.86 351.016
475.902 352.345
474.019 353.796
471.913 354.889
469.898 356.112
468.031 357.483
466.546 359.311
465.071 361.124
463.177 362.479
461.182 363.751
459.454 365.314
458.089 367.249
456.555 369.011
454.676 370.371
452.654 371.555
450.782 372.933
449.127 374.585
447.171 375.87
445.372 377.43
443.639 379.006
442.072 380.768
440.544 382.584
438.592 383.913
436.721 385.405
434.847 386.848
433.155 388.502
431.306 390.014
429.48 391.61
427.97 393.503
426.307 395.231
424.652 396.971
423.122 398.858
420.956 400.04
419.349 401.893
417.626 403.598
415.779 405.196
414.546 407.301
412.963 409.133
411.236 410.811
409.718 412.684
407.971 414.374
406.298 416.068
404.662 417.851
402.813 419.395
401.017 421
399.327 422.761
397.589 424.457
396.24 426.437
394.94 428.449
393.79 430.541
392.125 432.266
390.996 434.345
389.266 435.983
387.896 437.856
386.78 439.928
385.842 442.105
384.519 444.058
383.222 446.009
381.549 447.701
379.919 449.416
378.212 451.014
376.676 452.781
375.248 454.662
373.57 456.337
372.404 458.372
371.259 460.416
370.24 462.509
369.148 464.556
367.922 466.519
366.963 468.616
365.44 470.371
364.182 472.277
363.057 474.29
362.055 476.344
360.91 478.306
359.318 479.979
357.805 481.765
356.723 483.81
355.498 485.748
354.129 487.61
353.315 489.745
352.682 491.915
351.89 494.03
351.035 496.146
349.398 497.826
348.236 499.786
347.182 501.799
346.269 503.865
345.633 505.997
345.028 508.138
343.719 509.966
342.596 511.907
341.113 513.618
339.818 515.433
338.623 517.325
337.751 519.374
337.168 521.509
336.646 523.666
335.974 525.777
334.942 527.75
333.579 529.561
332.672 531.596
331.745 533.617
330.649 535.56
329.849 537.603
329.574 539.782
329.392 541.976
328.867 544.097
327.912 546.092
326.772 547.973
325.728 549.868
324.828 551.843
323.914 553.841
322.888 555.787
322.139 557.829
321.449 559.883
321.04 562.004
320.655 564.145
320.007 566.223
318.991 568.124
317.554 569.845
316.856 571.906
316.415 574.044
315.761 576.123
314.944 578.138
314.326 580.202
313.762 582.263
313.164 584.307
312.747 586.401
312.348 588.493
311.827 590.551
311.105 592.52
309.908 594.316
309.372 596.363
308.814 598.392
307.837 600.268
306.892 602.168
306.366 604.229
305.924 606.309
305.344 608.357
305.035 610.455
304.518 612.506
303.805 614.513
303.097 616.508
301.752 618.232
300.982 620.212
300.512 622.293
300.013 624.374
299.317 626.4
298.658 628.432
298.048 630.466
297.429 632.503
297.133 634.592
297.001 636.718
296.651 638.817
295.956 640.835
295.166 642.818
294.432 644.808
294.263 646.883
294.929 648.954
294.738 651.028
293.667 652.901
292.938 654.863
292.428 656.906
291.705 658.866
290.796 660.754
290.13 662.721
289.553 664.72
289.298 666.778
289.234 668.852
289.17 670.926
289.013 672.973
288.59 674.98
287.931 676.932
287.426 678.923
287.097 680.945
286.422 682.886
285.778 684.836
285.39 686.857
284.93 688.847
284.594 690.865
284.27 692.893
283.882 694.921
283.338 696.905
282.88 698.914
282.621 700.958
282.454 703.014
282.24 705.048
282.073 707.095
281.834 709.14
281.49 711.182
281.076 713.193
280.708 715.219
280.125 717.202
279.251 719.1
278.498 721.016
278.063 723.023
277.845 725.07
277.549 727.113
277.007 729.102
276.687 731.139
276.39 733.189
275.925 735.203
275.276 737.184
274.688 739.165
274.208 741.164
273.678 743.139
273.266 745.136
273.148 747.162
273.084 749.181
273.025 751.195
272.919 753.201
272.631 755.189
271.94 757.083
271.246 758.969
270.626 760.884
269.979 762.822
269.663 764.849
269.317 766.871
268.798 768.856
268.381 770.868
267.902 772.88
267.266 774.866
266.702 776.867
266.321 778.913
266.03 780.976
265.663 783.025
265.281 785.06
265.069 787.134
264.664 789.193
264.071 791.227
263.434 793.239
262.891 795.29
262.086 797.252
261.403 799.256
260.55 801.201
259.573 803.084
258.674 805.019
258.258 807.09
258.184 809.209
258.308 811.334
258.479 813.46
258.645 815.588
258.763 817.713
258.796 819.839
258.834 821.965
258.97 824.085
259.11 826.203
259.193 828.323
259.348 830.434
259.693 832.524
260.008 834.616
260.232 836.708
260.424 838.794
260.624 840.865
260.757 842.94
260.924 845.001
261.264 847.037
261.769 849.026
262.188 851.036
262.856 852.984
263.43 854.962
264.005 856.949
264.517 858.949
264.959 860.958
265.294 862.986
265.705 865.008
265.921 867.057
266.091 869.108
266.285 871.163
266.601 873.212
267.103 875.24
267.747 877.245
268.299 879.266
268.726 881.31
269.178 883.357
269.86 885.352
270.905 887.233
271.429 889.287
272.146 891.261
272.875 893.214
273.374 895.226
273.792 897.254
273.994 899.315
274.182 901.372
274.329 903.431
274.6 905.473
275.155 907.454
275.859 909.395
276.39 911.383
276.767 913.388
277.01 915.418
277.179 917.464
277.491 919.493
277.859 921.518
278.4 923.514
279.179 925.452
279.817 927.442
280.454 929.443
280.864 931.5
281.177 933.564
281.602 935.608
282.179 937.625
282.71 939.674
283.521 941.633
284.408 943.559
284.941 945.592
285.23 947.664
285.735 949.661
286.971 951.38
287.625 953.324
288.133 955.321
288.724 957.299
289.271 959.289
289.729 961.306
289.939 963.366
290.116 965.426
290.464 967.458
291.103 969.435
292.016 971.325
292.677 973.301
293.258 975.305
293.822 977.304
294.506 979.275
295.271 981.252
296.014 983.245
296.721 985.227
297.068 987.301
297.282 989.397
297.647 991.481
298.266 993.517
298.879 995.563
299.679 997.56
300.312 999.623
300.775 1001.73
301.473 1003.76
302.862 1005.51
303.353 1007.6
303.656 1009.75
304.179 1011.84
305.012 1013.83
305.586 1015.88
306.091 1017.96
306.62 1020.03
307.447 1022.01
308.419 1023.95
309.073 1025.99
309.499 1028.1
310.336 1030.06
311.704 1031.73
313.159 1033.4
313.999 1035.38
314.862 1037.35
316.047 1039.19
316.827 1041.2
317.145 1043.33
317.461 1045.45
318.129 1047.48
318.951 1049.47
319.667 1051.49
320.564 1053.43
321.291 1055.44
321.696 1057.54
321.953 1059.66
322.237 1061.78
322.827 1063.83
323.68 1065.81
324.43 1067.83
324.996 1069.89
325.766 1071.89
326.647 1073.87
327.589 1075.82
328.64 1077.72
329.469 1079.72
330.165 1081.77
330.97 1083.78
332.091 1085.65
333.128 1087.55
333.887 1089.57
334.851 1091.51
335.589 1093.54
336.656 1095.43
337.594 1097.38
338.106 1099.47
338.569 1101.57
339.265 1103.61
340.094 1105.6
340.602 1107.68
341.008 1109.79
341.63 1111.86
342.431 1113.88
343.301 1115.88
343.973 1117.98
344.991 1119.96
345.428 1122.13
345.57 1124.36
345.841 1126.57
346.561 1128.7
347.457 1130.78
348.327 1132.88
349.045 1135.03
349.748 1137.16
350.527 1139.28
351.586 1141.29
352.874 1143.2
353.924 1145.21
355.065 1147.14
356.435 1148.93
357.828 1150.71
359.702 1152
361.184 1153.81
362.691 1155.53
364.529 1156.85
366.543 1157.9
368.283 1159.38
370.386 1160.15
372.591 1160.43
374.787 1160.5
376.948 1160.65
379.079 1160.76
381.131 1161.14
382.938 1162.06
383.811 1163.98
385.078 1165.68
385.296 1167.69
385.213 1169.7
385.189 1171.7
385.24 1173.69
385.43 1175.66
385.601 1177.64
385.725 1179.61
385.915 1181.58
386.333 1183.52
386.649 1185.49
386.691 1187.48
386.669 1189.48
386.721 1191.47
386.792 1193.48
386.816 1195.5
386.81 1197.52
386.819 1199.55
386.822 1201.58
386.836 1203.62
386.902 1205.66
387.137 1207.69
387.512 1209.71
387.895 1211.73
388.231 1213.74
388.582 1215.76
389 1217.74
389.471 1219.72
389.862 1221.71
389.924 1223.73
389.643 1225.77
389.565 1227.82
389.654 1229.87
389.76 1231.92
390.185 1233.9
391.054 1235.73
392.039 1237.49
393.091 1239.23
393.781 1241.11
393.731 1243.11
393.246 1245.11
393.007 1247.14
393.045 1249.2
393.141 1251.27
393.151 1253.34
393.134 1255.41
393.131 1257.48
393.14 1259.55
393.207 1261.61
393.406 1263.66
393.615 1265.71
393.77 1267.77
393.88 1269.84
394.119 1271.9
394.311 1273.96
394.487 1276.02
394.66 1278.1
394.802 1280.18
395.02 1282.26
395.4 1284.32
395.808 1286.39
396.205 1288.45
396.457 1290.54
396.658 1292.64
396.871 1294.74
397.195 1296.83
397.336 1298.95
397.613 1301.05
398.459 1303.01
399.618 1304.85
400.304 1306.88
400.816 1308.99
401.037 1311.16
401.075 1313.37
401.143 1315.6
401.574 1317.77
402.79 1319.68
404.242 1321.45
405.55 1323.3
406.925 1325.11
407.765 1327.24
409.213 1329.06
409.696 1331.26
409.959 1333.53
410.539 1335.76
411.377 1337.93
412.438 1340.02
413.778 1341.92
415.451 1343.63
417.054 1345.42
418.24 1347.48
419.142 1349.69
420.118 1351.89
421.294 1353.99
423.061 1355.68
424.773 1357.38
426.325 1359.25
427.861 1361.1
428.823 1363.29
429.752 1365.51
431.314 1367.38
432.94 1369.22
434.537 1371.03
436.129 1372.85
437.598 1374.78
439.421 1376.44
441.068 1378.29
442.741 1380.09
444.844 1381.41
446.481 1383.22
447.813 1385.24
449.475 1386.98
451.308 1388.55
453.357 1389.87
455.051 1391.61
456.365 1393.67
458.241 1395.21
460.246 1396.57
462.359 1397.74
464.015 1399.52
465.781 1401.2
467.675 1402.67
469.579 1404.13
471.675 1405.25
473.835 1406.18
475.91 1407.26
478.032 1408.11
479.997 1409.27
481.772 1410.7
483.255 1412.44
484.75 1414.16
486.223 1415.92
487.721 1417.73
489.663 1419.06
491.581 1420.4
493.505 1421.69
495.304 1423.21
497.346 1424.32
499.173 1425.74
501.242 1426.7
503.398 1427.52
505.408 1428.66
507.419 1429.68
509.568 1430.34
511.463 1431.47
512.983 1433.08
514.147 1434.98
515.735 1436.51
517.75 1437.54
519.672 1438.84
521.888 1439.41
524.1 1439.99
525.867 1441.58
527.937 1442.58
530.004 1443.58
532.065 1444.56
534.06 1445.59
535.806 1447.12
538.051 1447.7
539.821 1449.09
541.579 1450.4
543.426 1451.56
545.382 1452.49
547.461 1453.05
549.568 1453.5
551.582 1454.28
553.555 1455.2
555.562 1455.99
557.204 1457.44
559.124 1458.43
560.933 1459.62
562.873 1460.5
564.973 1460.97
567.048 1461.53
568.834 1462.65
570.503 1463.97
572.34 1464.98
574.389 1465.44
576.399 1466.04
578.334 1466.84
580.217 1467.79
582.117 1468.66
584.117 1469.23
586.113 1469.88
587.935 1471.04
590.041 1471.35
592.162 1471.62
594.038 1472.54
595.613 1473.94
597.156 1475.38
598.846 1476.65
600.816 1477.47
602.926 1477.84
605.076 1478.05
607.163 1478.58
609.204 1479.25
611.32 1479.64
613.196 1480.62
614.964 1481.83
616.975 1482.53
618.962 1483.28
620.92 1484.13
622.916 1484.85
624.889 1485.57
626.962 1485.88
629.092 1485.88
631.17 1486.19
633.053 1487.16
634.902 1488.2
636.889 1488.88
638.93 1489.4
640.866 1490.2
642.815 1491
644.811 1491.74
646.865 1492.31
648.953 1492.7
651.053 1493
653.175 1493.07
655.295 1492.83
657.325 1492.06
659.408 1491.67
661.424 1492.2
663.128 1493.48
664.844 1494.74
666.61 1495.87
668.217 1497.24
670.133 1497.99
672.055 1498.8
674.001 1499.62
676.014 1500.3
678.052 1500.89
680.063 1501.6
682.184 1501.95
684.341 1502.03
686.482 1501.92
688.499 1501.25
690.484 1500.38
692.361 1501.25
694.013 1502.62
695.694 1503.95
697.444 1505.23
699.45 1505.94
701.549 1506.31
703.656 1506.63
705.737 1507.1
707.756 1507.79
709.807 1508.31
711.906 1508.46
713.995 1508.62
716.057 1508.89
718.104 1509.21
720.113 1509.71
722.143 1510.08
724.164 1510.5
726.138 1511.13
728.027 1512
729.978 1512.68
731.971 1513.13
733.986 1513.33
735.989 1513.57
737.998 1513.65
740 1513.65
741.989 1513.68
743.973 1513.84
745.97 1514.13
747.922 1514.65
749.807 1515.41
751.686 1516.19
753.676 1516.54
755.709 1516.65
757.744 1516.84
759.725 1517.42
761.734 1517.91
763.789 1518.16
765.852 1518.2
767.878 1518.14
769.831 1517.79
771.694 1517.12
773.596 1517.17
775.341 1518.04
777.096 1518.98
779.02 1519.58
781.043 1519.9
783.094 1520.05
785.119 1520.34
787.144 1520.64
789.161 1520.98
791.183 1521.04
793.195 1520.4
795.231 1520.35
797.143 1521.21
799.113 1521.82
801.12 1522.22
803.145 1522.55
805.15 1523
807.12 1523.62
809.091 1524.22
811.132 1524.47
813.2 1524.58
815.28 1524.76
817.351 1525
819.422 1525.11
821.488 1525.3
823.542 1525.67
825.598 1525.97
827.675 1526.09
829.759 1526.21
831.847 1526.34
833.946 1526.36
836.033 1526.17
838.119 1525.98
840.19 1525.75
842.074 1524.86
843.843 1523.58
845.824 1523.78
847.448 1525.24
849.302 1526.22
851.322 1526.76
853.417 1526.79
855.495 1526.78
857.505 1527.17
859.463 1527.78
861.448 1528.23
863.5 1527.97
865.528 1528.05
867.246 1529.35
869.2 1529.96
871.251 1530.1
873.292 1530
875.328 1529.88
877.367 1529.87
879.407 1529.86
881.448 1529.87
883.479 1530.05
885.504 1530.34
887.541 1530.55
889.581 1530.64
891.616 1530.73
893.639 1530.88
895.625 1531.28
897.615 1531.66
899.632 1531.8
901.654 1531.81
903.674 1531.79
905.688 1531.77
907.704 1531.74
909.721 1531.78
911.735 1531.94
913.752 1532.03
915.775 1531.95
917.796 1531.93
919.804 1532.16
921.818 1532.24
923.832 1532.15
925.834 1531.98
927.841 1531.88
929.845 1531.97
931.844 1532.12
933.84 1532.26
935.811 1532.59
937.777 1532.97
939.76 1533.22
941.763 1533.24
943.756 1532.99
945.753 1532.76
947.762 1532.61
949.778 1532.48
951.795 1532.43
953.813 1532.52
955.822 1532.67

797

975.657 1306.28
973.637 1306.26
971.618 1306.22
969.61 1306.08
967.688 1305.54
965.893 1304.52
963.956 1304.71
962.096 1305.56
960.118 1305.77
958.109 1305.65
956.117 1305.76
954.146 1306.06
952.168 1306.27
950.179 1306.35
948.185 1306.36
946.187 1306.36
944.185 1306.37
942.179 1306.38
940.17 1306.37
938.158 1306.36
936.144 1306.38
934.135 1306.41
932.123 1306.51
930.102 1306.63
928.072 1306.72
926.043 1306.72
924.022 1306.59
922.005 1306.44
919.988 1306.36
917.97 1306.36
915.952 1306.37
913.935 1306.38
911.92 1306.38
909.904 1306.39
907.891 1306.39
905.877 1306.37
903.863 1306.39
901.854 1306.41
899.845 1306.52
897.835 1306.64
895.82 1306.72
893.799 1306.75
891.782 1306.68
889.77 1306.55
887.758 1306.51
885.745 1306.5
883.738 1306.39
881.735 1306.29
879.734 1306.29
877.722 1306.34
875.708 1306.35
873.694 1306.35
871.679 1306.36
869.664 1306.31
867.651 1306.18
865.646 1306
863.671 1305.59
861.693 1305.25
859.683 1305.15
857.669 1305.06
855.647 1305.04
853.629 1305.05
851.607 1305.02
849.588 1304.86
847.564 1304.73
845.539 1304.78
843.518 1304.96
841.494 1305.08
839.467 1305.1
837.433 1305.02
835.427 1304.71
833.475 1304.13
831.496 1303.65
829.51 1303.17
827.545 1302.67
825.595 1302.13
823.594 1301.87
821.571 1301.69
819.555 1301.53
817.533 1301.53
815.506 1301.55
813.479 1301.52
811.449 1301.52
809.417 1301.47
807.395 1301.21
805.375 1300.93
803.336 1300.87
801.293 1300.87
799.253 1300.77
797.22 1300.52
795.216 1300.09
793.239 1299.5
791.253 1298.96
789.212 1298.71
787.164 1298.54
785.135 1298.26
783.166 1297.66
781.144 1297.35
779.11 1297.2
777.068 1297.11
775.057 1296.78
773.112 1296.11
771.209 1295.31
769.279 1294.61
767.296 1294.14
765.279 1293.91
763.257 1293.83
761.249 1293.75
759.265 1293.47
757.292 1293.12
755.307 1292.79
753.374 1292.29
751.535 1291.5
749.709 1290.69
747.822 1290.13
745.867 1289.85
743.876 1289.71
741.887 1289.63
739.894 1289.62
737.895 1289.54
735.882 1289.34
733.892 1288.97
731.951 1288.34
729.972 1287.87
727.932 1287.85
725.863 1288.04
723.79 1287.9
721.731 1287.57
719.664 1287.25
717.651 1286.73
715.68 1285.98
713.636 1285.54
711.628 1285
709.711 1284.19
707.84 1283.27
705.877 1282.6
703.832 1282.33
701.761 1282.24
699.688 1282.14
697.626 1281.92
695.609 1281.42
693.677 1280.65
691.732 1279.9
689.709 1279.42
687.672 1278.97
685.699 1278.3
683.68 1277.87
681.616 1277.72
679.551 1277.53
677.483 1277.18
675.395 1276.92
673.31 1276.65
671.267 1276.15
669.253 1275.44
667.23 1274.77
665.162 1274.27
663.143 1273.58
661.12 1272.9
659.27 1271.81
657.428 1270.7
655.509 1269.72
653.438 1269.12
651.346 1268.61
649.313 1267.9
647.332 1267
645.266 1266.43
643.135 1266.18
641.009 1265.96
638.943 1265.42
636.864 1264.89
634.959 1263.86
633.199 1262.56
631.279 1261.54
629.228 1260.74
627.278 1259.73
625.391 1258.6
623.392 1257.7
621.257 1257.13
619.247 1256.27
617.368 1255.07
615.483 1253.88
613.371 1253.19
611.172 1252.82
608.942 1252.53
606.72 1252.11
604.574 1251.34
602.416 1250.58
600.221 1249.94
598.004 1249.3
595.829 1248.5
593.793 1247.36
591.871 1245.95
589.887 1244.68
587.956 1243.34
585.854 1242.26
583.603 1241.5
581.262 1240.95
579.076 1239.97
577.554 1238.16
577.167 1235.78
577.195 1233.35
577.105 1230.94
576.437 1228.6
575.492 1226.34
574.673 1224.03
574.036 1221.7
573.869 1219.3
573.862 1216.89
573.886 1214.49
573.942 1212.08
574.32 1209.72
575.131 1207.46
576.188 1205.3
577.552 1203.33
579.032 1201.47
580.638 1199.65
581.626 1197.48
582.599 1195.33
583.958 1193.39
585.391 1191.47
586.72 1189.5
588.155 1187.59
589.533 1185.64
591.303 1184.02
593.204 1182.56
594.844 1180.87
596.24 1178.92
597.514 1176.95
599.268 1175.31
600.94 1173.59
603.07 1172.65
605.31 1171.93
607.539 1171.16
609.812 1170.65
612.108 1170.74
614.298 1171.52
616.456 1172.35
618.683 1172.82
620.93 1173.14
623.132 1173.53
625.258 1174.14
627.271 1175.07
629.368 1175.67
631.435 1176.36
633.563 1176.81
635.748 1176.7
637.908 1176.06
640.094 1175.58
642.04 1176.72
643.975 1177.79
645.892 1178.8
647.822 1179.82
649.903 1180.49
652.061 1180.86
654.179 1181.39
656.042 1182.62
658.057 1183.58
659.721 1185.02
661.617 1185.97
663.663 1186.52
665.666 1187.18
667.586 1188.08
669.554 1188.79
671.543 1189.39
673.586 1189.82
675.538 1190.53
677.376 1191.54
679.214 1192.52
681.055 1193.49
683.033 1194.03
685.042 1194.47
687.014 1195.05
688.941 1195.79
690.938 1196.29
692.981 1196.54
695.02 1196.69
697.068 1196.8
699.105 1196.99
701.034 1197.57
702.648 1198.97
704.629 1199.33
706.609 1199.75
708.473 1200.53
710.326 1201.28
712.211 1201.93
714.137 1202.5
716.053 1203.15
717.941 1203.91
719.912 1204.38
721.931 1204.62
723.945 1204.81
725.948 1205.02
727.934 1205.35
729.963 1205.48
731.998 1205.53
734.031 1205.45
736.051 1205.14
738.066 1205.01
740.075 1205.14
742.07 1205.44
743.95 1206.23
745.812 1207.15
747.767 1207.8
749.654 1208.65
751.642 1209.15
753.708 1209.35
755.763 1209.49
757.817 1209.57
759.848 1209.86
761.861 1210.14
763.887 1210.26
765.904 1210.39
767.867 1210.82
769.759 1211.58
771.636 1212.38
773.572 1212.94
775.488 1213.54
777.379 1214.21
779.148 1215.17
780.963 1216.02
782.886 1216.63
784.885 1216.81
786.885 1216.9
788.829 1216.45
790.724 1215.8
792.707 1215.71
794.704 1215.73
796.697 1215.7
798.683 1215.59
800.615 1215.2
802.48 1214.53
804.367 1213.97
806.313 1213.71
808.214 1213.27
810.109 1212.76
811.999 1212.17
813.838 1211.41
815.73 1210.75
817.557 1209.9
819.471 1209.31
821.353 1208.64
823.181 1207.81
825.035 1207.14
826.479 1205.68
828.251 1204.89
830.098 1204.27
831.936 1203.53
833.669 1202.58
835.227 1201.39
836.543 1199.86
838.389 1199.07
839.651 1197.48
841.21 1196.21
842.494 1194.71
843.807 1193.23
844.977 1191.61
845.678 1189.75
846.173 1187.82
846.905 1185.94
847.575 1184.03
848.362 1182.18
849.028 1180.27
849.235 1178.24
849.543 1176.22
850.155 1174.25
850.549 1172.21
850.924 1170.14
851.519 1168.12
852.133 1166.07
852.48 1163.97
852.682 1161.83
852.689 1159.68
852.818 1157.54
853.463 1155.48
854.547 1153.55
855.354 1151.51
855.893 1149.37
856.607 1147.28
857.349 1145.22
858.162 1143.17
859.224 1141.21
860.422 1139.32
861.404 1137.31
862.623 1135.41
863.623 1133.38
864.458 1131.28
865.284 1129.19
865.981 1127.04
866.896 1124.97
868.098 1123
869.022 1120.92
869.824 1118.76
870.683 1116.57
871.831 1114.5
873.079 1112.49
874.046 1110.34
875.099 1108.22
876.401 1106.21
877.573 1104.12
879.375 1102.54
881.218 1100.98
882.946 1099.36
884.649 1097.71
886.173 1095.86
888.387 1094.89
890.234 1093.33
892.214 1092.03
894.133 1090.63
896.181 1089.45
898.361 1088.48
900.268 1087.03
902.291 1085.86
904.423 1084.93
906.563 1084.04
908.611 1082.93
910.763 1082.18
912.969 1081.65
915.211 1081.41
917.448 1081.24
919.681 1081.11
921.883 1081.07
924.073 1080.97
926.2 1080.51
928.217 1079.68
930.284 1079
932.33 1078.29
934.444 1077.92
936.571 1077.82
938.688 1077.77
940.798 1077.69
942.893 1077.48
944.944 1076.98
947.021 1076.73
949.106 1076.57
951.163 1076.25
953.141 1075.59
955.121 1074.95
957.153 1074.58
959.207 1074.51
961.264 1074.57
963.303 1074.46
965.319 1074.17
967.321 1073.71
969.316 1073.35
971.334 1073.23
973.356 1073.18
975.382 1073.12
977.42 1073.05
979.462 1073.01
981.503 1072.99
983.544 1072.92
985.578 1072.72
987.568 1072.26
989.548 1071.8
991.56 1071.63
993.591 1071.55
995.623 1071.45
997.657 1071.36
999.691 1071.27
1001.72 1071.11
1003.73 1070.76
1005.74 1070.36
1007.78 1070.17
1009.82 1069.99
1011.86 1069.87
1013.9 1069.78
1015.95 1069.75
1017.99 1069.74
1020.04 1069.74
1022.09 1069.75
1024.13 1069.75
1026.18 1069.75
1028.23 1069.75
1030.28 1069.75
1032.33 1069.76
1034.38 1069.8
1036.44 1069.86
1038.5 1069.88
1040.57 1069.84
1042.62 1069.83
1044.68 1069.92
1046.7 1070.28
1048.64 1071.01
1050.67 1071.19
1052.72 1071.29
1054.75 1071.55
1056.74 1072.06
1058.69 1072.68
1060.67 1073.17
1062.66 1073.51
1064.64 1074.01
1066.66 1074.27
1068.7 1074.38
1070.75 1074.43
1072.79 1074.43
1074.85 1074.51
1076.9 1074.64
1078.96 1074.75
1081.01 1074.91
1083.01 1075.41
1084.98 1076.02
1087.01 1076.39
1089.02 1076.71
1091.02 1077.03
1092.96 1077.63
1094.69 1078.86
1096.7 1079.24
1098.73 1079.51
1100.76 1079.83
1102.76 1080.31
1104.75 1080.81
1106.79 1081.02
1108.84 1081.1
1110.89 1081.13
1112.95 1081.1
1115 1081.15
1117.04 1081.35
1119.07 1081.65
1121.06 1082.28
1123.08 1082.76
1125.09 1083.36
1127.14 1083.86
1129.23 1084.13
1131.33 1084.36
1133.43 1084.61
1135.54 1084.91
1137.6 1085.39
1139.53 1086.34
1141.49 1087.16
1143.62 1087.29
1145.68 1087.63
1147.6 1088.45
1149.54 1089.19
1151.55 1089.67
1153.56 1090.15
1155.6 1090.51
1157.59 1091.08
1159.54 1091.84
1161.54 1092.43
1163.59 1092.76
1165.63 1093.07
1167.64 1093.54
1169.64 1094.11
1171.48 1095.13
1173.37 1096.06
1175.36 1096.8
1177.45 1097.11
1179.57 1097.21
1181.67 1097.33
1183.74 1097.71
1185.79 1098.24
1187.87 1098.76
1189.87 1099.55
1191.87 1100.35
1193.95 1100.92
1195.97 1101.69
1197.65 1103.19
1199.75 1103.75
1201.79 1104.57
1203.86 1105.19
1205.99 1105.65
1207.95 1106.67
1209.92 1107.71
1211.97 1108.53
1214.09 1109.16
1216.19 1109.91
1218.07 1111.16
1220.1 1112.14
1222.19 1113.03
1224.35 1113.74
1226.55 1114.35
1228.73 1115.04
1230.79 1116.07
1232.79 1117.26
1234.97 1117.95
1237.11 1118.83
1239.26 1119.73
1241.12 1121.22
1243.27 1122.05
1245.53 1122.55
1247.78 1123.15
1249.89 1124.15
1251.88 1125.36
1253.58 1127.03
1255.78 1127.91
1257.57 1129.46
1259.18 1131.18
1260.78 1132.94
1262.65 1134.37
1264.58 1135.73
1266.48 1137.17
1268.67 1138.05
1270.77 1139.16
1272.68 1140.56
1274.66 1141.85
1276.25 1143.61
1277.68 1145.55
1279.62 1147.01
1281.26 1148.75
1282.14 1151.03
1283.68 1152.81
1285.59 1154.18
1287.76 1155.19
1289.87 1156.32
1291.97 1157.43
1293.88 1158.96
1296.12 1159.83
1298.1 1161.24
1299.95 1162.79
1301.27 1164.86
1302.9 1166.7
1304.06 1168.86
1305.91 1170.51
1307.49 1172.4
1308.84 1174.47
1310.08 1176.65
1311.67 1178.6
1313.51 1180.42
1314.75 1182.65
1315.8 1185.03
1317.31 1187.18
1317.88 1189.69
1317.85 1192.3
1317.64 1194.88
1317.12 1197.37
1315.95 1199.64
1314.27 1201.55
1312.21 1203.06
1310.59 1204.94
1308.95 1206.78
1306.81 1207.93
1304.88 1209.37
1302.84 1210.6
1301.05 1212.15
1299.51 1213.9
1298.4 1215.98
1297.32 1218.08
1295.53 1219.66
1293.66 1221.14
1292.19 1223.02
1290.47 1224.59
1288.73 1226.12
1286.78 1227.41
1284.74 1228.58
1282.78 1229.85
1281.16 1231.59
1279.39 1233.19
1277.46 1234.59
1275.84 1236.34
1273.82 1237.54
1271.79 1238.73
1269.72 1239.78
1267.86 1241.19
1265.66 1241.81
1263.45 1242.47
1261.48 1243.64
1259.59 1244.93
1257.72 1246.26
1255.79 1247.52
1253.95 1248.88
1251.82 1249.53
1249.61 1249.9
1247.54 1250.69
1245.58 1251.79
1243.53 1252.62
1241.39 1253.19
1239.28 1253.86
1237.21 1254.7
1235.26 1255.79
1233.34 1256.9
1231.26 1257.6
1229.18 1258.27
1227.15 1259.08
1225.29 1260.25
1223.35 1261.27
1221.26 1261.84
1219.11 1262.18
1217.01 1262.72
1215.06 1263.67
1213 1264.47
1210.98 1265.32
1208.87 1265.77
1206.78 1266.31
1204.72 1266.95
1202.74 1267.84
1200.7 1268.49
1198.59 1268.82
1196.46 1269.03
1194.34 1269.22
1192.21 1269.49
1190.11 1269.94
1188.03 1270.45
1185.95 1271.01
1183.92 1271.7
1182.09 1272.83
1180.08 1273.47
1177.98 1273.8
1175.96 1274.42
1174.16 1275.53
1172.28 1276.45
1170.25 1276.94
1168.2 1277.33
1166.16 1277.73
1164.1 1278
1162.08 1278.56
1160.09 1279.21
1158.11 1279.8
1156.14 1280.47
1154.15 1281.03
1152.12 1281.38
1150.13 1281.9
1148.14 1282.39
1146.17 1282.99
1144.26 1283.8
1142.32 1284.5
1140.31 1284.9
1138.26 1285.17
1136.22 1285.47
1134.2 1285.88
1132.16 1286.18
1130.11 1286.44
1128.05 1286.68
1125.99 1286.95
1123.94 1287.25
1121.89 1287.5
1119.84 1287.64
1117.79 1287.87
1115.81 1288.4
1113.87 1289.05
1111.86 1289.44
1109.9 1289.98
1107.91 1290.35
1105.89 1290.64
1103.87 1290.94
1101.85 1291.37
1099.84 1291.82
1097.83 1292.24
1095.83 1292.74
1093.88 1293.4
1091.85 1293.69
1089.8 1293.74
1087.77 1293.74
1085.74 1293.83
1083.72 1293.9
1081.69 1293.95
1079.65 1294.04
1077.65 1294.42
1075.72 1295.1
1073.81 1295.91
1071.85 1296.54
1069.85 1296.97
1067.81 1297.14
1065.77 1297.24
1063.75 1297.53
1061.78 1298.09
1059.75 1298.34
1057.71 1298.47
1055.66 1298.57
1053.64 1298.82
1051.67 1299.4
1049.72 1300.05
1047.69 1300.34
1045.66 1300.47
1043.63 1300.58
1041.6 1300.7
1039.58 1300.77
1037.55 1300.77
1035.51 1300.77
1033.47 1300.78
1031.43 1300.79
1029.4 1300.81
1027.37 1300.92
1025.37 1301.13
1023.39 1301.54
1021.41 1301.83
1019.41 1301.94
1017.4 1301.98
1015.39 1301.9
1013.4 1301.88
1011.41 1301.97
1009.42 1302.09
1007.43 1302.25
1005.44 1302.44
1003.47 1302.79
1001.53 1303.22
999.574 1303.65
997.609 1304.06
995.609 1304.21
993.612 1304.36
991.625 1304.62
989.62 1304.79
987.608 1304.89
985.615 1305.13
983.643 1305.49
981.674 1305.9
979.679 1306.13
977.672 1306.25

