CONTOUR

2

2147

903.931 1569.1
905.981 1568.66
907.957 1567.89
909.946 1567.22
911.795 1566.29
913.582 1565.22
915.271 1563.9
917.3 1563.54
919.351 1564.01
921.31 1564.87
923.322 1565.42
925.386 1565.63
927.449 1565.73
929.489 1565.8
931.509 1565.81
933.512 1565.8
935.5 1565.78
937.477 1565.8
939.452 1565.83
941.426 1565.84
943.403 1565.82
945.405 1565.79
947.401 1565.72
949.388 1565.6
951.377 1565.58
953.35 1565.64
955.329 1565.71
957.319 1565.79
959.322 1565.88
961.339 1565.89
963.355 1565.84
965.373 1565.81
967.392 1565.81
969.412 1565.82
971.446 1565.79
973.481 1565.65
975.468 1565.21
977.34 1564.43
979.199 1563.65
981.06 1562.88
982.996 1562.39
984.925 1561.96
986.861 1561.62
988.823 1561.47
990.806 1561.52
992.775 1561.36
994.755 1561.17
996.759 1561.03
998.78 1560.92
1000.79 1560.61
1002.76 1560.03
1004.63 1559.13
1006.59 1558.45
1008.53 1557.79
1010.49 1557.18
1012.48 1556.57
1014.56 1556.24
1016.68 1556.25
1018.71 1556.89
1020.71 1557.64
1022.8 1557.95
1024.91 1557.98
1027.03 1557.84
1029.1 1557.39
1031.13 1556.74
1033.19 1556.31
1035.26 1556.02
1037.31 1555.57
1039.35 1555.1
1041.4 1554.65
1043.42 1554.16
1045.44 1553.72
1047.47 1553.33
1049.45 1552.81
1051.38 1552.09
1053.3 1551.33
1055.31 1550.88
1057.29 1550.35
1059.25 1549.75
1061.25 1549.35
1063.27 1548.97
1065.26 1548.52
1067.26 1548.13
1069.24 1547.55
1071.25 1547.11
1073.29 1546.86
1075.34 1546.61
1077.38 1546.26
1079.39 1545.72
1081.38 1545.16
1083.3 1544.4
1085.13 1543.38
1087.07 1542.61
1089.07 1542.13
1091.13 1541.99
1093.19 1541.88
1095.22 1541.55
1097.21 1540.99
1099.25 1540.69
1101.3 1540.47
1103.28 1539.96
1105.18 1539.12
1107.16 1538.58
1109.2 1538.27
1111.22 1537.92
1113.27 1537.57
1115.32 1537.24
1117.3 1536.6
1119.28 1535.94
1121.33 1535.52
1123.35 1534.95
1125.34 1534.31
1127.39 1533.95
1129.46 1533.68
1131.44 1533.09
1133.21 1531.9
1135.23 1531.37
1137.34 1531.32
1139.43 1530.96
1141.51 1530.54
1143.57 1530.08
1145.61 1529.59
1147.6 1528.9
1149.42 1527.75
1151.42 1527.03
1153.5 1526.54
1155.63 1526.29
1157.74 1525.92
1159.85 1525.54
1161.91 1524.99
1163.82 1524.01
1165.65 1522.83
1167.74 1522.3
1169.77 1521.66
1171.46 1520.25
1173.42 1519.49
1175.53 1519.23
1177.58 1518.67
1179.58 1517.92
1181.66 1517.47
1183.74 1517
1185.76 1516.39
1187.76 1515.62
1189.75 1514.84
1191.83 1514.38
1193.89 1513.87
1195.8 1512.93
1197.66 1511.8
1199.77 1511.42
1201.88 1511.05
1203.88 1510.22
1205.9 1509.52
1207.97 1508.95
1209.98 1508.24
1211.9 1507.27
1213.85 1506.37
1215.83 1505.57
1217.89 1504.93
1219.78 1503.87
1221.61 1502.65
1223.59 1501.75
1225.73 1501.22
1227.9 1500.87
1230.01 1500.36
1231.94 1499.31
1233.92 1498.33
1235.99 1497.62
1237.98 1496.75
1239.82 1495.55
1241.8 1494.6
1243.87 1493.97
1245.99 1493.56
1248.04 1492.82
1250.01 1491.87
1251.98 1490.91
1254.03 1490.17
1256.03 1489.34
1257.98 1488.35
1259.82 1487.16
1261.77 1486.14
1263.85 1485.45
1265.94 1484.76
1267.97 1483.91
1269.87 1482.79
1271.83 1481.78
1273.91 1480.99
1275.86 1479.89
1277.86 1478.92
1279.77 1477.73
1281.86 1476.9
1283.92 1476.06
1285.85 1474.91
1287.91 1474.02
1289.92 1473.03
1291.78 1471.73
1293.82 1470.82
1295.56 1469.34
1297.57 1468.33
1299.54 1467.24
1301.53 1466.23
1303.49 1465.17
1305.35 1463.86
1307.4 1462.91
1309.2 1461.54
1311.04 1460.19
1313.03 1459.11
1315.05 1458.1
1317.02 1456.99
1318.98 1455.77
1320.93 1454.66
1322.73 1453.29
1324.66 1452.14
1326.58 1450.94
1328.64 1449.98
1330.54 1448.76
1332.29 1447.3
1333.84 1445.56
1335.85 1444.38
1337.81 1443.11
1339.62 1441.65
1341.3 1439.98
1343.52 1439.17
1345.39 1437.67
1347.44 1436.52
1349.42 1435.27
1351.37 1433.95
1353.32 1432.63
1355.21 1431.25
1356.76 1429.43
1358.64 1427.97
1360.51 1426.53
1362.44 1425.15
1363.99 1423.31
1365.5 1421.43
1367.48 1420.07
1369.47 1418.7
1371.33 1417.22
1373.01 1415.46
1374.85 1413.86
1376.76 1412.42
1378.59 1410.9
1380.36 1409.31
1381.79 1407.38
1383.49 1405.68
1385.5 1404.35
1387.43 1402.9
1389.36 1401.46
1390.97 1399.67
1392.34 1397.71
1394.13 1396.14
1395.61 1394.3
1396.84 1392.27
1398.38 1390.52
1400.23 1389.1
1402.24 1387.86
1403.84 1386.15
1405.17 1384.17
1407.04 1382.68
1408.04 1380.54
1409.8 1378.99
1411.35 1377.28
1412.61 1375.32
1413.73 1373.26
1415.4 1371.59
1416.83 1369.76
1418.07 1367.8
1419.2 1365.8
1420.37 1363.86
1421.27 1361.76
1422.32 1359.75
1423.38 1357.74
1423.94 1355.53
1425.68 1354.01
1427.1 1352.29
1428.33 1350.43
1429.16 1348.38
1429.84 1346.29
1431.08 1344.43
1431.72 1342.34
1432.83 1340.46
1434.01 1338.63
1435.11 1336.76
1436.49 1335.05
1437.63 1333.21
1438.02 1331.1
1438.13 1328.94
1438.46 1326.81
1439.25 1324.75
1439.65 1322.61
1440.27 1320.55
1441.44 1318.69
1442.25 1316.68
1442.91 1314.62
1443.58 1312.56
1444.14 1310.48
1444.47 1308.36
1444.78 1306.25
1445.21 1304.17
1445.71 1302.11
1445.84 1300.01
1445.81 1297.92
1445.75 1295.83
1445.68 1293.74
1445.64 1291.65
1445.68 1289.56
1445.73 1287.49
1445.77 1285.41
1445.88 1283.35
1446.14 1281.32
1446.76 1279.37
1447.51 1277.47
1448.11 1275.53
1448.58 1273.55
1448.85 1271.53
1449 1269.49
1449.09 1267.45
1449.15 1265.41
1449.18 1263.37
1449.12 1261.34
1448.94 1259.32
1448.67 1257.3
1448.31 1255.3
1448.12 1253.3
1448.24 1251.29
1448.43 1249.29
1448.7 1247.32
1449.57 1245.48
1450.15 1243.56
1450.46 1241.57
1450.59 1239.54
1450.69 1237.52
1450.74 1235.5
1450.7 1233.48
1450.61 1231.45
1450.62 1229.43
1450.78 1227.42
1450.98 1225.41
1451.14 1223.39
1451.34 1221.37
1451.64 1219.36
1451.96 1217.35
1452.22 1215.34
1452.43 1213.31
1452.62 1211.28
1452.75 1209.26
1452.77 1207.23
1452.72 1205.2
1452.6 1203.17
1452.39 1201.16
1452.15 1199.14
1451.98 1197.13
1451.99 1195.12
1452.15 1193.11
1452.42 1191.12
1452.57 1189.13
1452.63 1187.13
1452.65 1185.12
1452.63 1183.12
1452.49 1181.13
1452.29 1179.15
1452.08 1177.16
1451.94 1175.17
1452.02 1173.17
1452.22 1171.19
1452.39 1169.2
1452.5 1167.22
1452.59 1165.21
1452.72 1163.2
1452.85 1161.2
1452.95 1159.2
1452.99 1157.19
1453.03 1155.19
1453.08 1153.18
1453.14 1151.17
1453.14 1149.16
1453.15 1147.15
1453.24 1145.14
1453.59 1143.14
1453.79 1141.13
1453.83 1139.11
1453.85 1137.07
1453.86 1135.03
1453.87 1133
1453.88 1130.96
1453.83 1128.92
1453.6 1126.89
1453.48 1124.86
1453.45 1122.83
1453.41 1120.8
1453.35 1118.77
1453.34 1116.73
1453.39 1114.68
1453.48 1112.64
1453.68 1110.58
1453.8 1108.51
1453.83 1106.44
1453.81 1104.37
1453.73 1102.29
1453.69 1100.19
1453.65 1098.08
1453.45 1095.98
1453.05 1093.91
1452.78 1091.81
1452.65 1089.69
1452.54 1087.57
1452.29 1085.46
1451.71 1083.41
1451.04 1081.38
1450.73 1079.25
1450.42 1077.12
1449.91 1075.02
1449.16 1073
1448.19 1071.03
1447.61 1068.89
1446.98 1066.78
1446.25 1064.68
1445.62 1062.54
1445.22 1060.34
1444.75 1058.15
1444.06 1056
1443.03 1053.94
1442.14 1051.84
1441.55 1049.62
1440.66 1047.51
1439.37 1045.57
1437.9 1043.74
1436.83 1041.66
1435.54 1039.67
1434.22 1037.69
1433.62 1035.41
1433.09 1033.09
1431.62 1031.18
1430.15 1029.26
1428.87 1027.24
1427.47 1025.32
1425.99 1023.42
1424.37 1021.61
1423.03 1019.61
1421.12 1018.05
1419.65 1016.12
1418.44 1014.01
1417.07 1012.06
1415.3 1010.4
1413.32 1008.9
1411.65 1007.07
1410.05 1005.12
1407.87 1003.81
1406.01 1002.19
1404.73 1000.09
1403.44 998.004
1401.88 996.155
1400.22 994.442
1398.41 992.909
1396.69 991.252
1395.27 989.287
1393.69 987.505
1391.82 986.039
1389.67 985.079
1387.49 984.218
1385.35 983.247
1383.54 981.702
1381.76 980.172
1380.38 978.275
1378.81 976.583
1377.25 974.892
1375.49 973.347
1373.66 971.923
1371.99 970.308
1369.99 969.194
1368.06 967.953
1366.16 966.754
1364.65 965.071
1363 963.609
1361.34 962.189
1359.62 960.846
1357.93 959.508
1356.11 958.455
1354.28 957.43
1352.66 956.137
1352.07 954.263
1353.25 952.583
1354.74 951.105
1356.22 949.577
1357.96 948.366
1359.84 947.27
1361.88 946.348
1363.78 945.188
1365.31 943.518
1366.63 941.653
1367.89 939.765
1368.98 937.764
1369.67 935.598
1370.35 933.432
1370.84 931.217
1371.31 928.997
1371.69 926.772
1371.81 924.524
1371.65 922.298
1371.12 920.144
1370.31 918.083
1369.88 915.958
1369.64 913.828
1369.54 911.698
1369.66 909.574
1370.37 907.622
1371.95 906.2
1373.68 904.959
1375.2 903.433
1376.28 901.526
1377.85 900.017
1379.27 898.385
1380.57 896.645
1381.54 894.718
1382 892.608
1382.1 890.42
1382.13 888.228
1382.29 886.041
1382.12 883.87
1381.87 881.712
1381.84 879.554
1382.18 877.423
1382.88 875.366
1383.4 873.272
1383.59 871.127
1383.68 868.972
1383.69 866.829
1383.66 864.701
1383.63 862.583
1383.62 860.465
1383.65 858.354
1383.7 856.251
1383.89 854.173
1384.43 852.147
1385.06 850.149
1385.58 848.13
1386.58 846.321
1387.72 844.591
1388.73 842.773
1389.77 840.98
1391.18 839.349
1391.86 837.34
1392.64 835.37
1393.28 833.346
1393.87 831.3
1394.52 829.253
1395.07 827.157
1395.79 825.102
1396.4 823.024
1396.67 820.877
1396.8 818.717
1396.87 816.559
1396.88 814.405
1396.79 812.258
1396.66 810.112
1396.54 807.971
1396.34 805.85
1395.93 803.767
1395.27 801.749
1394.54 799.782
1393.87 797.814
1393.22 795.867
1391.94 794.188
1391.48 792.212
1390.99 790.278
1389.88 788.585
1389.49 786.705
1389.28 784.809
1388.75 782.992
1388.39 781.135
1388.11 779.264
1387.96 777.379
1388.59 775.677
1390.28 775.089
1392.02 775.686
1393.4 777.059
1394.82 778.356
1396.22 779.667
1397.78 780.77
1399.63 781.343
1401.58 781.57
1403.59 781.603
1405.6 781.458
1407.58 781.013
1409.57 780.435
1411.51 779.629
1413.42 778.742
1415.38 777.981
1417.45 777.541
1419.56 777.319
1421.63 776.86
1423.58 775.867
1425.69 775.531
1427.87 775.629
1429.85 776.535
1431.58 777.903
1433.23 779.408
1434.31 781.331
1435.23 783.405
1436.52 785.254
1438.29 786.654
1440.25 787.805
1442.4 788.683
1444.61 789.471
1446.84 790.289
1449.05 791.247
1451.4 791.671
1453.8 791.7
1456.15 791.277
1458.05 789.753
1459.75 788.007
1460.91 785.851
1461.93 783.636
1463.49 781.756
1465.41 780.234
1466.97 778.401
1468.39 776.462
1469.66 774.436
1471 772.452
1472.2 770.406
1473.37 768.356
1474.39 766.254
1475.47 764.194
1476.52 762.128
1477.32 759.958
1478.3 757.92
1479.67 756.117
1480.88 754.223
1481.66 752.134
1482.67 750.169
1483.76 748.246
1484.63 746.23
1485.3 744.162
1485.91 742.09
1486.5 740.017
1487 737.911
1487.76 735.889
1488.59 733.915
1489.14 731.856
1489.37 729.735
1489.7 727.623
1490.2 725.538
1490.47 723.418
1490.67 721.284
1490.97 719.159
1491.41 717.043
1491.8 714.92
1492.1 712.782
1492.28 710.634
1492.36 708.476
1492.38 706.318
1492.39 704.157
1492.3 701.997
1492.23 699.833
1492.19 697.665
1492.16 695.492
1492.12 693.316
1492.12 691.134
1492.06 688.948
1491.77 686.78
1491.23 684.65
1490.71 682.52
1490.33 680.362
1489.8 678.256
1488.81 676.304
1487.79 674.353
1487.5 672.192
1487.07 670.061
1486.79 667.921
1486.31 665.834
1485.9 663.735
1485.54 661.655
1484.91 659.671
1483.53 658.106
1481.93 656.715
1480.65 655.078
1479.55 653.291
1478.53 651.446
1477.82 649.477
1477.28 647.444
1476.4 645.546
1475.26 643.779
1474.24 641.958
1473.43 640.016
1472.52 638.129
1471.61 636.256
1470.69 634.399
1469.54 632.674
1468.35 630.992
1467.32 629.186
1466.3 627.387
1465.27 625.615
1464.01 623.957
1463.38 622.002
1462.02 620.456
1461.28 618.657
1461.05 616.717
1461.04 614.758
1461.12 612.796
1461.25 610.839
1461.44 608.884
1461.77 606.945
1461.96 605.012
1462.07 603.074
1462.22 601.14
1462.55 599.223
1463.12 597.341
1463.61 595.453
1463.98 593.532
1464.38 591.595
1464.78 589.649
1465.07 587.684
1465.21 585.699
1465.44 583.718
1465.84 581.743
1466.14 579.736
1466.46 577.721
1466.97 575.742
1467.61 573.775
1468.07 571.76
1468.27 569.702
1468.22 567.636
1468.12 565.569
1468.09 563.5
1468.08 561.433
1468.07 559.368
1468.09 557.305
1468.08 555.245
1468.1 553.189
1468.22 551.14
1468.36 549.101
1468.44 547.058
1468.5 545.014
1468.6 542.972
1468.69 540.93
1468.7 538.879
1468.64 536.837
1468.48 534.81
1468.13 532.807
1467.51 530.862
1466.97 528.898
1466.74 526.88
1466.75 524.85
1467.36 522.926
1468.37 521.161
1469.38 519.38
1470.75 517.817
1471.81 516.076
1473.4 514.695
1474.64 513.052
1475.61 511.179
1476.57 509.288
1477.74 507.538
1479.23 505.952
1479.9 503.841
1481.47 502.316
1482.72 500.585
1483.9 498.791
1484.86 496.878
1485.71 494.908
1486.57 492.946
1487.35 490.947
1487.84 488.851
1488.57 486.825
1489.79 485.01
1490.66 483.029
1491.49 481.036
1492.31 479.038
1492.78 476.93
1493.14 474.8
1493.6 472.691
1494.32 470.644
1495.05 468.589
1496.06 466.67
1497.13 464.796
1497.94 462.807
1498.51 460.698
1498.92 458.567
1499.06 456.398
1498.93 454.226
1498.81 452.063
1498.89 449.907
1499.2 447.775
1499.59 445.651
1499.86 443.513
1499.99 441.365
1500.02 439.212
1500.05 437.058
1500.03 434.906
1499.87 432.763
1499.52 430.638
1499.32 428.497
1499.29 426.344
1499.2 424.193
1499.01 422.039
1498.48 419.95
1497.71 417.944
1496.67 416.054
1495.9 414.058
1495.01 412.124
1494.41 410.102
1494.11 408.017
1493.94 405.929
1493.91 403.832
1493.8 401.741
1493.51 399.663
1492.99 397.604
1492.6 395.5
1492.1 393.408
1491.25 391.414
1490.34 389.432
1489.31 387.499
1487.96 385.695
1487.65 383.524
1487.38 381.339
1486.69 379.237
1485.84 377.187
1485.16 375.084
1484.32 373.04
1483.2 371.114
1482.09 369.204
1480.89 367.346
1479.37 365.702
1478.41 363.722
1477.98 361.525
1477.53 359.324
1476.86 357.162
1475.82 355.157
1474.47 353.313
1473.3 351.33
1472 349.414
1470.9 347.377
1469.69 345.382
1468.7 343.244
1467.54 341.182
1465.95 339.453
1463.98 338.065
1462.69 336.075
1461.18 334.277
1459.87 332.35
1458.38 330.566
1456.69 328.943
1455.19 327.129
1453.57 325.352
1451.81 323.757
1449.93 322.321
1447.86 321.121
1446.36 319.312
1445.2 317.24
1444.2 315.105
1443.06 313.061
1441.97 310.976
1440.84 308.89
1439.5 306.926
1438.15 305.006
1436.96 302.992
1435.97 300.843
1434.8 298.779
1433.59 296.764
1431.83 295.141
1430.5 293.16
1428.88 291.419
1427.35 289.622
1426.01 287.654
1424.52 285.811
1423.15 283.897
1421.28 282.418
1419.53 280.842
1417.85 279.158
1416.17 277.431
1414.53 275.713
1412.82 274.055
1411.31 272.211
1409.69 270.483
1407.95 268.83
1406.52 266.944
1404.97 265.154
1403.75 263.102
1402.39 261.118
1400.54 259.576
1398.7 258.035
1397.12 256.204
1395.47 254.499
1393.9 252.694
1391.95 251.309
1389.84 250.237
1387.79 249.089
1386 247.508
1383.92 246.344
1382.25 244.73
1380.72 242.989
1379.09 241.361
1377.51 239.662
1375.49 238.5
1373.6 237.144
1371.91 235.581
1370.1 234.157
1368.09 232.996
1366.45 231.373
1364.85 229.702
1363.09 228.235
1361.31 226.806
1359.32 225.675
1357.39 224.406
1355.5 223.124
1353.69 221.697
1351.57 220.774
1349.62 219.554
1347.8 218.142
1345.72 217.191
1343.8 215.908
1341.61 215.476
1339.42 215.057
1337.77 213.43
1335.82 212.352
1333.85 211.363
1331.8 210.618
1329.67 210.16
1327.55 209.651
1325.42 209.163
1323.37 208.444
1321.42 207.472
1319.51 206.407
1317.6 205.319
1315.56 204.579
1313.44 204.037
1311.32 203.461
1309.16 203.088
1306.98 203.022
1304.82 203.214
1302.69 203.583
1300.57 203.982
1298.46 204.266
1296.34 204.371
1294.23 204.359
1292.13 204.321
1290.03 204.291
1287.94 204.271
1285.85 204.231
1283.77 204.2
1281.69 204.214
1279.62 204.305
1277.56 204.502
1275.52 204.727
1273.48 204.973
1271.47 205.372
1269.46 205.687
1267.45 205.796
1265.44 205.817
1263.44 205.873
1261.48 206.191
1259.61 206.876
1257.8 207.682
1255.98 208.461
1254.04 208.796
1252.07 208.602
1250.12 208.186
1248.14 207.911
1246.14 207.927
1244.14 207.956
1242.14 207.86
1240.15 207.575
1238.19 207.235
1236.23 206.837
1234.26 206.412
1232.28 206.086
1230.28 205.884
1228.26 205.817
1226.25 205.793
1224.23 205.814
1222.21 205.896
1220.19 205.939
1218.16 205.945
1216.13 205.948
1214.1 205.957
1212.07 205.946
1210.04 205.976
1208.01 205.953
1205.97 205.92
1203.95 205.889
1201.92 205.882
1199.91 205.906
1197.91 205.966
1195.92 206.109
1193.92 206.161
1191.94 205.983
1189.98 205.528
1188.04 204.965
1186.09 204.412
1184.12 203.914
1182.18 203.31
1180.24 202.739
1178.25 202.345
1176.26 202.034
1174.29 201.725
1172.31 201.63
1170.32 201.522
1168.44 200.917
1167 199.42
1165.2 198.495
1163.22 197.962
1161.18 197.634
1159.19 197.118
1157.21 196.472
1155.21 195.847
1153.27 195.033
1151.36 194.116
1149.4 193.332
1147.38 192.655
1145.36 191.962
1143.29 191.392
1141.23 190.773
1139.56 189.328
1137.72 188.175
1135.81 187.101
1133.83 186.258
1131.73 185.721
1129.69 184.956
1127.88 183.637
1125.82 182.825
1124.07 181.451
1122.09 180.472
1120.1 179.506
1118.14 178.522
1116.07 177.786
1113.96 177.077
1112.13 175.724
1110.12 174.815
1108.19 173.692
1106.05 173.154
1103.94 172.494
1102.05 171.331
1100.05 170.472
1097.92 169.914
1095.85 169.163
1094.04 167.864
1092.03 166.973
1090.02 166.115
1087.96 165.426
1085.97 164.572
1084.01 163.646
1082.06 162.652
1080.05 161.842
1078.06 161.019
1076.08 160.151
1074.02 159.495
1071.97 158.805
1070.11 157.665
1068.13 156.839
1066.07 156.167
1064.06 155.374
1062.04 154.643
1059.93 154.272
1057.8 153.993
1055.72 153.528
1053.65 153.081
1051.58 152.698
1049.53 152.196
1047.52 151.478
1045.43 151.061
1043.42 150.309
1041.5 149.382
1039.46 148.879
1037.36 148.574
1035.29 148.17
1033.25 147.624
1031.18 147.218
1029.1 146.974
1027.01 146.903
1024.92 146.889
1022.85 146.771
1020.79 146.647
1018.73 146.591
1016.67 146.531
1014.62 146.451
1012.58 146.387
1010.54 146.339
1008.51 146.242
1006.51 145.93
1004.49 145.703
1002.47 145.568
1000.43 145.428
998.396 145.213
996.357 145.136
994.313 145.128
992.272 145.135
990.237 145.183
988.207 145.162
986.175 145.099
984.143 145.053
982.114 145.022
980.082 144.958
978.052 144.847
976.02 144.797
973.986 144.826
971.958 144.916
969.942 145.081
967.933 145.265
965.932 145.504
963.925 145.572
961.921 145.583
959.922 145.574
957.929 145.609
955.956 145.821
954.017 146.258
952.053 146.475
950.107 146.086
948.164 145.723
946.187 145.551
944.189 145.406
942.177 145.224
940.143 145.195
938.093 145.184
936.032 145.037
933.973 144.777
931.908 144.586
929.837 144.647
927.784 144.958
925.734 145.329
923.658 145.558
921.559 145.41
919.454 145.117
917.355 144.592
915.459 143.481
913.542 142.381
911.403 141.899
909.202 142.059
907.184 142.994
905.573 144.641
903.915 146.26
902.052 147.614
899.866 148.19
897.655 147.864
895.817 146.492
894.044 145.075
891.992 144.216
889.803 143.806
887.58 143.683
885.37 143.834
883.194 144.292
881.044 144.831
878.91 145.388
876.745 145.8
874.582 146.142
872.435 146.503
870.331 147.089
868.306 147.934
866.205 148.537
864.087 149.076
862.046 149.777
860.062 150.619
858.064 151.467
856.059 152.351
854.11 153.324
851.974 153.663
849.813 153.949
847.768 154.677
846.003 155.952
844.363 157.337
842.864 158.921
840.887 159.81
839.171 161.127
837.173 161.872
835.079 162.33
833.049 162.96
831.156 163.969
829.204 164.868
827.38 165.991
825.74 167.453
823.819 168.48
821.942 169.539
819.93 170.259
817.936 171.044
816.057 172.084
814.376 173.37
812.751 174.766
810.744 175.392
808.683 175.831
806.992 177.151
805.067 178.027
803.069 178.75
801.183 179.725
799.271 180.646
797.222 181.143
795.132 181.434
793.123 182.009
791.359 183.226
789.405 184.065
787.38 184.703
785.296 185.085
783.226 185.516
781.168 186.009
779.124 186.566
777.22 187.492
775.427 188.675
773.508 189.594
771.462 190.157
769.393 190.692
767.426 191.521
765.479 192.405
763.407 192.919
761.318 193.288
759.278 193.863
757.328 194.73
755.404 195.69
753.413 196.501
751.376 197.191
749.293 197.781
747.291 198.608
745.245 199.306
743.267 200.137
741.451 201.417
739.383 202.091
737.319 202.747
735.47 203.914
733.554 204.95
731.485 205.621
729.551 206.619
727.63 207.648
725.834 208.914
723.781 209.573
721.683 210.112
719.69 210.989
717.817 212.128
715.749 212.807
713.745 213.65
712.037 215.14
709.914 215.592
707.806 216.11
705.832 217.005
703.822 217.845
702.042 219.14
700.184 220.281
698.125 221.038
696.085 221.856
694.341 223.23
692.364 224.225
690.649 225.664
688.75 226.768
686.766 227.77
684.839 228.847
683.084 230.197
681.172 231.301
678.996 231.838
677.151 233.236
675.104 234.204
673.054 235.137
671.105 236.323
668.971 237.142
666.894 238.019
665.203 239.574
663.437 241.045
661.402 242.092
659.388 243.145
657.472 244.371
655.517 245.527
653.575 246.729
651.513 247.675
649.849 249.293
647.864 250.391
645.821 251.366
643.854 252.441
641.913 253.564
640.23 255.112
638.362 256.286
636.581 257.658
634.641 258.77
632.733 259.95
630.624 260.763
628.559 261.671
626.757 263.128
624.617 263.89
622.809 265.299
620.775 266.324
618.806 267.46
616.991 268.835
615.13 270.188
613.136 271.379
611.174 272.579
609.283 273.884
607.141 274.729
605.018 275.652
602.973 276.732
600.97 277.885
599.169 279.417
597.197 280.719
595.071 281.725
592.817 282.377
590.611 283.175
588.619 284.426
586.749 285.85
585.15 287.596
583.54 289.374
581.695 290.87
579.771 292.247
577.699 293.403
575.74 294.78
573.574 295.759
571.878 297.399
570.2 299.012
568.716 300.812
567.295 302.681
565.302 303.939
563.739 305.71
562.007 307.277
560.252 308.829
559.071 310.895
556.966 312.017
555.478 313.818
553.957 315.576
552.368 317.29
551.099 319.277
549.211 320.702
547.37 322.169
545.543 323.649
543.719 325.161
542.069 326.901
539.896 327.89
538.29 329.637
536.728 331.417
535.222 333.285
533.619 335.123
531.652 336.48
529.637 337.787
527.385 338.661
525.257 339.795
523.254 341.116
521.407 342.691
519.29 343.895
517.418 345.522
515.494 347.034
513.675 348.696
511.748 350.251
510.089 352.037
508.687 354.046
507.163 355.94
505.639 357.808
504.015 359.634
503.219 361.927
501.767 363.815
500.162 365.549
498.374 367.12
496.153 368.045
494.28 369.532
492.323 370.852
490.445 372.323
488.504 373.718
486.744 375.39
484.837 376.91
483.054 378.533
481.416 380.289
479.53 381.797
477.721 383.418
476.003 385.097
474.237 386.681
472.604 388.397
471.082 390.213
469.246 391.766
467.837 393.69
466.48 395.635
465.164 397.592
463.55 399.346
461.937 401.081
460.238 402.648
458.472 404.143
456.694 405.608
455.084 407.307
453.135 408.617
451.457 410.211
450.208 412.138
449.167 414.186
447.693 415.993
446.781 418.132
445.225 419.809
443.623 421.425
442.244 423.263
440.773 425.001
439.166 426.596
437.324 427.988
435.711 429.583
434.324 431.421
432.899 433.219
431.126 434.671
429.279 436.073
427.75 437.77
426.499 439.72
425.559 441.869
424.222 443.793
423.115 445.827
421.607 447.605
420.09 449.356
418.429 450.948
416.98 452.728
415.503 454.522
414.166 456.425
412.793 458.3
411.383 460.132
410.064 462.009
408.638 463.835
407.285 465.748
405.452 467.229
403.86 468.913
402.497 470.767
401.483 472.79
401.066 474.978
400.594 477.133
399.622 479.084
398.187 480.69
396.391 481.939
394.737 483.358
393.506 485.182
392.379 487.136
391.218 489.072
389.72 490.8
388.64 492.791
387.609 494.807
386.588 496.815
385.64 498.851
384.296 500.67
383.079 502.543
381.43 504.109
380.333 506.079
379.122 507.983
377.964 509.909
376.668 511.78
375.348 513.656
373.672 515.249
372.307 517.065
371.096 519.018
369.961 521.019
368.209 522.499
366.559 524.068
364.848 525.592
363.46 527.44
362.046 529.273
360.144 530.589
358.173 531.834
356.413 533.316
355.047 535.198
354.066 537.315
352.933 539.332
351.314 541.064
349.948 542.97
348.809 545.009
347.588 546.975
346.408 548.967
345.491 551.098
344.436 553.156
343.526 555.253
342.671 557.367
341.494 559.315
340.307 561.248
338.954 563.065
337.989 565.098
337.111 567.172
335.842 569.042
335.115 571.155
334.218 573.187
333.453 575.254
332.792 577.342
332.121 579.416
331.176 581.379
330.186 583.314
329.399 585.316
328.953 587.414
328.392 589.491
327.545 591.475
326.813 593.497
325.71 595.371
325.051 597.423
324.159 599.389
322.976 601.217
322.122 603.199
321.264 605.199
319.899 606.959
319.18 608.987
317.835 610.697
316.836 612.584
316.034 614.564
315.113 616.497
314.437 618.522
313.908 620.595
313.17 622.589
311.858 624.335
311.058 626.349
309.699 628.074
308.758 630.016
307.538 631.82
306.585 633.773
306.059 635.877
305.576 637.991
304.867 640.048
304.054 642.081
302.95 643.963
301.913 645.86
301.165 647.882
300.409 649.91
299.541 651.894
298.606 653.842
297.753 655.824
297.364 657.929
297.202 660.07
297.038 662.203
296.755 664.318
296.189 666.391
295.422 668.394
295 670.477
295.005 672.632
294.13 674.588
293.238 676.526
292.554 678.536
291.796 680.524
290.901 682.468
290.266 684.516
289.749 686.586
289.303 688.659
289.162 690.758
289.099 692.863
289.047 694.963
288.926 697.033
288.653 699.091
288.174 701.114
287.503 703.079
286.857 705.043
286.19 707.013
285.774 709.041
285.37 711.062
284.742 713.031
284.18 715.021
283.461 716.967
282.749 718.902
282.312 720.892
282.128 722.927
281.97 724.964
281.634 726.985
281.252 728.986
281.09 731.013
281.007 733.054
280.763 735.085
280.112 737.015
279.205 738.852
278.25 740.669
277.672 742.633
277.131 744.612
276.742 746.629
276.441 748.677
276.027 750.713
275.375 752.708
274.774 754.719
274.358 756.778
273.849 758.8
273.338 760.818
273.171 762.881
273.155 764.943
273.125 766.997
273.088 769.051
273.053 771.103
272.899 773.152
272.517 775.179
271.885 777.15
271.008 779.038
270.3 780.987
269.966 783.04
269.845 785.132
269.69 787.228
269.824 789.329
270.38 791.386
270.852 793.475
271.041 795.597
270.923 797.708
270.181 799.715
269.689 801.745
269.758 803.807
270.169 805.838
270.167 807.86
269.501 809.787
268.946 811.726
268.659 813.719
268.497 815.734
268.441 817.761
268.44 819.796
268.449 821.835
268.451 823.879
268.45 825.931
268.449 827.986
268.444 830.046
268.426 832.108
268.419 834.168
268.422 836.231
268.425 838.297
268.424 840.365
268.418 842.436
268.409 844.509
268.409 846.585
268.447 848.663
268.529 850.744
268.709 852.811
269.083 854.851
269.536 856.879
269.683 858.944
269.747 861.009
269.841 863.074
270.12 865.116
270.696 867.108
271.274 869.105
271.753 871.133
272.253 873.149
272.722 875.173
273.012 877.22
273.135 879.281
273.256 881.337
273.386 883.388
273.646 885.412
274.272 887.355
275.098 889.213
275.996 891.044
276.562 892.985
276.879 894.98
277.178 896.981
277.376 898.998
277.784 900.987
279.076 902.666
279.665 904.604
280.112 906.615
280.637 908.601
281.149 910.587
281.64 912.568
281.894 914.592
282.097 916.613
282.275 918.634
282.488 920.651
282.686 922.678
282.939 924.701
283.346 926.7
283.797 928.688
284.117 930.697
284.36 932.712
284.624 934.719
285.006 936.706
285.177 938.724
285.293 940.746
285.468 942.772
285.723 944.784
285.834 946.812
285.855 948.853
285.851 950.904
285.843 952.963
285.937 955.027
286.277 957.074
286.794 959.1
287.189 961.144
287.458 963.224
288.131 965.218
288.911 967.189
289.361 969.23
289.508 971.316
289.637 973.397
289.964 975.443
290.479 977.463
291.194 979.424
292.099 981.318
292.933 983.229
293.625 985.178
294.241 987.145
294.861 989.114
295.434 991.094
296.292 992.952
297.024 994.85
297.381 996.857
297.814 998.845
298.501 1000.79
298.655 1002.82
298.613 1004.88
298.538 1006.95
298.405 1009.03
298.288 1011.13
298.193 1013.24
298.133 1015.36
298.134 1017.52
298.121 1019.69
298.152 1021.88
298.315 1024.08
298.467 1026.32
298.722 1028.56
299.217 1030.77
299.959 1032.94
300.547 1035.15
301.288 1037.32
302.513 1039.29
303.569 1041.33
305.092 1043.05
306.26 1044.97
307.279 1046.98
308.507 1048.83
309.839 1050.56
311.504 1052.02
313.224 1053.4
314.417 1055.23
315.677 1056.94
317.085 1058.45
318.544 1059.89
319.977 1061.31
321.879 1062.07
323.643 1063.04
325.531 1063.64
327.265 1064.54
328.58 1066
329.688 1067.61
330.016 1069.5
329.634 1071.41
328.873 1073.23
327.933 1074.98
327.315 1076.87
326.046 1078.45
324.99 1080.12
324.349 1082.02
323.636 1083.91
322.838 1085.77
322.331 1087.74
321.984 1089.74
321.751 1091.79
321.438 1093.83
320.626 1095.75
319.789 1097.66
319.111 1099.63
318.377 1101.58
317.754 1103.57
317.428 1105.64
317.243 1107.72
317.05 1109.79
316.573 1111.84
316.146 1113.91
315.749 1116
315.337 1118.09
315.028 1120.18
314.887 1122.3
314.863 1124.41
314.825 1126.52
314.752 1128.63
314.716 1130.73
314.707 1132.83
314.747 1134.92
314.865 1137.01
314.904 1139.1
314.858 1141.18
314.828 1143.25
314.903 1145.32
315.192 1147.36
315.572 1149.38
315.979 1151.39
316.324 1153.39
316.595 1155.39
316.93 1157.36
317.319 1159.31
317.648 1161.27
317.773 1163.26
317.68 1165.26
317.613 1167.27
317.513 1169.28
317.258 1171.29
317.09 1173.3
317.308 1175.31
317.618 1177.31
317.727 1179.33
317.767 1181.36
317.934 1183.37
318.788 1185.23
319.519 1187.13
319.718 1189.15
319.832 1191.18
320.167 1193.2
320.272 1195.23
320.422 1197.26
320.734 1199.27
321.081 1201.26
321.169 1203.27
321.026 1205.28
320.794 1207.28
320.643 1209.29
320.829 1211.29
321.05 1213.3
321.153 1215.31
321.177 1217.32
321.192 1219.34
321.237 1221.35
321.346 1223.35
321.484 1225.37
321.587 1227.38
321.698 1229.38
321.902 1231.37
322.126 1233.38
322.138 1235.39
322.09 1237.41
322.033 1239.42
322.069 1241.45
322.202 1243.48
322.372 1245.5
322.528 1247.54
322.707 1249.56
322.941 1251.59
323.188 1253.62
323.371 1255.66
323.595 1257.71
324 1259.72
324.384 1261.74
324.786 1263.74
325.224 1265.74
325.618 1267.75
325.708 1269.8
325.776 1271.86
325.844 1273.91
325.983 1275.95
326.269 1277.98
326.433 1280.03
326.913 1282.02
327.654 1283.89
328.835 1285.53
329.608 1287.34
329.435 1289.29
328.743 1291.19
328.027 1293.1
327.692 1295.13
327.61 1297.22
327.637 1299.33
327.833 1301.43
328.313 1303.51
328.777 1305.59
329 1307.71
329.076 1309.85
329.091 1311.98
329.105 1314.13
329.162 1316.27
329.35 1318.41
329.903 1320.48
330.572 1322.52
331.399 1324.52
332.256 1326.49
332.874 1328.55
333.538 1330.6
334.519 1332.55
335.207 1334.59
335.348 1336.73
335.738 1338.84
336.423 1340.88
337.089 1342.93
337.646 1345.03
337.985 1347.16
338.329 1349.29
339.077 1351.31
340.218 1353.19
341.051 1355.2
341.403 1357.35
341.646 1359.54
342.032 1361.69
342.728 1363.8
343.711 1365.81
345.056 1367.65
345.929 1369.74
346.889 1371.78
348.273 1373.58
349.45 1375.53
350.301 1377.63
351.205 1379.71
352.307 1381.72
353.406 1383.74
354.39 1385.82
355.661 1387.74
357.019 1389.59
358.413 1391.44
359.778 1393.32
361.473 1394.94
362.828 1396.81
364.177 1398.73
365.318 1400.79
366.703 1402.69
367.775 1404.77
369.432 1406.49
370.866 1408.36
372.37 1410.2
374.03 1411.89
375.977 1413.3
377.915 1414.79
379.74 1416.35
381.118 1418.4
382.956 1420
384.946 1421.38
386.362 1423.31
387.661 1425.33
389.221 1427.09
391.171 1428.45
393.022 1429.88
394.597 1431.61
396.119 1433.41
397.907 1434.88
399.872 1436.18
401.97 1437.3
403.728 1438.9
405.351 1440.65
407.09 1442.3
408.891 1443.83
410.865 1445.06
412.948 1446.15
414.888 1447.5
416.44 1449.23
417.921 1451.03
419.34 1452.89
421.21 1454.25
423.195 1455.54
425.001 1457.06
426.952 1458.28
428.963 1459.42
430.969 1460.58
433.065 1461.52
435.236 1462.18
437.314 1463.1
439.368 1464.08
441.12 1465.57
442.791 1467.1
444.512 1468.58
446.277 1470
447.962 1471.59
450.014 1472.76
451.931 1474.09
453.812 1475.44
455.767 1476.72
457.968 1477.46
460.215 1477.97
462.342 1478.9
464.47 1479.74
466.329 1481.19
468.431 1482.08
470.589 1482.81
472.638 1483.8
474.758 1484.57
476.957 1485.09
479.052 1485.87
480.764 1487.34
482.488 1488.8
484.523 1489.67
486.673 1490.32
488.666 1491.34
490.56 1492.54
492.529 1493.62
494.281 1495.09
496.278 1496.09
498.207 1497.3
500.42 1497.76
502.642 1498.21
504.713 1499.12
506.709 1500.17
508.804 1500.9
510.939 1501.38
513.087 1501.42
515.229 1501.02
517.083 1501.87
518.355 1503.6
519.598 1505.39
521.325 1506.77
522.937 1508.32
524.917 1509.25
527.052 1509.67
529.214 1509.79
531.363 1509.63
533.46 1509.82
535.308 1510.87
537.103 1511.95
538.796 1513.31
540.868 1513.89
542.944 1514.5
544.898 1515.47
546.876 1516.34
548.959 1516.9
551.059 1517.38
553.145 1517.88
555.153 1518.63
556.946 1519.84
558.81 1520.95
560.781 1521.82
562.725 1522.79
564.808 1523.46
567.048 1523.34
569.295 1523.36
571.399 1524.08
573.315 1525.26
575.392 1525.94
577.451 1526.57
579.422 1527.42
581.338 1528.37
583.299 1529.2
585.326 1529.83
587.388 1530.28
589.469 1530.63
591.55 1531
593.638 1531.39
595.712 1531.8
597.783 1532.19
599.859 1532.46
601.927 1532.7
603.974 1533
605.996 1533.45
607.913 1534.26
609.717 1535.32
611.562 1536.25
613.459 1537.05
615.452 1537.57
617.438 1538.13
619.457 1538.51
621.466 1538.94
623.415 1539.64
625.395 1540.23
627.437 1540.51
629.498 1540.65
631.56 1540.75
633.619 1540.83
635.663 1540.97
637.691 1541.19
639.695 1541.59
641.663 1542.12
643.562 1542.88
645.501 1543.55
647.534 1543.96
649.272 1545.14
651.164 1545.9
653.156 1546.37
655.171 1546.77
657.179 1547.26
659.162 1547.85
661.181 1548.28
663.237 1548.35
665.298 1548.19
667.356 1548.21
669.374 1548.57
671.363 1549.04
673.358 1549.36
675.384 1549.47
677.424 1549.55
679.438 1549.87
681.361 1550.62
683.151 1551.69
685.016 1552.56
687.032 1552.67
689.103 1552.02
691.059 1552.8
693.003 1553.62
695.083 1553.87
697.165 1553.83
699.241 1553.94
701.282 1554.34
703.218 1555.14
705.053 1556.16
707.065 1556.61
709.129 1556.73
711.192 1556.72
713.26 1556.67
715.327 1556.67
717.39 1556.69
719.446 1556.79
721.486 1556.94
723.521 1557.03
725.56 1557.05
727.603 1557.05
729.646 1557.12
731.674 1557.18
733.687 1557.26
735.677 1557.53
737.646 1557.81
739.631 1558
741.623 1558.27
743.569 1558.85
745.49 1559.56
747.455 1560.14
749.438 1560.68
751.478 1560.79
753.521 1560.41
755.549 1559.91
757.603 1559.86
759.577 1560.53
761.548 1561.11
763.582 1561.33
765.624 1561.49
767.643 1561.85
769.676 1562.17
771.702 1561.88
773.624 1561.04
775.566 1560.2
777.644 1559.97
779.689 1560.26
781.539 1561.24
783.447 1561.96
785.419 1562.53
787.395 1563.06
789.395 1563.5
791.426 1563.68
793.467 1563.65
795.503 1563.61
797.533 1563.66
799.536 1563.95
801.514 1564.31
803.503 1564.54
805.49 1564.72
807.459 1565.05
809.467 1565.29
811.501 1565.3
813.54 1565.31
815.569 1565.31
817.576 1565.35
819.572 1565.43
821.565 1565.58
823.565 1565.84
825.585 1566.03
827.621 1566.04
829.652 1566.01
831.673 1565.94
833.684 1565.98
835.691 1566.18
837.709 1566.36
839.74 1566.36
841.791 1566.19
843.832 1566
845.868 1565.91
847.901 1565.91
849.893 1566.16
851.886 1566.47
853.907 1566.69
855.921 1567.1
858.002 1567.13
860.107 1566.97
862.226 1566.91
864.317 1566.68
866.336 1566.17
868.219 1565.32
869.821 1563.88
871.758 1563.1
873.872 1563.03
875.994 1563.18
878.116 1563.29
880.242 1563.27
882.374 1563.2
884.5 1563.33
886.483 1564.08
888.25 1565.33
890.259 1565.79
892.327 1565.85
894.388 1565.85
896.419 1566.09
898.313 1566.87
900.018 1568.09
901.888 1568.95

571

857.482 1342.01
855.511 1341.95
853.539 1341.9
851.567 1341.94
849.595 1341.96
847.619 1341.96
845.642 1341.94
843.663 1341.93
841.684 1341.89
839.702 1341.9
837.707 1341.92
835.706 1341.93
833.699 1341.94
831.689 1341.95
829.672 1341.98
827.65 1341.99
825.624 1341.98
823.592 1341.95
821.536 1341.92
819.475 1341.93
817.413 1342
815.356 1342.19
813.312 1342.21
811.272 1342.03
809.23 1341.91
807.185 1341.84
805.116 1341.83
803.054 1341.78
801.002 1341.67
798.953 1341.54
796.912 1341.27
794.968 1340.54
792.978 1339.96
790.886 1340.2
788.797 1340.26
786.703 1339.93
784.611 1339.39
782.484 1338.92
780.31 1338.56
778.295 1337.7
776.844 1335.93
775.377 1334.12
773.558 1332.64
771.577 1331.35
769.453 1330.32
767.145 1329.96
764.938 1330.69
763.234 1332.37
761.837 1334.38
760.074 1336
758.022 1337.24
755.603 1337.49
753.12 1337.49
750.609 1337.47
748.133 1337.11
746.274 1335.52
745.639 1333.05
745.551 1330.34
745.133 1327.67
745.447 1325.12
746.786 1322.99
748.727 1321.33
750.594 1319.59
752.19 1317.64
754.308 1316.32
756.445 1315.06
758.68 1314.06
760.974 1313.28
763.267 1312.62
765.369 1311.5
767.253 1310.04
769.199 1308.73
771.039 1307.32
772.773 1305.78
774.273 1304.01
775.532 1302.08
776.956 1300.28
778.267 1298.42
779.969 1297
781.73 1295.59
783.97 1295.1
786.001 1294
788.099 1293.13
790.133 1292.13
791.781 1290.52
793.488 1288.94
794.805 1287.03
796.234 1285.18
798.137 1283.91
800.269 1283.09
802.53 1282.81
804.795 1282.8
807.021 1283.04
809.206 1283.51
811.375 1283.95
813.538 1284.28
815.672 1284.65
817.806 1285.07
819.953 1285.15
822.081 1285
824.151 1284.49
826.225 1284.2
828.301 1283.98
830.365 1283.69
832.415 1283.4
834.464 1283.23
836.512 1283.18
838.555 1283.18
840.594 1283.15
842.631 1283.14
844.664 1283.16
846.692 1283.18
848.711 1283.14
850.719 1282.97
852.715 1282.69
854.683 1282.27
856.579 1281.59
858.55 1281.32
860.533 1281.13
862.521 1280.9
864.521 1280.72
866.536 1280.58
868.559 1280.58
870.585 1280.73
872.607 1280.7
874.522 1280.04
876.344 1279.12
878.228 1278.35
880.198 1277.87
882.211 1277.55
884.212 1277.12
885.99 1276.07
887.716 1274.93
889.622 1274.18
891.63 1273.75
893.683 1273.54
895.731 1273.25
897.776 1272.89
899.836 1272.57
901.921 1272.4
903.995 1272.15
906.077 1271.9
908.147 1271.49
910.143 1270.85
911.845 1269.52
913.747 1268.62
915.716 1267.84
917.649 1266.95
919.662 1266.32
921.746 1265.99
923.86 1265.96
925.975 1265.97
928.087 1265.98
930.196 1265.93
932.287 1265.86
934.366 1265.69
936.422 1265.35
938.467 1264.91
940.29 1263.88
941.896 1262.49
943.726 1261.48
945.757 1260.84
947.705 1260.01
949.527 1258.89
951.49 1258.05
953.399 1257.1
954.836 1255.45
956.555 1254.2
958.428 1253.17
960.073 1251.8
961.767 1250.51
963.34 1249.12
964.744 1247.49
966.508 1246.32
968.21 1245.09
969.917 1243.87
971.412 1242.42
972.811 1240.9
974.173 1239.32
975.517 1237.7
977.067 1236.31
978.263 1234.68
979.405 1233.02
980.469 1231.28
981.282 1229.39
981.908 1227.47
982.865 1225.66
983.588 1223.76
984.265 1221.83
985.086 1219.95
985.386 1217.94
985.388 1215.89
985.327 1213.87
985.296 1211.84
985.21 1209.81
985.015 1207.77
984.304 1205.85
983.252 1204.05
982.263 1202.2
981.812 1200.17
981.634 1198.07
981.561 1195.94
981.483 1193.81
981.309 1191.68
981.057 1189.55
980.973 1187.4
980.974 1185.24
981.012 1183.07
981.07 1180.85
981.141 1178.6
981.208 1176.34
981.301 1174.06
981.258 1171.76
981.257 1169.46
981.364 1167.15
981.577 1164.84
982.42 1162.7
983.904 1160.89
985.64 1159.27
987.236 1157.46
989.191 1156.11
991.311 1155.01
993.572 1154.24
995.652 1153.16
997.376 1151.48
999.301 1150.09
1001.35 1148.91
1003.32 1147.68
1005.29 1146.42
1007.35 1145.32
1009 1143.67
1010.45 1141.89
1012.12 1140.37
1013.85 1138.93
1015.91 1137.97
1018.03 1137.06
1019.7 1135.43
1021.36 1133.81
1023.43 1132.73
1025.39 1131.51
1027.33 1130.3
1029.36 1129.25
1031.24 1127.87
1033.37 1127.04
1035.27 1125.76
1037.43 1125.15
1039.58 1124.48
1041.52 1123.32
1043.48 1122.24
1045.62 1121.6
1047.84 1121.13
1050.02 1120.58
1052.16 1119.86
1054.38 1119.42
1056.57 1118.85
1058.48 1117.54
1060.51 1116.45
1062.49 1115.22
1064.28 1113.73
1066.4 1112.87
1068.68 1112.52
1070.96 1112.81
1073.21 1113.38
1075.47 1113.46
1077.69 1113.04
1079.91 1112.77
1082.11 1112.96
1084.3 1113.2
1086.42 1113.63
1088.44 1114.49
1090.43 1115.44
1092.46 1116.27
1094.55 1116.87
1096.68 1117.39
1098.85 1117.56
1101.04 1117.64
1103.21 1117.87
1105.29 1118.59
1107.41 1119.17
1109.58 1119.28
1111.74 1118.9
1113.92 1118.63
1116.06 1119.05
1118.14 1119.75
1120.15 1120.69
1122.29 1121.15
1124.48 1121.28
1126.64 1121.58
1128.65 1122.47
1130.5 1123.65
1132.41 1124.73
1134.34 1125.76
1136.15 1127.06
1138.23 1127.82
1140.28 1128.64
1142.35 1129.38
1144.32 1130.34
1146.13 1131.58
1147.94 1132.81
1149.77 1134
1151.58 1135.3
1153.67 1136.1
1155.39 1137.58
1157.36 1138.54
1159.39 1139.42
1161.42 1140.3
1163.51 1140.96
1165.54 1141.76
1167.29 1143.17
1169.24 1144.19
1171.32 1144.81
1173.47 1145.14
1175.62 1145.43
1177.76 1145.84
1179.84 1146.46
1181.66 1147.63
1183.43 1148.92
1185.45 1149.79
1187.32 1150.88
1189.06 1152.24
1190.98 1153.26
1193.06 1153.92
1195.22 1154.32
1197.38 1154.81
1199.5 1155.54
1201.63 1156.3
1203.82 1156.88
1205.92 1157.7
1207.59 1159.31
1209.46 1160.66
1211.01 1162.32
1212.37 1164.18
1213.8 1165.98
1215.55 1167.53
1217.38 1169.01
1219.49 1170
1221.17 1171.57
1222.38 1173.55
1223.6 1175.53
1225.16 1177.29
1226.91 1178.79
1228.79 1180.16
1230.87 1181.18
1233 1182.14
1234.92 1183.43
1236.61 1185.04
1238.3 1186.6
1239.8 1188.38
1241.72 1189.79
1243.35 1191.5
1244.81 1193.36
1245.98 1195.38
1247.35 1197.35
1247.98 1199.71
1249.54 1201.62
1250.95 1203.61
1252.48 1205.51
1253.97 1207.5
1255.93 1209.07
1258.03 1210.44
1259.99 1212.05
1261.33 1214.17
1261.79 1216.69
1261.97 1219.26
1262 1221.85
1261.57 1224.45
1261.11 1227.08
1260.24 1229.51
1258.34 1231.17
1256.02 1232.35
1254.47 1234.33
1253.01 1236.34
1251.84 1238.5
1250.8 1240.72
1249.69 1242.85
1247.89 1244.46
1246.03 1245.94
1244.5 1247.74
1243.14 1249.72
1241.57 1251.47
1239.7 1252.94
1237.97 1254.55
1236.22 1256.07
1234.58 1257.75
1232.68 1259.1
1230.9 1260.6
1229.07 1262.07
1227.46 1263.79
1225.73 1265.38
1223.63 1266.44
1221.58 1267.57
1219.46 1268.51
1217.25 1269.15
1215.09 1269.89
1212.97 1270.81
1210.95 1271.87
1209.06 1273.16
1207.19 1274.48
1205.42 1275.98
1203.55 1277.24
1201.51 1278.19
1199.51 1279.29
1197.31 1279.9
1195.54 1281.39
1193.54 1282.37
1191.44 1283.17
1189.36 1284.03
1187.23 1284.67
1185.09 1285.2
1182.98 1285.85
1180.91 1286.67
1179.01 1287.81
1177.18 1289.03
1175.12 1289.71
1173.02 1290.27
1170.91 1290.83
1168.91 1291.68
1166.97 1292.68
1164.94 1293.44
1162.79 1293.72
1160.64 1293.92
1158.56 1294.46
1156.53 1295.18
1154.44 1295.64
1152.33 1296.02
1150.51 1297.16
1148.54 1297.9
1146.47 1298.35
1144.43 1298.9
1142.52 1299.82
1140.54 1300.55
1138.49 1301.06
1136.45 1301.58
1134.53 1302.46
1132.55 1303.24
1130.55 1303.94
1128.63 1304.82
1126.65 1305.56
1124.58 1306
1122.49 1306.26
1120.4 1306.48
1118.35 1306.92
1116.41 1307.76
1114.45 1308.53
1112.45 1309.16
1110.47 1309.82
1108.51 1310.57
1106.51 1311.24
1104.47 1311.78
1102.43 1312.27
1100.56 1313.31
1098.49 1313.67
1096.42 1313.96
1094.39 1314.51
1092.35 1315.02
1090.33 1315.64
1088.3 1316.22
1086.24 1316.57
1084.16 1316.78
1082.09 1317.05
1080.05 1317.48
1078.05 1318.02
1076.01 1318.42
1073.94 1318.58
1071.87 1318.78
1069.84 1319.22
1067.86 1319.81
1065.93 1320.56
1063.96 1321.2
1062 1321.79
1059.98 1322.13
1057.92 1322.35
1055.86 1322.53
1053.82 1322.83
1051.9 1323.61
1050.02 1324.46
1048.05 1325.12
1046.09 1325.68
1044.07 1325.89
1042.03 1325.9
1039.99 1325.89
1037.94 1325.98
1035.89 1326.1
1033.83 1326.11
1031.79 1326.27
1029.86 1326.91
1028.01 1327.81
1026.15 1328.67
1024.16 1329.14
1022.12 1329.42
1020.12 1329.89
1018.11 1330.26
1016.05 1330.4
1013.99 1330.46
1011.94 1330.48
1009.88 1330.48
1007.82 1330.49
1005.78 1330.55
1003.74 1330.68
1001.69 1330.85
999.655 1331.09
997.633 1331.41
995.626 1331.83
993.614 1332.2
991.587 1332.43
989.564 1332.62
987.542 1332.8
985.535 1333.08
983.542 1333.48
981.554 1333.82
979.545 1334.04
977.539 1334.36
975.579 1334.95
973.647 1335.59
971.7 1336.23
969.687 1336.64
967.644 1336.84
965.596 1337.02
963.543 1337.11
961.492 1337.1
959.48 1336.75
957.552 1335.89
955.514 1335.79
953.503 1336.21
951.635 1337.17
949.668 1337.79
947.664 1338.2
945.628 1338.36
943.578 1338.42
941.532 1338.42
939.489 1338.42
937.451 1338.42
935.418 1338.46
933.385 1338.48
931.357 1338.49
929.332 1338.48
927.313 1338.48
925.3 1338.55
923.286 1338.67
921.267 1338.73
919.246 1338.7
917.248 1338.81
915.297 1339.28
913.405 1339.96
911.515 1340.65
909.624 1341.35
907.651 1341.69
905.643 1341.84
903.621 1341.92
901.609 1342
899.605 1342.23
897.598 1342.44
895.585 1342.39
893.571 1342.23
891.552 1342.17
889.532 1342.16
887.512 1342.17
885.493 1342.18
883.474 1342.17
881.458 1342.14
879.445 1342.04
877.431 1341.97
875.419 1341.97
873.41 1341.97
871.406 1341.97
869.402 1341.97
867.403 1341.95
865.409 1341.93
863.419 1341.94
861.436 1341.99
859.457 1342

