CONTOUR

3

2104

879.178 1615.7
881.212 1615.8
883.252 1615.77
885.287 1615.65
887.265 1615.22
889.074 1614.17
891.075 1613.86
893.11 1613.86
895.139 1613.84
897.162 1613.83
899.179 1613.83
901.19 1613.8
903.195 1613.81
905.198 1613.84
907.204 1613.87
909.214 1613.88
911.23 1613.9
913.256 1613.88
915.285 1613.83
917.314 1613.86
919.344 1613.91
921.326 1613.64
923.22 1612.94
925.136 1612.27
927.146 1612.35
929.13 1612.87
931.145 1613.19
933.167 1612.98
935.108 1612.29
937.052 1611.58
939.061 1611.13
941.114 1611.04
943.167 1611.1
945.215 1611.17
947.26 1611.18
949.303 1611.18
951.345 1611.19
953.384 1611.18
955.425 1611.12
957.468 1611.02
959.519 1610.96
961.583 1610.85
963.642 1610.86
965.654 1611.24
967.636 1611.78
969.649 1611.87
971.636 1611.5
973.555 1610.82
975.465 1610.08
977.389 1609.37
979.294 1608.59
981.26 1608
983.301 1607.83
985.357 1607.86
987.406 1607.89
989.454 1607.88
991.51 1607.84
993.567 1607.77
995.626 1607.77
997.679 1607.69
999.687 1607.3
1001.56 1606.33
1003.59 1605.92
1005.68 1605.89
1007.76 1605.79
1009.86 1605.71
1011.95 1605.69
1014.05 1605.8
1016.12 1606.18
1018.21 1606.3
1020.29 1606.12
1022.38 1605.87
1024.44 1605.53
1026.47 1605.05
1028.39 1604.2
1030.27 1603.26
1032.34 1602.91
1034.34 1602.45
1036.18 1601.59
1037.76 1600.23
1039.64 1599.48
1041.56 1598.78
1043.58 1598.5
1045.63 1598.46
1047.67 1598.4
1049.7 1598.24
1051.73 1598.07
1053.75 1597.88
1055.73 1597.44
1057.76 1597.04
1059.82 1596.9
1061.88 1596.78
1063.93 1596.59
1065.98 1596.31
1068.01 1595.86
1070 1595.26
1071.94 1594.48
1073.95 1593.93
1075.95 1593.39
1077.78 1592.37
1079.73 1591.62
1081.79 1591.18
1083.82 1590.61
1085.86 1589.97
1087.9 1589.36
1089.79 1588.36
1091.51 1587.02
1093.52 1586.44
1095.53 1587.06
1097.35 1588.22
1099.38 1588.71
1101.47 1588.78
1103.57 1588.67
1105.67 1588.5
1107.75 1588.19
1109.73 1587.53
1111.63 1586.64
1113.56 1585.88
1115.57 1585.35
1117.47 1584.5
1119.39 1583.7
1121.34 1582.95
1123.34 1582.42
1125.35 1581.95
1127.37 1581.5
1129.38 1581.06
1131.44 1580.9
1133.51 1580.79
1135.58 1580.6
1137.64 1580.23
1139.68 1579.63
1141.71 1578.97
1143.78 1578.45
1145.76 1577.69
1147.58 1576.5
1149.61 1575.79
1151.72 1575.36
1153.63 1574.33
1155.51 1573.31
1156.92 1571.68
1158.6 1570.44
1160.6 1571.1
1162.55 1572.08
1164.66 1572.09
1166.67 1571.31
1168.62 1570.32
1170.7 1569.68
1172.8 1569.11
1174.67 1567.98
1176.62 1567.04
1178.63 1566.27
1180.58 1565.43
1182.62 1564.88
1184.74 1564.99
1186.86 1565
1188.98 1564.67
1190.99 1563.88
1192.89 1562.74
1194.95 1561.97
1197.13 1561.54
1199.17 1560.71
1201.09 1559.56
1203 1558.42
1205.07 1557.61
1207.17 1556.95
1209.02 1555.86
1210.49 1554.25
1212.06 1552.77
1214.04 1551.95
1216.23 1551.91
1218.43 1551.85
1220.61 1551.64
1222.73 1551.05
1224.55 1549.71
1226.66 1549.07
1228.83 1548.67
1230.94 1548.07
1232.93 1547.08
1234.95 1546.17
1236.95 1545.18
1238.81 1543.88
1241 1543.5
1243.19 1543.23
1245.25 1542.48
1247.24 1541.57
1249.13 1540.47
1250.81 1539.05
1252.51 1537.66
1254.31 1536.41
1256.4 1535.8
1258.61 1535.61
1260.69 1535.06
1262.41 1533.58
1264.43 1532.72
1266.52 1532.01
1268.54 1531.09
1270.62 1530.36
1272.68 1529.55
1274.32 1528.02
1276.18 1526.87
1278.2 1526.03
1280.09 1524.97
1281.81 1523.6
1283.73 1522.52
1285.71 1521.54
1287.55 1520.26
1289.66 1519.65
1291.83 1519.21
1293.79 1518.19
1295.79 1517.22
1297.83 1516.28
1299.8 1515.19
1301.75 1514.05
1303.7 1512.88
1305.63 1511.62
1307.49 1510.29
1309.39 1509.05
1311.43 1508
1313.42 1506.83
1315.38 1505.64
1317.12 1504.09
1319.11 1502.9
1320.87 1501.37
1322.59 1499.82
1323.86 1497.85
1325.1 1495.83
1326.91 1494.37
1329.15 1493.61
1331.5 1493.14
1333.62 1492.15
1335.38 1490.52
1337.31 1489.12
1339.43 1488.05
1341.65 1487.17
1343.72 1485.95
1345.82 1484.82
1347.61 1483.26
1349.18 1481.46
1350.89 1479.78
1353 1478.65
1355.23 1477.77
1357.49 1476.97
1359.65 1475.92
1361.68 1474.57
1363.64 1473.14
1365.45 1471.47
1367.24 1469.78
1368.88 1467.99
1370.42 1466.1
1372.06 1464.29
1373.89 1462.7
1375.81 1461.18
1377.72 1459.64
1379.39 1457.81
1380.97 1455.9
1382.72 1454.16
1384.78 1452.82
1386.83 1451.47
1388.7 1449.87
1390.27 1447.95
1391.95 1446.18
1393.9 1444.64
1395.52 1442.8
1396.93 1440.81
1398.4 1438.86
1400.1 1437.09
1402.11 1435.62
1403.94 1433.94
1405.46 1431.97
1407.18 1430.18
1408.39 1428.09
1409.51 1425.94
1410.45 1423.7
1411.55 1421.55
1412.81 1419.51
1414.26 1417.59
1415.98 1415.91
1417.89 1414.44
1419.58 1412.74
1420.87 1410.71
1422.1 1408.65
1423.69 1406.86
1425.15 1404.97
1426.23 1402.87
1427.33 1400.81
1428.3 1398.7
1429.01 1396.52
1429.65 1394.3
1430.72 1392.27
1431.97 1390.4
1433.55 1388.73
1434.74 1386.8
1435.51 1384.67
1435.96 1382.43
1436.84 1380.35
1437.8 1378.33
1438.6 1376.27
1439.37 1374.21
1440.03 1372.12
1441.22 1370.26
1442.04 1368.26
1442.39 1366.11
1442.8 1363.97
1443.23 1361.83
1443.35 1359.68
1443.2 1357.52
1443.1 1355.38
1443.12 1353.24
1443.33 1351.11
1443.89 1349.06
1444.84 1347.15
1445.67 1345.2
1446.44 1343.24
1447.41 1341.37
1448.24 1339.44
1449.48 1337.71
1450.3 1335.78
1450.86 1333.75
1451.28 1331.69
1451.57 1329.61
1451.78 1327.51
1452.05 1325.42
1452.37 1323.34
1452.47 1321.24
1452.16 1319.17
1451.62 1317.12
1451 1315.11
1450.35 1313.13
1449.79 1311.13
1449.34 1309.12
1449.2 1307.08
1449.56 1305.07
1450.26 1303.15
1451.11 1301.28
1451.86 1299.39
1452.38 1297.43
1452.69 1295.42
1452.91 1293.41
1453.02 1291.39
1453.11 1289.36
1453.15 1287.32
1453.14 1285.29
1453.09 1283.25
1452.85 1281.23
1452.2 1279.31
1451.27 1277.43
1450.95 1275.4
1450.97 1273.33
1450.99 1271.27
1450.99 1269.21
1451.04 1267.15
1451.32 1265.11
1451.71 1263.09
1452 1261.05
1452.12 1258.99
1452.18 1256.93
1452.48 1254.88
1453.12 1252.9
1453.58 1250.88
1453.56 1248.82
1452.93 1246.84
1452.05 1244.92
1451.5 1242.9
1451.16 1240.82
1450.93 1238.73
1450.82 1236.62
1450.79 1234.51
1451.02 1232.41
1451.9 1230.5
1453.37 1228.93
1454.71 1227.28
1455.45 1225.33
1455.72 1223.23
1455.79 1221.12
1455.81 1219
1455.71 1216.89
1455.32 1214.83
1454.41 1212.92
1453.29 1211.11
1452.05 1209.36
1451.38 1207.37
1451.36 1205.29
1452 1203.31
1453.15 1201.52
1453.94 1199.59
1454.57 1197.59
1455.17 1195.58
1455.16 1193.51
1454.67 1191.47
1454.36 1189.41
1454.36 1187.33
1454.38 1185.27
1454.27 1183.21
1454.19 1181.15
1454.12 1179.1
1454.06 1177.03
1454.24 1174.98
1454.6 1172.93
1455.05 1170.89
1455.33 1168.82
1455.16 1166.76
1454.57 1164.73
1454.12 1162.67
1454.27 1160.6
1455.15 1158.66
1455.77 1156.66
1456.05 1154.56
1456.47 1152.48
1456.87 1150.39
1456.49 1148.3
1455.69 1146.32
1454.69 1144.41
1454.37 1142.37
1455.35 1140.45
1456.11 1138.47
1456.92 1136.53
1457.13 1134.45
1457.16 1132.37
1457.16 1130.29
1456.93 1128.23
1456.08 1126.29
1455.54 1124.26
1455.02 1122.25
1454.22 1120.3
1453.88 1118.26
1453.86 1116.17
1453.73 1114.09
1453.42 1112.03
1452.89 1110.01
1452.44 1107.96
1451.81 1105.95
1451.04 1103.97
1450.2 1102.04
1449.17 1100.2
1447.99 1098.41
1447.46 1096.34
1446.39 1094.52
1445.36 1092.71
1444.26 1090.94
1443.4 1089.06
1443.42 1086.96
1443.2 1084.89
1442.58 1082.89
1441.65 1081.03
1440.44 1079.29
1439.79 1077.32
1439.57 1075.26
1439.94 1073.24
1441.33 1071.74
1443.12 1070.62
1444.58 1069.19
1445.17 1067.24
1445.47 1065.18
1445.85 1063.15
1445.95 1061.1
1445.86 1059.05
1445.93 1056.99
1446.48 1055.02
1447.45 1053.17
1448.81 1051.54
1449.82 1049.7
1450.72 1047.8
1451.69 1045.92
1452.25 1043.9
1452.42 1041.82
1452.48 1039.74
1452.61 1037.69
1452.79 1035.65
1453.04 1033.62
1453.3 1031.58
1453.43 1029.52
1453.78 1027.5
1454.63 1025.61
1455.52 1023.72
1456.49 1021.86
1457.56 1020.04
1458.29 1018.06
1458.91 1016.05
1459.45 1014
1459.86 1011.93
1459.89 1009.83
1459.44 1007.77
1458.86 1005.7
1458.97 1003.61
1459.73 1001.61
1460.5 999.61
1461.02 997.535
1460.98 995.413
1460.26 993.376
1459.47 991.359
1458.98 989.273
1458.84 987.141
1458.89 985.006
1459.25 982.909
1460.09 980.964
1461.38 979.249
1462.57 977.486
1463.6 975.662
1463.82 973.607
1463.88 971.534
1463.93 969.462
1463.92 967.393
1463.5 965.39
1462.79 963.44
1462.65 961.4
1462.89 959.345
1462.83 957.298
1462.45 955.274
1462.17 953.244
1462.08 951.201
1462.06 949.162
1462.04 947.128
1462.04 945.098
1462.06 943.072
1462.09 941.047
1462.09 939.023
1462.06 936.999
1462.01 934.974
1461.97 932.944
1461.95 930.91
1461.93 928.872
1461.92 926.827
1461.93 924.775
1462.15 922.737
1462.92 920.817
1463.71 918.918
1464.09 916.921
1463.98 914.885
1463.74 912.856
1464.04 910.88
1464.99 909.071
1465.64 907.167
1466 905.165
1466.35 903.139
1466.49 901.087
1466.36 899.026
1466.11 896.964
1465.78 894.903
1465.55 892.834
1465.19 890.785
1464.39 888.838
1463.64 886.87
1463.42 884.797
1463.86 882.735
1464.27 880.688
1464.55 878.638
1464.46 876.577
1464.12 874.547
1463.54 872.562
1462.58 870.688
1461.76 868.75
1460.81 866.876
1459.8 865.024
1459.17 863.03
1458.92 860.947
1458.88 858.846
1458.9 856.742
1458.9 854.632
1458.93 852.515
1459.08 850.398
1459.57 848.335
1460.6 846.461
1461.56 844.589
1461.87 842.551
1461.79 840.485
1461.4 838.439
1461.2 836.374
1461.13 834.309
1461.08 832.25
1460.95 830.196
1460.71 828.149
1460.45 826.106
1460.19 824.056
1459.89 822.023
1459.61 819.98
1459.23 817.953
1458.68 815.968
1458.05 814.022
1457.72 812.018
1457.24 810.072
1456.23 808.297
1455.86 806.361
1456.06 804.356
1456.23 802.342
1456.13 800.316
1455.79 798.288
1455.41 796.254
1454.67 794.322
1453.68 792.495
1452.49 790.763
1452.34 788.78
1453.38 786.901
1453.75 784.883
1453.47 782.806
1453.24 780.711
1453.13 778.61
1453.01 776.518
1452.84 774.433
1452.71 772.337
1452.52 770.249
1452.21 768.173
1451.67 766.141
1451.15 764.095
1450.75 762.025
1450.34 759.956
1449.73 757.956
1449.18 755.94
1448.31 754.017
1447.59 752.056
1446.36 750.403
1445.05 748.808
1444.27 746.971
1444.87 744.972
1445.19 742.955
1444.94 740.919
1444.38 738.947
1443.65 737.009
1443.3 734.971
1443.3 732.888
1443.27 730.797
1443.01 728.718
1442.44 726.7
1441.42 724.86
1440.08 723.18
1439.16 721.251
1438.05 719.419
1437.11 717.502
1436.23 715.547
1436.06 713.438
1436.54 711.323
1436.79 709.195
1436.77 707.054
1436.61 704.921
1436.27 702.803
1435.83 700.696
1435.34 698.59
1434.82 696.499
1434.12 694.481
1433.04 692.657
1431.78 690.909
1431.1 688.885
1430.53 686.824
1429.87 684.791
1429.04 682.824
1427.73 681.127
1426.5 679.383
1425.04 677.823
1423.62 676.225
1422.82 674.28
1422.59 672.159
1422.48 670.021
1422.04 667.931
1421.53 665.853
1420.94 663.794
1420.02 661.836
1419.45 659.77
1419.51 657.622
1419.91 655.472
1419.72 653.357
1418.96 651.342
1418.03 649.393
1417.12 647.429
1416.23 645.455
1415.69 643.376
1415.21 641.271
1414.02 639.43
1413.23 637.41
1412.31 635.463
1410.81 633.889
1409.31 632.309
1408.23 630.431
1407.41 628.42
1406.58 626.408
1406.09 624.297
1405.94 622.131
1405.46 620.033
1404.6 618.032
1404.24 615.903
1404.23 613.72
1403.59 611.638
1402.77 609.593
1402.17 607.486
1401.48 605.411
1400.37 603.509
1399.56 601.468
1398.59 599.522
1397.3 597.743
1396.13 595.904
1394.88 594.11
1393.85 592.182
1393.02 590.142
1392.21 588.081
1391.91 585.872
1391.42 583.726
1390.09 581.928
1389.04 579.999
1388.24 577.934
1387.26 575.942
1386.17 573.995
1385.08 572.042
1383.97 570.083
1383.18 567.973
1381.86 566.13
1381.01 564.076
1380.27 561.962
1379.21 559.981
1378.12 557.995
1377.01 556.017
1375.95 553.99
1375.19 551.829
1374.04 549.843
1373.25 547.722
1372.31 545.677
1370.89 543.887
1369.61 542.006
1368.7 539.925
1368.06 537.733
1367.4 535.561
1365.97 533.792
1364.58 532.028
1363 530.421
1361.32 528.905
1359.99 527.084
1359.34 524.872
1358.06 522.971
1357.01 520.953
1355.85 519.002
1354.21 517.377
1352.66 515.68
1351.26 513.867
1349.87 512.045
1348.7 510.097
1347.63 508.094
1346.68 506.028
1345.88 503.899
1345.2 501.727
1344.41 499.591
1343.78 497.408
1343.15 495.231
1341.84 493.34
1340.83 491.304
1339.64 489.391
1338.18 487.661
1336.57 486.075
1335.13 484.348
1333.66 482.635
1332.33 480.837
1330.92 479.09
1329.66 477.229
1328.58 475.262
1327.49 473.298
1326.34 471.371
1325.31 469.386
1324.33 467.382
1323.21 465.457
1322.37 463.396
1321.89 461.211
1321.27 459.065
1320.23 457.076
1319.27 455.043
1317.9 453.223
1316.77 451.261
1315.54 449.381
1314.34 447.46
1313.41 445.389
1312.45 443.315
1311.65 441.174
1310.69 439.102
1309.3 437.252
1307.81 435.494
1305.94 434.131
1304.02 432.823
1302.48 431.104
1301.33 429.074
1300.2 427.032
1298.57 425.35
1296.92 423.682
1295.15 422.132
1293.38 420.595
1291.69 418.961
1289.89 417.428
1288.49 415.545
1287.78 413.278
1287.29 410.924
1285.92 408.924
1284.82 406.765
1283.66 404.615
1282.06 402.765
1280.04 401.329
1278.2 399.675
1276.44 397.953
1274.56 396.38
1272.66 394.846
1270.6 393.538
1268.64 392.06
1266.63 390.663
1264.89 388.96
1263.46 386.958
1262.12 384.91
1261.1 382.692
1260.02 380.488
1258.38 378.694
1256.38 377.277
1254.5 375.709
1252.38 374.55
1250.37 373.215
1248.34 371.945
1246.43 370.572
1244.31 369.613
1242.1 368.861
1240.07 367.744
1238.09 366.581
1236.29 365.221
1234.55 363.797
1233.16 362.059
1232.02 360.156
1231.66 357.981
1231.57 355.775
1231.61 353.557
1231.58 351.352
1231.49 349.15
1231.25 346.978
1230.6 344.871
1229.89 342.767
1229.44 340.571
1228.59 338.498
1227.63 336.451
1227.09 334.254
1226.46 332.066
1225.8 329.881
1224.91 327.791
1223.89 325.736
1223.38 323.499
1222.19 321.561
1221.16 319.551
1219.95 317.668
1218.39 316.038
1216.92 314.319
1215.53 312.522
1214.12 310.736
1212.99 308.79
1211.94 306.797
1210.83 304.85
1209.92 302.796
1209.07 300.715
1207.7 298.936
1206.06 297.35
1204.79 295.477
1203.56 293.58
1202.45 291.61
1201.36 289.626
1200.08 287.749
1199.29 285.624
1197.8 283.936
1196.46 282.147
1195.05 280.403
1193.9 278.482
1192.99 276.416
1191.95 274.379
1191.21 272.225
1189.63 270.552
1188.16 268.795
1186.38 267.359
1184.53 266.027
1183.08 264.275
1181.65 262.5
1180.52 260.517
1179.11 258.736
1177.47 257.144
1175.92 255.432
1174.74 253.464
1173.14 251.839
1171.45 250.311
1169.59 248.981
1167.78 247.546
1165.95 246.172
1164.31 244.602
1162.73 242.956
1161.11 241.35
1159.47 239.709
1157.53 238.438
1155.69 237.051
1153.67 235.927
1151.61 234.881
1149.47 234.046
1147.38 233.097
1145.5 231.746
1143.35 230.886
1141.4 229.645
1139.27 228.829
1137.06 228.253
1134.91 227.535
1132.82 226.672
1130.72 225.864
1128.83 224.675
1127.36 222.979
1125.98 221.195
1124.52 219.506
1122.68 218.254
1120.72 217.179
1119.08 215.612
1117.2 214.394
1115.22 213.359
1113.26 212.3
1111.45 210.949
1109.47 209.988
1107.33 209.393
1105.26 208.605
1103.34 207.458
1101.32 206.499
1099.37 205.417
1097.71 203.916
1096.05 202.443
1094.04 201.597
1091.91 200.985
1089.94 199.934
1087.76 199.469
1085.67 198.815
1083.98 197.427
1082.53 195.746
1080.92 194.268
1078.97 193.305
1076.9 192.456
1074.88 191.54
1072.71 191.248
1070.5 191.099
1068.41 190.479
1066.62 189.264
1065.17 187.624
1063.51 186.284
1061.51 185.553
1059.38 185.188
1057.25 184.823
1055.24 183.997
1053.16 183.43
1051.27 182.402
1049.4 181.391
1047.45 180.563
1045.47 179.768
1043.47 179.066
1041.43 178.493
1039.35 178.06
1037.26 177.654
1035.16 177.274
1033.08 176.802
1031.09 175.958
1029 175.445
1026.98 174.691
1025.08 173.676
1023.14 172.71
1021.26 171.631
1019.31 170.711
1017.22 170.192
1015.1 169.734
1012.94 169.514
1010.76 169.532
1008.63 169.966
1006.64 170.943
1004.61 171.83
1002.45 172.203
1000.3 171.958
998.434 170.86
996.877 169.3
995.134 168.043
993.109 167.396
990.982 167.24
988.853 167.28
986.727 167.394
984.609 167.47
982.505 167.55
980.42 167.79
978.362 168.216
976.285 168.5
974.198 168.597
972.113 168.525
970.032 168.422
967.951 168.375
965.871 168.382
963.79 168.417
961.707 168.475
959.622 168.546
957.538 168.486
955.496 168.044
953.47 167.539
951.398 167.304
949.309 167.262
947.208 167.28
945.111 167.391
943.048 167.74
941.006 168.262
939.001 168.858
936.975 169.333
934.934 169.739
932.913 170.163
930.914 170.637
928.957 171.269
926.966 171.797
924.933 172.193
922.972 172.817
921.164 173.796
919.478 175.035
917.554 175.699
915.493 175.573
913.44 175.361
911.438 175.6
909.737 176.703
908.071 177.861
906.177 178.336
904.251 177.717
902.309 177.186
900.371 176.574
898.376 176.208
896.324 176.442
894.268 176.481
892.27 175.969
890.379 175.106
888.589 174.003
886.712 173.05
884.845 172.063
882.912 171.195
880.857 170.882
878.821 171.586
876.741 172.092
874.655 171.826
872.78 170.779
870.956 169.651
868.975 168.832
867.107 167.752
865.045 167.375
862.92 167.309
860.792 167.262
858.671 167.083
856.627 166.502
854.691 165.597
852.663 165.038
850.563 164.84
848.444 164.85
846.324 164.861
844.212 164.738
842.109 164.525
840.006 164.408
837.922 164.594
835.865 165.015
833.792 165.27
831.725 164.997
829.689 164.455
827.615 164.17
825.544 164.459
823.562 165.207
821.585 166
819.519 166.5
817.398 166.664
815.265 166.654
813.15 166.866
811.051 167.209
808.97 167.634
807.006 168.488
805.022 169.324
803.15 170.421
801.235 171.47
799.138 172.046
796.949 172.109
794.809 171.599
792.837 170.526
790.758 169.871
788.584 169.894
786.437 170.241
784.448 171.056
782.695 172.36
781.023 173.773
779.366 175.221
777.47 176.306
775.481 177.211
773.451 178.014
771.438 178.878
769.334 179.481
767.205 180.015
765.039 180.452
762.831 180.572
760.618 180.375
758.426 180.346
756.485 181.229
754.987 182.843
753.405 184.355
751.401 185.128
749.214 185.173
747.03 185.169
744.873 185.394
742.737 185.736
740.647 186.262
738.557 186.841
736.477 187.476
734.368 188.068
732.337 188.868
730.444 189.967
728.743 191.381
727.188 192.954
725.367 194.158
723.278 194.719
721.11 194.357
718.955 193.792
716.802 194.026
714.76 194.874
712.767 195.878
710.582 196.326
708.518 197.048
706.64 198.186
704.836 199.438
703.28 200.977
701.762 202.543
700.259 204.145
698.323 205.028
696.185 204.888
694.121 204.091
692.006 203.674
689.868 203.832
687.82 204.418
685.933 205.367
684.287 206.707
682.486 207.786
680.722 208.905
678.773 209.59
676.864 210.366
674.951 211.12
672.978 211.644
670.991 212.091
669.013 212.598
667.042 213.083
665.058 213.455
663.06 213.625
661.064 213.403
659.115 212.929
657.152 212.642
655.174 212.709
653.196 212.968
651.203 213.122
649.196 213.065
647.187 212.969
645.182 212.86
643.178 212.759
641.171 212.746
639.163 212.778
637.155 212.8
635.144 212.734
633.139 212.518
631.134 212.271
629.123 212.115
627.105 212.038
625.082 212.015
623.059 212.027
621.034 212.066
619.008 212.089
616.982 212.096
614.954 212.096
612.925 212.093
610.894 212.085
608.861 212.065
606.826 212.032
604.788 212.006
602.75 211.992
600.714 211.916
598.681 211.762
596.644 211.679
594.607 211.783
592.576 212.004
590.535 212.252
588.483 212.561
586.443 212.345
584.579 211.377
582.701 210.464
580.65 210.179
578.575 210.348
576.54 210.841
574.524 211.448
572.44 211.745
570.332 211.862
568.228 212.022
566.122 212.154
564.01 212.237
561.907 212.401
559.879 212.941
558.033 213.999
556.228 215.187
554.176 215.735
552.021 215.671
549.864 215.492
547.74 215.698
545.741 216.561
543.692 217.287
541.601 217.892
539.525 218.586
537.362 218.575
535.194 218.141
533.042 218.27
530.955 218.871
529.047 219.971
527.121 221.072
525.129 222.062
523.109 223.026
521.016 223.819
519.177 225.104
517.313 226.337
515.728 227.908
514.195 229.546
512.497 231.006
510.526 232.068
508.705 233.392
506.934 234.772
505.607 236.592
504.245 238.389
502.658 239.981
500.774 241.229
498.716 242.205
496.79 243.403
494.825 244.571
492.835 245.722
491.075 247.213
489.511 248.888
487.941 250.555
486.721 252.524
485.304 254.356
483.476 255.806
481.469 257.018
479.408 258.143
477.6 259.641
475.9 261.275
474.113 262.822
472.075 264.065
470.289 265.67
468.442 267.199
466.853 268.992
465.582 271.043
463.936 272.783
461.927 274.106
459.996 275.521
458.328 277.268
456.797 279.171
455.029 280.841
452.994 282.214
451.175 283.816
449.81 285.811
448.541 287.895
447.117 289.902
445.227 291.485
443.314 293.05
441.663 294.885
439.991 296.698
438.917 298.867
437.984 301.134
437.281 303.482
436.143 305.624
434.727 307.593
433.335 309.575
431.626 311.28
429.701 312.733
427.709 314.071
426.112 315.815
424.872 317.86
423.45 319.786
422.13 321.789
420.78 323.737
419.22 325.528
417.768 327.403
416.343 329.305
415.196 331.354
414.247 333.528
413.116 335.593
411.448 337.253
409.654 338.769
408.011 340.449
406.976 342.541
405.86 344.602
404.814 346.692
403.624 348.707
402.322 350.639
400.832 352.422
398.971 353.84
397.099 355.245
395.418 356.868
394.07 358.771
393.058 360.888
391.921 362.938
391.337 365.226
390.429 367.366
388.83 369.047
386.927 370.446
385.752 372.404
385.131 374.633
384.651 376.897
384.068 379.126
383.173 381.232
382.056 383.218
380.709 385.044
379.13 386.679
377.73 388.459
376.317 390.231
375.039 392.107
373.69 393.94
372.464 395.853
371.075 397.646
369.832 399.521
368.58 401.406
367.049 403.052
365.427 404.638
364.442 406.613
363.981 408.76
364.067 410.932
364.467 413.089
364.044 415.143
362.679 416.829
361.424 418.59
360.011 420.28
359.368 422.35
358.591 424.394
357.184 426.086
355.698 427.719
354.431 429.507
353.529 431.506
352.946 433.652
352.305 435.776
351.784 437.925
351.352 440.12
350.472 442.161
349.238 444.032
348.251 446.006
347.482 448.073
346.897 450.191
346.634 452.367
346.689 454.542
347.171 456.678
347.575 458.838
347.423 461.039
347.226 463.247
347.353 465.471
347.547 467.691
347.827 469.906
348.086 472.125
348.196 474.357
348.204 476.596
348.171 478.842
348.112 481.093
347.851 483.33
347.013 485.426
346.009 487.454
345.964 489.62
346.454 491.735
347.391 493.694
348.465 495.585
349.578 497.436
350.986 499.071
352.081 500.855
353.632 502.242
355.202 503.581
356.609 505.066
357.374 506.91
357.777 508.903
358.523 510.784
359.027 512.732
359.056 514.767
359.001 516.823
358.761 518.877
358.364 520.915
358.437 522.978
358.974 524.994
359.637 526.977
360.346 528.958
360.792 531.01
361.01 533.103
361.041 535.207
360.712 537.275
359.748 539.121
358.216 540.596
356.873 542.181
356.003 544.043
355.596 546.073
355.454 548.148
355.293 550.224
354.833 552.247
354.354 554.272
353.974 556.317
353.707 558.388
353.477 560.467
353.743 562.542
354.305 564.593
354.649 566.704
354.916 568.839
355.26 570.974
355.637 573.114
355.945 575.275
356.12 577.458
356.139 579.659
355.86 581.849
354.995 583.879
353.48 585.538
351.828 587.081
350.784 589.012
350.265 591.164
350.093 593.38
350.215 595.605
350.815 597.736
352.193 599.493
354.043 600.904
355.503 602.646
355.864 604.818
354.952 606.829
353.208 608.342
351.768 610.028
351.349 612.179
351.295 614.39
351.299 616.591
351.263 618.79
351.237 620.987
351.242 623.171
351.305 625.347
351.721 627.457
352.766 629.324
354.209 630.963
355.357 632.779
355.297 634.856
354.179 636.722
353.035 638.567
352.142 640.533
351.574 642.584
351.557 644.7
351.751 646.818
351.656 648.913
350.95 650.883
349.873 652.706
349.21 654.662
349.089 656.753
348.675 658.759
347.477 660.433
346.208 662.056
345.412 663.933
345.065 666
344.682 668.081
344.527 670.206
344.118 672.308
343.522 674.38
342.384 676.233
340.871 677.851
339.354 679.498
338.341 681.468
337.963 683.658
338.137 685.886
338.899 688.006
339.782 690.105
340.152 692.324
340.171 694.572
339.899 696.792
339.161 698.892
337.943 700.798
337.071 702.846
336.527 705.028
335.851 707.174
335.415 709.371
335.374 711.602
335.762 713.797
336.833 715.745
338.433 717.352
339.956 719.023
340.78 721.082
340.77 723.293
339.943 725.385
339.028 727.439
339.281 729.555
340.268 731.483
341.539 733.225
343.079 734.742
344.334 736.443
344.927 738.444
344.957 740.541
344.808 742.631
344.73 744.715
344.859 746.793
344.864 748.867
344.372 750.875
343.486 752.761
342.658 754.674
341.77 756.562
341.277 758.573
341.048 760.635
340.835 762.699
340.513 764.751
340.097 766.787
339.811 768.84
339.702 770.91
339.946 772.973
340.468 775.011
340.79 777.079
340.372 779.101
339.304 780.916
338.192 782.721
337.206 784.604
336.186 786.496
335.291 788.464
334.247 790.375
333.247 792.307
332.505 794.356
332.147 796.505
332.294 798.691
332.79 800.855
333.209 803.037
333.246 805.253
332.787 807.432
332.067 809.557
331.599 811.733
331.59 813.962
331.906 816.181
332.538 818.345
333.328 820.468
334.378 822.482
335.442 824.5
336.762 826.356
338.294 828.074
339.538 829.987
339.927 832.221
339.653 834.518
339.165 836.8
338.97 839.089
339.544 841.286
340.609 843.3
341.897 845.171
343.328 846.969
344.358 848.99
345.051 851.157
345.469 853.394
346.156 855.524
347.598 857.217
349.517 858.497
351.261 859.99
352.479 861.919
353.171 864.115
353.572 866.408
353.825 868.724
353.974 871.063
354.456 873.321
355.429 875.416
356.784 877.316
358.131 879.223
359.367 881.206
360.416 883.298
361.156 885.519
361.641 887.82
362.525 889.977
363.924 891.852
365.558 893.54
367.173 895.268
368.454 897.222
369.473 899.347
370.28 901.563
371.534 903.539
373.111 905.303
374.664 907.072
375.958 909.028
377.26 910.99
378.539 912.899
380.002 914.664
381.432 916.463
382.89 918.244
383.57 920.42
384.269 922.582
385.363 924.57
386.761 926.388
387.973 928.311
388.866 930.419
390.06 932.353
391.479 934.144
393.1 935.756
394.565 937.465
396.093 939.121
397.149 941.089
397.929 943.186
398.73 945.273
399.678 947.281
400.796 949.213
401.482 951.333
401.997 953.48
402.333 955.674
402.831 957.824
403.698 959.87
404.473 961.955
405.452 963.919
407.049 965.441
408.483 967.067
410.412 967.899
412.313 968.725
414.218 969.484
415.82 970.725
417.196 972.236
417.928 974.164
418.79 976.044
419.761 977.912
420.169 979.959
420.183 982.068
420.113 984.185
420.075 986.309
420.049 988.44
419.956 990.568
419.67 992.685
419.379 994.802
419.333 996.932
419.589 999.058
419.968 1001.18
420.131 1003.32
419.821 1005.44
418.809 1007.33
417.497 1009.03
415.894 1010.5
414.613 1012.21
412.881 1013.46
411.102 1014.68
409.21 1015.73
407.46 1017.09
405.457 1018.03
403.554 1019.16
401.876 1020.62
400.327 1022.25
399.082 1024.14
397.676 1025.98
396.41 1027.9
394.984 1029.72
393.409 1031.43
391.706 1033.06
390.142 1034.81
388.924 1036.87
387.363 1038.66
385.251 1039.7
382.85 1040.05
380.534 1040.69
378.312 1041.59
376.184 1042.66
374.303 1044.12
372.422 1045.57
370.783 1047.32
369.216 1049.11
367.416 1050.67
365.672 1052.32
364.016 1054.03
362.393 1055.8
361.089 1057.84
359.622 1059.78
358.298 1061.83
356.73 1063.69
355.383 1065.72
354.546 1067.99
354.084 1070.42
353.097 1072.62
351.246 1074.15
349.012 1075.14
346.814 1076.17
344.974 1077.69
343.327 1079.44
341.831 1081.32
340.456 1083.25
339.044 1085.15
337.849 1087.17
336.549 1089.13
335.03 1090.88
333.245 1092.44
331.852 1094.3
330.659 1096.28
329.836 1098.42
329.207 1100.64
328.171 1102.7
326.967 1104.63
325.68 1106.5
325.02 1108.66
324.161 1110.72
322.823 1112.53
321.549 1114.35
320.087 1116.04
318.89 1117.89
317.764 1119.81
317.256 1121.96
317.145 1124.25
316.731 1126.47
316.27 1128.66
316.122 1130.85
316.36 1133.01
316.699 1135.15
316.808 1137.29
316.534 1139.4
316.21 1141.51
316.117 1143.63
316.153 1145.76
315.898 1147.84
314.95 1149.71
313.677 1151.41
313.115 1153.42
312.895 1155.51
312.473 1157.57
311.631 1159.51
311.021 1161.5
310.553 1163.53
310.241 1165.58
310.11 1167.64
310.175 1169.71
310.322 1171.77
310.453 1173.83
310.68 1175.88
310.975 1177.92
311.404 1179.94
311.779 1181.98
311.824 1184.06
311.88 1186.14
311.759 1188.21
311.373 1190.26
311.134 1192.31
311.237 1194.37
311.686 1196.37
312.406 1198.32
312.834 1200.34
313.502 1202.28
314.606 1204.03
315.39 1205.92
315.665 1207.94
315.692 1209.99
315.635 1212.04
315.46 1214.08
315.091 1216.1
314.616 1218.11
314.337 1220.13
314.519 1222.16
315.053 1224.14
315.632 1226.11
315.964 1228.14
316.032 1230.19
316.02 1232.24
315.983 1234.29
315.961 1236.34
316.079 1238.38
316.379 1240.4
316.904 1242.39
317.303 1244.41
317.691 1246.44
318.049 1248.47
317.952 1250.53
317.281 1252.48
316.399 1254.36
315.782 1256.31
315.561 1258.33
315.701 1260.36
316.244 1262.31
317.171 1264.13
318.229 1265.89
318.906 1267.81
319.036 1269.86
319.07 1271.92
319.245 1273.97
319.646 1276
320.093 1278.01
320.411 1280.05
320.416 1282.11
320.126 1284.16
320.032 1286.21
320.48 1288.23
320.767 1290.28
320.641 1292.34
320.169 1294.37
319.698 1296.41
319.482 1298.48
319.445 1300.57
319.712 1302.63
320.688 1304.48
321.732 1306.29
322.983 1307.98
323.785 1309.88
324.052 1311.92
324.052 1313.99
324.037 1316.05
324.033 1318.11
323.968 1320.16
323.843 1322.2
323.741 1324.24
323.647 1326.27
323.539 1328.31
323.486 1330.34
323.564 1332.37
323.736 1334.39
323.98 1336.41
324.602 1338.36
324.927 1340.36
324.549 1342.37
323.911 1344.33
323.524 1346.35
323.448 1348.42
323.509 1350.5
323.641 1352.59
323.963 1354.66
324.667 1356.63
325.616 1358.52
326.401 1360.47
326.806 1362.54
326.887 1364.65
326.932 1366.77
327.254 1368.87
327.805 1370.93
328.469 1372.97
328.936 1375.06
329.151 1377.19
329.348 1379.32
329.752 1381.41
330.415 1383.42
331.59 1385.23
332.494 1387.18
332.9 1389.3
333.235 1391.45
334.085 1393.45
335.348 1395.26
336.506 1397.14
337.462 1399.15
338.481 1401.15
339.312 1403.23
339.313 1405.45
338.582 1407.63
338.182 1409.85
338.529 1412.07
339.551 1414.1
340.578 1416.14
341.712 1418.12
343.183 1419.89
344.369 1421.83
345.815 1423.59
347.431 1425.18
349.276 1426.55
350.886 1428.17
352.097 1430.11
353.207 1432.13
354.182 1434.21
355.279 1436.23
356.64 1438.1
357.694 1440.15
358.391 1442.38
359.303 1444.49
360.917 1446.12
362.579 1447.7
364.495 1448.99
366.28 1450.43
367.737 1452.22
369.235 1453.98
370.461 1455.95
371.949 1457.73
373.47 1459.48
374.912 1461.3
376.147 1463.28
377.879 1464.86
379.581 1466.45
381.42 1467.9
383.333 1469.24
385.14 1470.73
386.775 1472.39
388.375 1474.09
389.903 1475.85
391.392 1477.64
392.705 1479.58
393.955 1481.55
395.33 1483.42
397.089 1484.89
399.14 1485.95
401.218 1486.95
403.3 1487.9
404.888 1489.5
405.938 1491.56
407.235 1493.42
408.744 1495.1
410.801 1495.99
412.81 1497.07
414.959 1497.79
416.983 1498.79
418.722 1500.26
420.771 1501.2
422.972 1501.77
425.109 1502.53
426.873 1503.88
428.091 1505.79
429.189 1507.79
430.733 1509.42
432.476 1510.87
434.491 1511.85
436.6 1512.65
438.823 1513
441.043 1513.33
442.999 1514.33
444.538 1515.96
446.101 1517.53
447.664 1519.14
449.59 1520.28
451.497 1521.43
453.606 1522.12
455.784 1522.59
457.893 1523.26
459.881 1524.21
461.792 1525.28
463.558 1526.6
465.3 1527.94
466.883 1529.47
468.454 1531.02
470.087 1532.47
472.058 1533.37
474.193 1533.89
476.337 1534.35
478.542 1534.35
480.717 1534.57
482.809 1535.17
484.737 1536.17
486.477 1537.47
488.099 1538.92
489.739 1540.33
491.695 1541.21
493.791 1541.75
495.92 1542.15
498.008 1542.68
499.818 1543.79
501.194 1545.46
502.727 1546.91
504.598 1547.89
506.467 1548.86
508.481 1549.48
510.554 1549.87
512.499 1550.64
514.332 1551.65
516.13 1552.76
517.975 1553.76
520.04 1554.05
522.174 1553.79
524.324 1553.69
526.415 1554.19
528.452 1554.92
530.437 1555.79
532.418 1556.67
534.505 1557.09
536.637 1556.85
538.759 1556.66
540.864 1556.48
542.956 1556.36
545 1556.67
546.94 1557.4
548.895 1558.06
550.868 1558.67
552.793 1559.39
554.872 1559.59
556.85 1560.18
558.598 1561.33
560.346 1562.49
561.988 1563.79
563.818 1564.74
565.808 1565.34
567.853 1565.81
569.822 1566.59
571.743 1567.47
573.811 1567.84
575.938 1568.08
577.832 1569.07
579.714 1570.06
581.442 1571.3
583.162 1572.55
585.043 1573.56
586.791 1574.81
588.742 1575.68
590.837 1576.22
592.934 1576.79
594.992 1577.5
597.073 1578.16
599.197 1578.64
601.379 1578.79
603.528 1579.12
605.502 1580.03
607.317 1581.28
609.249 1582.31
611.042 1583.56
613 1584.48
615.007 1585.26
617.163 1585.44
619.338 1585.33
621.513 1585.2
623.595 1585.64
625.312 1586.93
626.883 1588.39
628.832 1589.18
630.947 1589.62
632.99 1590.3
634.97 1591.19
637.071 1591.55
639.218 1591.67
641.354 1591.64
643.476 1591.49
645.592 1591.49
647.621 1591.97
649.365 1593.2
651.143 1594.33
653.075 1595.14
655.13 1595.56
657.23 1595.59
659.292 1595.19
661.257 1594.39
663.223 1593.56
665.309 1593.34
667.339 1593.98
669.344 1594.75
671.478 1595.02
673.56 1595.48
675.253 1596.83
677.013 1598.01
678.926 1598.93
680.889 1599.72
682.984 1600.02
685.101 1600.17
687.222 1600.06
689.336 1599.96
691.365 1600.45
693.215 1601.47
695.113 1602.35
697.082 1603.03
699.1 1603.54
701.158 1603.85
703.229 1604.07
705.3 1604.32
707.357 1604.64
709.412 1604.98
711.461 1605.37
713.536 1605.64
715.634 1605.68
717.731 1605.52
719.781 1605.08
721.637 1604.1
723.464 1602.99
725.549 1602.67
727.684 1602.75
729.817 1602.81
731.94 1602.98
733.889 1603.78
735.478 1605.24
737.216 1606.44
739.051 1607.46
741.026 1608.15
743.1 1608.34
745.191 1608.05
747.278 1608.12
749.362 1608.28
751.441 1608.18
753.513 1608
755.592 1607.92
757.68 1607.92
759.77 1607.88
761.849 1607.98
763.85 1608.52
765.707 1609.47
767.558 1610.39
769.497 1611.07
771.523 1611.38
773.577 1611.35
775.628 1611.27
777.678 1611.22
779.724 1611.13
781.762 1610.9
783.801 1610.75
785.786 1611.11
787.616 1612.02
789.497 1612.79
791.447 1613.4
793.479 1613.74
795.543 1613.77
797.584 1613.48
799.503 1612.7
801.367 1611.72
803.367 1611.15
805.44 1610.97
807.514 1610.95
809.581 1610.95
811.639 1610.94
813.689 1610.94
815.731 1610.95
817.768 1610.97
819.8 1610.98
821.827 1610.97
823.851 1610.94
825.873 1610.91
827.892 1610.86
829.91 1610.78
831.926 1610.68
833.94 1610.61
835.956 1610.62
837.967 1610.74
839.966 1611
841.952 1611.35
843.945 1611.66
845.951 1611.85
847.965 1611.9
849.975 1611.78
851.972 1611.51
853.955 1611.14
855.942 1610.79
857.956 1610.6
859.983 1610.58
862.013 1610.67
864.044 1610.84
866.081 1611.03
868.124 1611.15
870.176 1611.28
872.164 1611.75
873.884 1612.88
875.479 1614.19
877.202 1615.27

297

799.847 1385.9
797.373 1386.55
794.802 1386.75
792.253 1386.86
789.738 1386.86
787.279 1386.63
784.878 1386.4
782.535 1386.16
780.286 1385.68
778.303 1384.44
776.148 1383.83
773.894 1383.95
771.709 1383.72
769.549 1383.46
767.387 1383.11
765.265 1382.61
763.152 1382.18
761.029 1381.96
758.916 1381.87
756.824 1381.81
754.75 1381.77
752.689 1381.75
750.635 1381.66
748.562 1381.56
746.482 1381.42
744.405 1381.14
742.395 1380.55
740.345 1380.34
738.298 1380.21
736.256 1380.13
734.222 1379.99
732.22 1379.64
730.224 1379.18
728.226 1378.71
726.211 1378.26
724.151 1378.08
722.086 1378.02
720.048 1377.93
718.035 1377.7
716.005 1377.61
713.957 1377.54
711.903 1377.34
709.927 1376.75
708.045 1375.84
706.089 1375.14
704.22 1374.2
702.265 1373.47
700.198 1373.17
698.179 1372.74
696.32 1371.86
694.526 1370.72
692.54 1370.06
690.436 1369.9
688.348 1369.71
686.34 1369.12
684.454 1368.07
682.383 1367.55
680.298 1367.07
678.237 1366.52
676.14 1366.16
674.057 1365.79
671.956 1365.51
669.906 1365.13
667.868 1364.77
665.891 1364.19
664.07 1363.2
662.239 1362.19
660.372 1361.27
658.413 1360.53
656.394 1360
654.321 1359.79
652.248 1359.55
650.187 1359.25
648.107 1358.99
646.008 1358.89
643.92 1358.59
641.925 1357.88
640.01 1356.94
638.1 1355.94
636.006 1355.48
633.86 1355.34
631.702 1355.31
629.578 1355.09
627.569 1354.37
625.634 1353.47
623.767 1352.41
621.7 1351.9
619.589 1351.64
617.45 1351.53
615.323 1351.41
613.218 1351.02
611.134 1350.51
609.137 1349.74
607.185 1348.85
605.294 1347.83
603.396 1346.79
601.379 1346
599.264 1345.45
597.2 1344.74
595.154 1343.92
593.015 1343.38
591.188 1342.14
589.295 1341.01
587.567 1339.68
586.011 1338.14
584.315 1336.76
582.32 1335.9
580.127 1335.65
577.956 1335.31
576.145 1333.97
574.161 1332.97
572.331 1331.77
570.836 1330.13
569.309 1328.54
567.342 1327.56
565.173 1326.99
563.064 1326.21
560.955 1325.45
559.014 1324.37
557.573 1322.63
556.278 1320.75
554.481 1319.38
552.374 1318.45
550.267 1317.54
548.262 1316.44
546.59 1314.83
544.933 1313.19
542.923 1311.99
540.553 1311.61
538.227 1311.05
536.2 1309.62
533.993 1308.54
532.02 1307.1
530.193 1305.47
528.631 1303.55
527.125 1301.57
525.372 1299.78
523.823 1297.8
522.145 1295.91
520.135 1294.4
517.934 1293.1
515.826 1291.67
514.132 1289.75
512.931 1287.41
511.853 1284.96
511.384 1282.31
511.166 1279.64
511.402 1277.01
512.67 1274.65
513.701 1272.21
514.811 1269.86
516.411 1267.81
517.802 1265.63
519.101 1263.4
519.803 1260.88
521.215 1258.7
522.484 1256.47
524.233 1254.6
526.126 1252.83
528.089 1251.11
530.403 1249.92
532.975 1249.38
535.589 1249.23
538.158 1249.47
540.615 1250.11
542.805 1251.32
544.788 1252.84
546.78 1254.28
548.976 1255.38
551.14 1256.51
553.331 1257.58
555.504 1258.73
557.838 1259.44
560.283 1259.72
562.561 1260.45
564.4 1261.91
565.783 1263.85
567.269 1265.71
568.817 1267.46
570.611 1268.93
572.683 1269.99
574.747 1271.09
577.056 1271.59
579.051 1272.84
581.17 1273.86
583.276 1274.89
585.242 1276.23
587.367 1277.28
589.588 1278.12
591.813 1278.99
594.144 1279.55
596.077 1280.92
597.91 1282.37
599.549 1284.04
600.957 1285.92
602.609 1287.58
604.326 1289.16
606.075 1290.66
607.82 1292.18
609.738 1293.46
611.727 1294.61
613.826 1295.52
615.775 1296.68
617.529 1298.08
618.81 1299.97
620.414 1301.53
622.286 1302.71
624.381 1303.4
626.606 1303.7
628.686 1304.53
630.85 1305.1
632.974 1305.7
634.756 1307.1
636.78 1307.98
638.975 1308.3
641.15 1308.72
643.249 1309.43
645.345 1310.16
647.452 1310.85
649.65 1311.09
651.796 1311.47
653.878 1312.1
655.922 1312.87
658.071 1313.24
659.997 1314.13
661.679 1315.52
663.632 1316.15
665.499 1315.31
667 1313.69
668.985 1313.33
671.068 1313.47
673.176 1313.84
675.324 1314.35
677.528 1314.69
679.705 1315.06
681.798 1315.82
683.85 1316.73
685.9 1317.64
687.669 1319.15
689.791 1320.06
691.786 1321.15
693.714 1322.34
695.369 1324.03
697.392 1325.04
699.472 1325.86
701.221 1327.38
703.283 1328.33
705.261 1329.43
707.292 1330.34
709.248 1331.45
711.205 1332.54
713.221 1333.46
715.315 1334.14
717.273 1335.28
719.333 1336.19
721.406 1336.95
723.548 1337.38
725.685 1337.8
727.739 1338.61
729.718 1339.55
731.669 1340.58
733.716 1341.31
735.813 1341.98
737.729 1343.13
739.739 1344.08
741.699 1345.17
743.822 1345.88
745.92 1346.72
747.847 1347.95
749.836 1348.98
751.902 1349.9
753.762 1351.23
755.705 1352.42
757.762 1353.4
759.775 1354.5
761.781 1355.66
763.763 1356.85
765.766 1358
767.591 1359.53
769.404 1361.09
771.456 1362.24
773.52 1363.39
775.506 1364.67
777.67 1365.64
779.834 1366.63
781.806 1367.93
783.751 1369.4
786.078 1370.22
788.258 1371.34
790.348 1372.67
792.524 1373.87
794.651 1375.25
797.066 1376.1
799.3 1377.45
801.512 1378.84
802.27 1381.22
801.433 1383.83

88

385.639 846.099
383.379 845.662
381.329 844.696
379.825 842.969
378.696 840.955
377.802 838.846
377.035 836.698
376.225 834.577
375.559 832.415
375.228 830.202
375.357 827.961
375.584 825.727
375.602 823.5
375.369 821.289
374.767 819.159
373.747 817.174
372.756 815.176
372.247 813.008
372.067 810.754
371.722 808.498
371.03 806.287
370.829 804.007
371.073 801.716
371.722 799.486
372.71 797.371
373.856 795.329
375.027 793.307
375.864 791.137
376.8 788.988
377.403 786.739
378.013 784.5
379.212 782.535
380.857 780.811
382.123 778.8
383.266 776.711
384.493 774.677
386.28 773.148
388.449 772.098
390.638 771.047
392.934 770.346
395.301 769.997
397.709 770.025
400.106 770.335
402.491 770.866
404.879 771.344
407.159 772.113
409.092 773.482
410.432 775.418
411.24 777.62
411.657 779.899
411.565 782.183
411.072 784.398
410.511 786.571
409.897 788.689
409.185 790.744
408.255 792.702
407.571 794.724
406.888 796.733
406.271 798.757
405.993 800.837
405.945 802.934
405.839 805.021
405.523 807.075
404.801 809.022
403.821 810.885
403.284 812.892
403.179 814.977
403.288 817.071
403.462 819.168
403.617 821.275
403.774 823.392
404.133 825.488
404.92 827.484
405.654 829.498
405.942 831.622
405.975 833.798
406.018 835.991
406.025 838.204
405.746 840.397
404.527 842.258
402.848 843.824
401.038 845.255
399.057 846.428
396.965 847.351
394.697 847.533
392.418 847.359
390.161 846.954
387.905 846.503

