CONTOUR

2

2266

951.942 1653.63
953.945 1653.85
955.969 1653.87
957.998 1653.87
960.028 1653.88
962.049 1653.8
964.071 1653.76
966.089 1653.76
968.107 1653.83
970.14 1653.87
972.178 1653.81
974.2 1653.64
976.17 1653.17
978.156 1652.82
980.176 1652.68
982.205 1652.61
984.24 1652.58
986.272 1652.57
988.306 1652.56
990.342 1652.6
992.38 1652.7
994.426 1652.73
996.481 1652.74
998.543 1652.72
1000.59 1652.6
1002.64 1652.46
1004.68 1652.22
1006.71 1651.84
1008.69 1651.27
1010.7 1650.78
1012.7 1650.3
1014.67 1649.67
1016.6 1648.9
1018.62 1648.38
1020.72 1648.4
1022.8 1648.79
1024.86 1649.37
1026.96 1649.71
1029.08 1649.79
1031.21 1649.62
1033.35 1649.34
1035.47 1649.01
1037.49 1648.27
1039.47 1647.44
1041.08 1646.01
1042.63 1644.47
1044.53 1643.46
1046.68 1643.24
1048.79 1643.17
1050.8 1642.71
1052.68 1641.92
1054.43 1640.87
1056.32 1640.2
1058.29 1639.72
1060.19 1639.02
1062.01 1638.14
1063.93 1637.53
1065.92 1637.12
1067.91 1636.88
1069.92 1636.74
1071.94 1636.7
1073.96 1636.65
1075.98 1636.56
1078 1636.39
1080.01 1636.05
1081.98 1635.5
1083.93 1634.89
1085.93 1634.52
1087.92 1634.29
1089.94 1634.12
1091.92 1633.86
1093.92 1633.61
1095.92 1633.35
1097.91 1633.03
1099.88 1632.56
1101.9 1632.38
1103.92 1632.17
1105.9 1631.79
1107.83 1631.25
1109.69 1630.48
1111.62 1630.04
1113.55 1630.43
1115.24 1631.55
1117.03 1632.47
1119 1632.94
1121.05 1633.07
1123.14 1633.08
1125.23 1632.95
1127.28 1632.48
1129.34 1631.97
1131.39 1631.53
1133.33 1630.74
1135.24 1629.81
1137.29 1629.33
1139.38 1629.13
1141.48 1629.03
1143.57 1629
1145.64 1628.89
1147.71 1628.69
1149.76 1628.41
1151.76 1627.86
1153.74 1627.18
1155.77 1626.69
1157.81 1626.3
1159.79 1625.65
1161.83 1625.37
1163.88 1625.29
1165.93 1625.11
1167.97 1624.76
1170.01 1624.27
1172.05 1623.73
1174.15 1623.55
1176.28 1623.65
1178.37 1623.44
1180.29 1622.55
1182.21 1621.65
1184.22 1621.05
1186.25 1620.52
1188.23 1619.83
1190.18 1619.05
1192.23 1618.62
1194.31 1618.43
1196.4 1618.26
1198.46 1617.95
1200.48 1617.4
1202.44 1616.73
1204.32 1615.8
1206.23 1614.9
1208.09 1613.91
1210.19 1613.59
1212.34 1613.48
1214.47 1613.27
1216.57 1612.79
1218.61 1612.18
1220.55 1611.26
1222.48 1610.35
1224.47 1609.53
1226.48 1608.83
1228.36 1607.81
1230.2 1606.65
1232.23 1605.98
1234.36 1605.82
1236.51 1605.81
1238.63 1605.57
1240.65 1604.88
1242.6 1604.01
1244.48 1602.94
1246.43 1602.09
1248.45 1601.38
1250.56 1600.93
1252.66 1600.43
1254.57 1599.42
1256.18 1597.92
1258.27 1597.39
1260.43 1597.15
1262.54 1596.83
1264.61 1596.31
1266.61 1595.52
1268.59 1594.68
1270.61 1593.97
1272.62 1593.26
1274.53 1592.3
1276.36 1591.16
1278.32 1590.26
1280.33 1589.54
1282.43 1589.08
1284.54 1588.7
1286.6 1588.14
1288.52 1587.17
1290.53 1586.4
1292.48 1585.52
1294.09 1583.99
1296.13 1583.38
1298.13 1582.62
1300.18 1582
1302.26 1581.6
1304.29 1580.99
1306.31 1580.3
1308.28 1579.45
1310.21 1578.53
1312.17 1577.64
1314.26 1577.17
1316.3 1576.5
1318.15 1575.44
1319.77 1573.96
1321.72 1573.03
1323.67 1572.11
1325.45 1570.88
1327.35 1569.86
1329.3 1568.96
1331.08 1567.76
1332.88 1566.57
1334.83 1565.7
1336.87 1565.01
1338.93 1564.39
1340.93 1563.53
1342.89 1562.56
1344.87 1561.63
1346.92 1560.83
1348.92 1559.88
1351.04 1559.19
1352.73 1557.71
1354.68 1556.73
1356.67 1555.79
1358.62 1554.72
1360.46 1553.52
1362.08 1551.94
1364.18 1551.1
1365.85 1549.54
1367.85 1548.56
1369.97 1547.73
1371.92 1546.59
1373.77 1545.33
1375.44 1543.73
1377.42 1542.62
1379.21 1541.22
1381.14 1540.05
1383.05 1538.81
1385.17 1537.98
1387.27 1537.2
1388.99 1535.69
1390.93 1534.52
1392.95 1533.52
1394.93 1532.47
1396.61 1530.93
1398.39 1529.54
1400.07 1527.98
1402.31 1527.24
1404 1525.63
1405.78 1524.18
1407.74 1522.93
1409.85 1521.88
1411.67 1520.38
1413.68 1519.17
1415.45 1517.54
1417.53 1516.38
1419.49 1515.06
1421.34 1513.61
1423.02 1511.89
1424.93 1510.55
1426.71 1509.06
1428.44 1507.53
1429.93 1505.75
1431.47 1503.97
1433.73 1503.25
1435.65 1501.93
1437.75 1501.05
1439.84 1500.06
1441.75 1498.7
1443.58 1497.25
1445.07 1495.42
1446.54 1493.53
1448.48 1492.18
1450.56 1491.01
1452.5 1489.68
1453.96 1487.79
1455.59 1486.06
1457.29 1484.42
1458.44 1482.39
1459.38 1480.26
1460.43 1478.21
1461.73 1476.35
1463.49 1474.87
1465.36 1473.52
1466.8 1471.73
1468.34 1470.05
1470.17 1468.73
1471.95 1467.33
1473.68 1465.81
1474.75 1463.79
1475.89 1461.82
1477.25 1460.04
1478.77 1458.34
1479.8 1456.31
1481.38 1454.67
1482.76 1452.9
1484.2 1451.18
1485.62 1449.46
1487.12 1447.76
1487.91 1445.65
1489.46 1443.99
1490.42 1442
1491.14 1439.88
1492.18 1437.93
1493.33 1436.08
1494.77 1434.38
1495.8 1432.44
1497.08 1430.62
1498.2 1428.71
1499.3 1426.79
1500.4 1424.88
1501.47 1422.97
1502.32 1420.96
1503.19 1418.96
1503.71 1416.84
1504.54 1414.84
1505.77 1413.03
1506.54 1411.02
1507.23 1408.98
1507.99 1406.94
1508.51 1404.83
1508.94 1402.68
1509.73 1400.67
1511.25 1399.03
1511.7 1396.91
1511.86 1394.74
1512.35 1392.64
1513.27 1390.68
1514.28 1388.79
1515.27 1386.89
1516.03 1384.9
1516.01 1382.77
1515.43 1380.64
1515.03 1378.47
1515.3 1376.3
1516.17 1374.26
1516.54 1372.13
1516.65 1370
1516.76 1367.89
1516.98 1365.81
1517.26 1363.74
1517.47 1361.67
1517.71 1359.59
1517.9 1357.52
1517.89 1355.45
1517.83 1353.39
1517.79 1351.34
1517.81 1349.32
1517.87 1347.31
1517.92 1345.3
1517.97 1343.3
1518 1341.27
1518.07 1339.25
1518.26 1337.22
1518.46 1335.21
1518.49 1333.18
1518.36 1331.17
1518.21 1329.16
1518.14 1327.15
1518.09 1325.15
1518.17 1323.15
1518.36 1321.15
1518.57 1319.16
1518.75 1317.16
1518.94 1315.15
1519.27 1313.15
1519.77 1311.18
1520.15 1309.16
1520.72 1307.18
1521 1305.14
1520.75 1303.1
1519.95 1301.12
1519.86 1299.07
1520.69 1297.15
1521.71 1295.32
1522.26 1293.3
1522.74 1291.27
1523.38 1289.28
1524 1287.28
1524.12 1285.23
1523.81 1283.19
1523.35 1281.17
1522.88 1279.15
1522.49 1277.13
1522.02 1275.13
1521.33 1273.21
1520.21 1271.45
1519.82 1269.45
1519.97 1267.42
1520.81 1265.5
1521.48 1263.55
1521.62 1261.51
1521.61 1259.47
1521.53 1257.44
1521.38 1255.42
1521.18 1253.42
1521.01 1251.44
1520.99 1249.46
1521.17 1247.51
1521.66 1245.61
1522.11 1243.71
1522.29 1241.76
1522.47 1239.82
1522.79 1237.88
1523.34 1235.99
1524 1234.12
1524.44 1232.2
1524.79 1230.26
1524.98 1228.3
1525.14 1226.33
1525.39 1224.35
1525.91 1222.41
1526.83 1220.6
1527.87 1218.87
1528.92 1217.16
1529.76 1215.32
1530.73 1213.52
1531.93 1211.87
1533.19 1210.25
1534.72 1208.82
1536.24 1207.39
1537.93 1206.09
1539.7 1204.93
1541.47 1203.77
1543.22 1202.51
1545.09 1201.48
1547.05 1200.66
1548.92 1199.63
1550.84 1198.63
1552.73 1197.54
1554.76 1196.72
1556.67 1195.68
1558.4 1194.35
1559.91 1192.74
1561.69 1191.32
1563.19 1189.58
1564.97 1188.18
1566.91 1186.93
1568.69 1185.52
1570.36 1183.91
1572.48 1182.98
1574.12 1181.3
1576.09 1180.06
1578.09 1178.78
1579.92 1177.31
1581.53 1175.53
1583.34 1173.96
1585.19 1172.49
1586.76 1170.77
1588.36 1169.07
1589.86 1167.24
1591.46 1165.45
1593.2 1163.81
1594.7 1161.99
1596.04 1160.05
1597.02 1157.93
1597.88 1155.8
1599.36 1153.98
1600.5 1151.96
1601.77 1150.05
1602.84 1148.06
1603.87 1146.05
1604.67 1143.94
1605.33 1141.78
1605.97 1139.66
1607.08 1137.71
1607.68 1135.58
1608.57 1133.56
1609.46 1131.54
1610 1129.41
1610.93 1127.43
1612.16 1125.58
1612.95 1123.58
1613.42 1121.47
1613.95 1119.34
1614.99 1117.4
1616.27 1115.6
1617.22 1113.65
1618.01 1111.61
1619.23 1109.78
1620.28 1107.87
1620.9 1105.77
1621.52 1103.66
1622.31 1101.63
1623.39 1099.73
1624.54 1097.86
1625.5 1095.88
1626.44 1093.91
1627.52 1092.02
1628.48 1090.07
1629.18 1088.01
1629.88 1085.97
1630.84 1084.01
1631.55 1081.95
1632.2 1079.85
1633.32 1077.97
1633.74 1075.87
1633.94 1073.71
1634.39 1071.59
1635.1 1069.55
1635.84 1067.51
1636.34 1065.42
1636.68 1063.32
1636.9 1061.21
1637.06 1059.11
1637.31 1057.02
1637.8 1054.99
1638.2 1052.95
1638.43 1050.89
1638.63 1048.82
1639.13 1046.83
1639.81 1044.89
1640.61 1043
1641.08 1041.02
1641.18 1038.98
1641.23 1036.95
1641.28 1034.92
1641.38 1032.89
1641.61 1030.88
1641.69 1028.88
1641.66 1026.88
1641.69 1024.88
1642.02 1022.91
1642.48 1020.96
1643 1019.01
1643.71 1017.1
1644.33 1015.17
1644.66 1013.17
1644.84 1011.14
1645.07 1009.12
1645.54 1007.14
1645.8 1005.14
1645.94 1003.14
1646.08 1001.12
1646.37 999.11
1646.83 997.115
1647.65 995.234
1648.39 993.33
1648.5 991.287
1648.86 989.268
1649.5 987.317
1650.03 985.349
1650.42 983.358
1650.76 981.345
1651.28 979.364
1651.82 977.38
1652.07 975.351
1652.17 973.303
1652.33 971.264
1652.58 969.239
1653.05 967.245
1653.43 965.225
1653.63 963.181
1653.71 961.126
1653.73 959.072
1653.77 957.052
1653.82 955.031
1653.89 953.006
1654.03 950.982
1654.18 948.945
1654.21 946.9
1654.12 944.849
1654.06 942.792
1654.3 940.733
1654.93 938.738
1655.44 936.708
1655.6 934.613
1655.63 932.492
1655.65 930.36
1655.65 928.218
1655.61 926.068
1655.47 923.926
1654.99 921.846
1654.08 919.87
1653.46 917.799
1653.19 915.655
1652.94 913.528
1652.6 911.426
1652.16 909.323
1651.41 907.309
1650.61 905.325
1649.79 903.347
1649.18 901.313
1648.58 899.276
1648 897.223
1647.36 895.197
1646.52 893.226
1645.67 891.254
1644.67 889.364
1643.45 887.582
1642.55 885.638
1641.89 883.63
1641.24 881.626
1640.01 879.859
1639.27 877.882
1637.99 876.163
1637.52 874.17
1637.31 872.119
1637.05 870.073
1636.98 868.011
1636.98 865.944
1636.98 863.875
1636.87 861.808
1636.65 859.74
1636.24 857.699
1635.36 855.791
1634.38 853.914
1633.9 851.879
1633.71 849.788
1633.45 847.716
1633.09 845.648
1632.45 843.635
1631.83 841.607
1631.24 839.558
1629.89 837.815
1629.39 835.763
1629.14 833.662
1628.8 831.59
1628.45 829.499
1627.87 827.465
1626.98 825.542
1626.06 823.628
1625.31 821.667
1624.7 819.672
1624.15 817.633
1623.52 815.624
1622.57 813.736
1621.73 811.806
1621.47 809.741
1621.24 807.681
1620.9 805.632
1620.62 803.562
1620.22 801.503
1619.49 799.529
1618.79 797.551
1618.34 795.508
1617.86 793.475
1617.21 791.483
1616.39 789.551
1615.58 787.62
1614.75 785.699
1613.87 783.796
1613.31 781.815
1613.07 779.76
1612.85 777.697
1612.51 775.658
1611.89 773.684
1611.03 771.803
1610.37 769.853
1609.75 767.905
1609.11 765.96
1608.42 764.036
1607.91 762.06
1607.56 760.026
1607.28 757.958
1607.24 755.882
1606.73 753.89
1606.17 751.894
1605.8 749.881
1605.42 747.872
1604.57 746.01
1603.59 744.168
1603.2 742.13
1602.82 740.072
1602.48 737.996
1602.19 735.9
1601.52 733.914
1599.99 732.307
1599.52 730.27
1599.31 728.142
1598.18 726.329
1597.26 724.425
1596.83 722.352
1596.55 720.244
1596.12 718.151
1595.45 716.106
1594.75 714.057
1594.04 712.01
1593.17 710.046
1592.21 708.126
1591.59 706.052
1590.9 703.981
1589.76 702.086
1589.46 699.945
1589.3 697.773
1588.75 695.686
1587.81 693.716
1586.88 691.753
1586.24 689.674
1585.53 687.621
1584.69 685.639
1583.5 683.825
1582.43 681.948
1581.7 679.936
1581.01 677.914
1580.28 675.921
1579.27 674.045
1578.28 672.165
1577.21 670.383
1576.14 668.601
1575.08 666.797
1574.38 664.804
1573.67 662.817
1573.29 660.723
1573.05 658.603
1572.81 656.498
1572.47 654.401
1571.77 652.397
1570.8 650.482
1569.89 648.553
1568.85 646.691
1567.52 645.004
1566.48 643.146
1565.88 641.108
1565.49 639.008
1564.91 636.966
1563.78 635.134
1562.44 633.412
1561.55 631.451
1560.77 629.452
1559.54 627.69
1558.38 625.88
1557.69 623.843
1557.13 621.772
1556.7 619.673
1556.23 617.577
1555.45 615.558
1554.53 613.587
1553.38 611.742
1551.87 610.069
1551.38 607.842
1550.02 606.043
1549.43 603.958
1549.1 601.785
1548.43 599.695
1547.29 597.778
1546.2 595.833
1545.2 593.811
1543.88 591.936
1542.7 590.026
1541.62 588.065
1540.97 585.92
1540.11 583.822
1538.79 581.951
1537.51 580.07
1535.9 578.36
1535.21 576.116
1533.94 574.148
1533.4 571.918
1533 569.632
1532.13 567.472
1530.89 565.461
1529.63 563.473
1527.94 561.774
1526.87 559.651
1525.36 557.796
1524.17 555.751
1522.82 553.783
1521.55 551.753
1519.82 550.089
1518.25 548.338
1516.76 546.529
1515.19 544.775
1513.94 542.773
1512.9 540.611
1511.51 538.636
1509.89 536.813
1508.72 534.697
1507.6 532.527
1506.01 530.689
1503.94 529.27
1502.54 527.276
1501.13 525.24
1499.63 523.312
1497.9 521.571
1496.09 519.88
1494.57 517.998
1492.94 516.242
1491.41 514.392
1489.83 512.58
1487.93 511.063
1486.63 508.997
1484.95 507.256
1483.35 505.451
1481.87 503.537
1480.09 501.873
1478.67 499.962
1476.84 498.454
1474.94 497.054
1473.22 495.413
1471.42 493.851
1469.55 492.392
1467.91 490.705
1466.14 489.163
1464.48 487.475
1462.95 485.651
1460.99 484.296
1459.18 482.765
1457.35 481.256
1455.57 479.643
1453.8 478.04
1452.19 476.346
1450.39 474.839
1448.38 473.587
1446.76 471.834
1444.78 470.541
1443.14 468.848
1441.44 467.243
1439.51 465.876
1437.7 464.354
1436.02 462.714
1434.4 460.966
1432.42 459.656
1430.4 458.391
1428.48 457
1426.91 455.178
1425.47 453.209
1423.53 451.733
1421.53 450.345
1419.64 448.83
1417.78 447.25
1415.95 445.59
1414.21 443.92
1412.47 442.264
1410.76 440.583
1409.03 438.921
1407.43 437.044
1405.37 435.692
1403.3 434.355
1401.28 432.953
1399.4 431.316
1397.69 429.454
1395.98 427.657
1394.01 426.141
1391.8 424.931
1389.87 423.327
1388.2 421.424
1386.14 420.01
1383.97 418.731
1381.96 417.294
1380.3 415.443
1378.43 413.834
1376.2 412.771
1374.12 411.529
1372.21 410.062
1370.31 408.557
1368.25 407.276
1366.58 405.487
1364.61 404.091
1362.66 402.662
1360.65 401.334
1358.88 399.644
1357.02 398.047
1355.2 396.443
1353.29 394.941
1351.2 393.701
1349.3 392.127
1347.06 391.204
1345.18 389.652
1343.15 388.309
1341.14 386.891
1339.29 385.307
1337.67 383.435
1335.81 381.786
1333.67 380.57
1331.66 379.175
1329.69 377.712
1327.75 376.168
1325.71 374.818
1324.09 372.928
1322.12 371.461
1319.87 370.405
1317.81 369.105
1316.09 367.349
1314.35 365.591
1312.22 364.359
1310.23 362.987
1308.37 361.496
1306.69 359.77
1304.59 358.656
1302.78 357.103
1300.82 355.765
1298.92 354.376
1297.05 352.966
1295.31 351.329
1293.53 349.691
1291.66 348.252
1289.75 346.857
1287.69 345.727
1285.6 344.668
1283.53 343.615
1281.47 342.55
1279.65 341.072
1277.81 339.644
1276.05 338.157
1274.21 336.762
1272.36 335.359
1270.61 333.789
1268.63 332.611
1266.65 331.418
1264.66 330.279
1262.68 329.128
1260.71 327.924
1258.55 327.092
1256.71 325.627
1254.6 324.702
1252.51 323.774
1250.47 322.731
1248.34 321.945
1246.29 321.019
1244.49 319.652
1242.6 318.46
1240.63 317.398
1238.64 316.361
1236.7 315.251
1234.69 314.322
1232.67 313.433
1230.93 312.017
1228.95 310.954
1226.87 310.171
1224.76 309.557
1222.69 308.806
1220.64 307.993
1218.63 307.07
1216.58 306.321
1214.49 305.754
1212.33 305.536
1210.2 305.172
1208.32 304.029
1206.39 303.079
1204.68 301.705
1202.76 300.751
1200.83 299.837
1198.93 298.882
1196.87 298.386
1194.8 297.998
1192.74 297.538
1190.72 296.967
1188.74 296.211
1186.96 295.083
1185.23 293.915
1183.35 293.024
1181.49 292.027
1179.73 290.845
1177.84 289.92
1175.91 289.044
1174.16 287.829
1172.19 287.008
1170.66 285.451
1168.84 284.351
1166.98 283.297
1164.94 282.595
1162.82 282.164
1160.7 281.767
1158.58 281.307
1156.45 280.989
1154.36 280.438
1152.29 279.807
1150.25 279.161
1148.52 277.784
1146.53 276.965
1144.47 276.368
1142.48 275.576
1140.5 274.795
1138.44 274.276
1136.4 273.747
1134.4 273.091
1132.37 272.515
1130.37 271.856
1128.53 270.873
1126.88 269.559
1125.04 268.517
1123.13 267.562
1121.18 266.673
1119.15 265.993
1117.04 265.685
1114.88 265.555
1112.79 265.153
1111.01 263.842
1108.94 263.163
1106.92 262.426
1104.93 261.675
1102.9 261.066
1100.85 260.515
1098.84 259.821
1096.97 258.833
1095.02 258.07
1092.97 257.723
1090.9 257.546
1088.84 257.336
1086.8 256.988
1084.73 256.661
1082.71 256.182
1080.73 255.582
1078.76 254.964
1077.01 253.771
1074.99 253.354
1072.98 252.937
1071.08 252.095
1069.2 251.184
1067.22 250.553
1065.19 250.079
1063.21 249.444
1061.22 248.863
1059.21 248.345
1057.14 247.924
1055.33 246.87
1053.71 245.466
1051.75 244.758
1049.68 244.407
1047.61 244.073
1045.57 243.552
1043.58 242.922
1041.57 242.403
1039.6 241.797
1037.62 241.299
1035.62 240.846
1033.67 240.181
1031.71 239.524
1029.67 239.227
1027.78 238.376
1026.08 237.13
1024.2 236.237
1022.26 235.453
1020.27 234.797
1018.23 234.358
1016.17 234.016
1014.13 233.677
1012.06 233.547
1009.99 233.488
1007.93 233.368
1005.88 233.161
1003.83 232.958
1001.84 232.48
999.915 231.711
998.001 230.996
996.042 230.305
994.027 229.789
992.012 229.291
990.044 228.65
988.02 228.206
986 227.706
983.987 227.148
981.972 226.68
979.921 226.433
977.875 226.196
975.853 225.815
973.844 225.4
971.81 225.168
969.763 225.011
967.709 224.883
965.672 224.782
963.642 224.697
961.606 224.613
959.68 224.014
957.984 222.846
956.126 222.078
954.133 221.81
952.118 221.725
950.096 221.678
948.056 221.69
946.022 221.512
944.047 221.054
942.117 220.344
940.196 219.588
938.25 218.839
936.226 218.403
934.157 218.216
932.083 218.108
930.005 217.995
927.947 217.69
925.916 217.304
923.861 217.191
921.805 217.156
919.748 217.142
917.701 217.1
915.656 217.091
913.611 217.091
911.567 217.065
909.535 216.953
907.526 216.6
905.519 216.224
903.479 216.079
901.437 215.837
899.482 215.203
897.514 214.644
895.462 214.52
893.457 214.081
891.53 213.379
889.536 212.992
887.511 212.87
885.493 212.898
883.489 213.054
881.494 213.208
879.503 213.133
877.531 212.899
875.561 212.577
873.587 212.191
871.612 211.719
869.638 211.219
867.636 210.849
865.607 210.687
863.57 210.703
861.526 210.788
859.479 210.821
857.432 210.805
855.388 210.729
853.35 210.663
851.314 210.658
849.283 210.627
847.258 210.53
845.235 210.44
843.214 210.407
841.199 210.426
839.189 210.486
837.186 210.553
835.192 210.529
833.198 210.423
831.194 210.256
829.172 210.125
827.155 209.973
825.14 209.764
823.145 209.38
821.141 209.198
819.127 209.175
817.113 209.241
815.115 209.554
813.1 209.805
811.074 209.885
809.053 209.904
807.039 209.997
805.024 210.091
803.011 210.128
801.001 210.139
798.99 210.21
796.968 210.222
794.945 210.213
792.922 210.186
790.901 210.141
788.884 210.141
786.863 210.127
784.844 210.147
782.82 210.137
780.797 210.132
778.77 210.123
776.743 210.135
774.715 210.196
772.684 210.3
770.649 210.438
768.604 210.525
766.562 210.588
764.528 210.756
762.506 211.094
760.486 211.495
758.46 211.864
756.417 212.11
754.367 212.274
752.316 212.364
750.259 212.346
748.201 212.329
746.145 212.359
744.094 212.469
742.072 212.715
740.066 213.042
738.06 213.352
736.038 213.562
734.088 213.963
732.176 214.459
730.358 215.192
728.615 216.086
726.861 216.941
724.969 217.315
723.029 217.203
721.094 217.032
719.142 216.967
717.182 217.038
715.211 217.114
713.235 217.151
711.253 217.191
709.261 217.191
707.269 217.088
705.274 216.928
703.263 216.793
701.259 216.514
699.258 216.194
697.215 216.129
695.195 215.807
693.231 215.245
691.287 214.624
689.332 214.047
687.314 213.83
685.273 213.779
683.232 213.687
681.189 213.534
679.184 213.052
677.159 212.57
675.095 212.288
673.024 212.006
670.972 211.567
668.893 211.247
666.795 211.183
664.712 211.4
662.678 211.894
660.63 212.299
658.592 212.691
656.559 213.089
654.506 213.284
652.445 213.18
650.375 212.988
648.29 212.871
646.19 212.811
644.078 212.85
641.953 212.917
639.825 213.118
637.704 213.471
635.607 213.95
633.748 215.097
631.788 216.037
629.734 216.648
627.638 217.033
625.519 217.233
623.424 217.626
621.341 218.175
619.214 218.487
617.063 218.695
614.906 218.932
612.778 219.396
610.682 220.046
608.6 220.739
606.569 221.582
604.556 222.461
602.602 223.492
600.659 224.612
598.618 225.514
596.457 226.097
594.296 226.72
592.276 227.737
590.264 228.791
588.217 229.737
586.335 231.074
584.115 231.765
582.225 233.14
580.075 233.951
577.972 234.855
576.047 236.152
574.04 237.254
572.068 238.387
570.218 239.78
568.27 241.023
566.082 241.834
563.935 242.713
561.946 243.958
559.931 245.181
558.046 246.583
556.06 247.825
554.016 248.988
551.785 249.791
549.828 251.075
548.047 252.581
546.134 253.935
544.349 255.524
542.628 257.188
540.635 258.457
538.742 259.87
536.955 261.415
535.214 263.082
532.99 264.062
531.394 265.895
529.686 267.573
527.881 269.164
526.3 270.996
524.079 271.953
522.274 273.587
520.212 274.824
518.251 276.175
516.386 277.621
514.83 279.454
513.258 281.261
511.171 282.469
509.284 283.929
507.849 285.812
506.617 287.877
505.445 289.984
503.623 291.563
501.765 293.082
500.408 295.045
498.886 296.815
497.345 298.527
495.613 300.068
493.968 301.661
492.635 303.504
491.337 305.358
489.952 307.093
488.527 308.802
487.033 310.439
485.01 311.408
483.001 312.373
480.995 313.318
478.877 314.055
476.849 314.948
474.942 316.098
473.039 317.198
471.162 318.4
469.22 319.509
467.608 321.099
465.696 322.168
463.608 322.918
461.62 323.888
459.667 324.863
457.718 325.846
456.009 327.277
454.272 328.568
452.296 329.363
450.186 329.69
448.161 330.242
446.316 331.275
444.442 332.238
442.503 333.029
440.721 334.079
439.008 335.261
436.998 335.916
435.033 336.607
433.023 337.155
430.995 337.614
428.93 337.954
426.845 338.152
424.751 338.341
422.653 338.584
420.529 338.786
418.396 339.061
416.249 339.407
414.097 339.779
411.951 340.232
409.814 340.738
407.714 341.405
405.682 342.267
403.763 343.382
401.749 344.367
399.652 345.207
397.453 345.604
395.19 345.77
392.973 346.252
390.917 347.292
388.919 348.478
386.977 349.748
385.411 351.505
383.712 353.145
381.801 354.484
380.072 356.008
378.456 357.641
377.247 359.622
376.001 361.586
375.064 363.662
374.248 365.771
373.261 367.789
371.938 369.621
370.44 371.302
369.106 373.106
367.706 374.916
367.045 377.137
365.533 378.898
364.594 380.955
363.772 383.072
362.676 385.044
361.582 386.986
360.072 388.705
359.242 390.815
357.695 392.462
356.549 394.337
355.439 396.245
354.389 398.182
353.445 400.182
352.456 402.169
351.326 404.067
349.992 405.83
349.005 407.788
348.152 409.829
347.07 411.741
346.179 413.718
345.388 415.744
344.56 417.759
343.629 419.712
342.622 421.612
341.285 423.316
340.223 425.207
339.144 427.09
338.321 429.097
337.694 431.171
337.151 433.256
336.672 435.366
336.066 437.456
335.393 439.54
334.657 441.602
334.025 443.677
333.773 445.817
333.739 447.97
333.768 450.122
333.794 452.27
333.819 454.406
333.818 456.534
333.804 458.656
333.896 460.764
334.232 462.838
334.72 464.86
335.281 466.86
335.904 468.834
336.377 470.838
336.708 472.854
337.048 474.863
337.085 476.887
337.032 478.91
337.027 480.93
336.973 482.947
336.831 484.96
336.617 486.965
336.51 488.976
336.57 490.988
336.723 492.996
336.927 495.001
337.145 497
337.328 499
337.3 501.006
337.098 503.006
336.85 505.006
336.627 507.009
336.67 509.02
336.826 511.034
336.981 513.037
337.104 515.03
337.184 517.024
337.179 519.02
337.11 521.013
337.07 523.007
337.054 525.003
337.022 527.003
337.009 529.008
337.082 531.009
337.158 533.004
337.163 534.993
337.11 536.991
337.097 538.989
337.103 540.984
337.129 542.974
337.147 544.955
337.045 546.93
336.986 548.909
337.02 550.896
337.099 552.887
336.97 554.877
336.538 556.833
336.071 558.79
335.81 560.783
335.725 562.798
335.701 564.82
335.634 566.842
335.511 568.854
335.388 570.864
335.26 572.875
335.267 574.891
335.387 576.909
335.094 578.9
334.074 580.686
333.27 582.539
332.354 584.339
331.528 586.187
330.753 588.063
330.113 589.979
329.42 591.886
328.929 593.869
328.291 595.835
327.539 597.769
326.636 599.649
325.452 601.41
324.725 603.377
324.093 605.399
323.292 607.381
322.474 609.351
321.863 611.377
321.411 613.476
320.661 615.515
319.85 617.524
318.931 619.508
317.645 621.313
316.853 623.345
316.126 625.418
315.366 627.479
314.565 629.517
313.739 631.538
313.219 633.629
312.997 635.758
313.127 637.876
313.772 639.908
314.232 641.96
313.101 643.69
311.532 645.173
310.154 646.834
309.204 648.769
308.533 650.835
307.922 652.938
307.299 655.05
306.838 657.179
306.59 659.331
306.41 661.47
306.27 663.595
306.158 665.711
306.031 667.818
305.816 669.918
305.312 671.966
304.723 674.002
303.562 675.78
302.24 677.447
301.457 679.388
300.865 681.414
300.422 683.471
299.96 685.525
299.512 687.584
299.077 689.637
298.735 691.7
298.504 693.774
298.264 695.839
298.034 697.896
297.837 699.97
297.441 702.008
296.355 703.822
295.539 705.755
294.77 707.698
293.895 709.582
293.275 711.554
292.59 713.517
291.877 715.476
290.908 717.343
289.999 719.239
289.295 721.189
288.781 723.195
288.338 725.246
287.652 727.252
286.945 729.223
285.44 730.807
284.57 732.743
283.827 734.744
282.827 736.631
282.273 738.666
281.8 740.733
280.986 742.676
279.542 744.319
278.856 746.353
278.162 748.375
277.511 750.399
276.672 752.359
275.788 754.301
274.817 756.212
274.094 758.206
273.413 760.219
273.093 762.294
273.002 764.4
272.853 766.495
272.461 768.545
271.865 770.546
271.089 772.48
270.455 774.448
270.062 776.458
269.887 778.499
269.746 780.535
269.518 782.56
268.965 784.518
268.553 786.503
268.18 788.5
267.656 790.468
266.992 792.396
266.565 794.381
266.297 796.402
265.991 798.405
265.461 800.374
264.757 802.299
263.68 804.065
262.511 805.771
261.43 807.554
260.361 809.355
259.081 811.011
258.03 812.829
257.113 814.749
255.773 816.449
255.022 818.523
253.365 819.963
251.887 821.524
250.438 823.169
248.404 824.034
246.784 825.59
244.816 826.624
242.93 827.808
240.969 828.847
238.957 829.869
237.269 831.45
235.701 833.136
233.995 834.636
232.505 836.384
231.271 838.32
229.61 839.935
228.059 841.658
226.307 843.201
224.932 845.056
223.443 846.862
221.701 848.438
220.499 850.419
219.181 852.31
217.711 854.073
216.117 855.786
215.027 857.856
213.086 859.248
211.401 860.887
209.982 862.792
208.171 864.31
206.698 866.136
204.87 867.632
203.227 869.306
201.729 871.152
199.75 872.453
198.141 874.157
196.504 875.809
194.91 877.499
193.57 879.431
191.894 881.093
190.265 882.725
188.552 884.269
186.873 885.84
185.561 887.745
184.521 889.853
182.99 891.655
181.733 893.63
180.644 895.737
179.202 897.638
177.65 899.433
175.942 901.128
174.71 903.202
173.064 904.939
171.454 906.646
169.914 908.411
168.16 909.983
166.907 911.945
165.674 913.972
165.131 916.263
164.532 918.527
163.539 920.662
162.679 922.822
162.137 925.057
161.641 927.278
161.157 929.479
160.48 931.64
159.737 933.78
159.149 935.965
157.602 937.688
156.365 939.559
155.117 941.42
154.29 943.467
153.972 945.645
153.81 947.845
153.617 950.039
153.252 952.205
152.894 954.345
152.653 956.492
152.77 958.645
152.927 960.786
153.086 962.915
153.179 965.029
153.208 967.134
153.213 969.24
153.092 971.338
152.54 973.361
151.66 975.293
151.054 977.316
149.801 979.089
149.183 981.127
148.53 983.16
147.493 985.036
146.576 986.943
146.064 989.004
145.595 991.078
145.164 993.168
144.634 995.237
143.771 997.205
142.828 999.166
141.72 1001.04
141.399 1003.17
141.129 1005.32
140.379 1007.35
139.273 1009.27
138.463 1011.3
137.951 1013.45
137.448 1015.61
137.125 1017.81
136.991 1020.05
136.963 1022.32
136.963 1024.6
137.109 1026.88
137.228 1029.17
137.262 1031.47
137.318 1033.81
137.562 1036.15
138.109 1038.45
138.917 1040.69
139.951 1042.82
141.184 1044.83
142.962 1046.42
144.679 1048
145.936 1050.03
147.376 1051.87
149.082 1053.45
150.968 1054.85
152.93 1055.96
154.456 1057.7
156.375 1058.86
158.42 1059.81
160.519 1060.62
162.406 1061.77
163.765 1063.53
164.548 1065.62
164.984 1067.84
165.661 1069.99
167.087 1071.84
167.839 1074.04
169.237 1075.89
170.42 1077.84
171.874 1079.67
173.443 1081.43
175.488 1082.65
177.403 1084.11
179.451 1085.29
181.701 1086.13
183.857 1087.32
186.259 1087.34
188.62 1086.54
191.052 1086.15
193.483 1086.2
195.858 1086.07
198.183 1086.26
200.315 1087.24
202.512 1087.93
204.792 1088.04
207.046 1087.72
209.183 1087.13
210.838 1085.61
212.422 1084.04
213.72 1082.2
215.445 1080.81
217.26 1079.54
218.782 1077.98
220.457 1076.7
222.015 1075.32
223.645 1074.03
225.601 1073.37
227.377 1072.51
228.838 1071.18
230.151 1069.7
231.602 1068.39
233.397 1067.97
234.925 1069
235.738 1070.74
236.109 1072.69
236.234 1074.7
236.321 1076.73
236.559 1078.79
237.041 1080.85
237.28 1082.97
237.677 1085.1
238.762 1087.04
239.511 1089.11
240.456 1091.08
241.808 1092.82
243.547 1094.26
245.191 1095.81
247.161 1096.88
249.37 1097.27
251.625 1097.38
253.882 1097.37
256.13 1097.21
258.222 1096.43
260.013 1094.99
262.032 1094.04
264.167 1093.47
266.321 1093.08
268.456 1092.75
270.545 1092.33
272.542 1091.61
274.548 1091
276.573 1090.6
278.555 1090.17
280.488 1089.63
282.456 1089.39
284.396 1089.13
286.157 1088.34
287.852 1087.45
289.592 1086.61
291.209 1085.56
292.859 1084.51
294.671 1083.86
296.513 1084.31
298.047 1085.44
298.687 1087.24
298.583 1089.2
298.339 1091.15
297.975 1093.08
297.574 1095.03
296.912 1096.91
295.96 1098.72
294.968 1100.53
293.888 1102.33
293.241 1104.34
292.844 1106.45
292.601 1108.62
292.522 1110.84
292.705 1113.09
293.437 1115.24
294.656 1117.29
294.972 1119.58
294.148 1121.88
293.874 1124.21
295.022 1126.31
296.041 1128.44
297.745 1130.07
299.664 1131.42
301.677 1132.59
303.816 1133.47
306.079 1134
308.185 1134.93
310.129 1136.16
311.994 1137.51
314.038 1138.58
316.008 1139.76
318.015 1140.8
320.121 1141.64
322.269 1142.33
324.49 1142.71
326.752 1142.68
328.996 1142.6
331.198 1142.38
333.357 1142.05
335.497 1141.91
337.6 1142.08
339.651 1142.38
341.671 1142.39
343.644 1142.16
345.586 1141.98
347.476 1142.11
349.237 1142.73
350.752 1143.79
351.588 1145.4
352.016 1147.22
352.46 1149.09
353.142 1150.92
353.748 1152.79
354.208 1154.72
354.762 1156.65
355.772 1158.4
357.161 1159.89
358.671 1161.31
360.514 1162.2
362.357 1163.04
363.987 1164.23
365.569 1165.47
367.097 1166.77
367.648 1168.6
367.834 1170.53
367.93 1172.44
367.868 1174.35
367.494 1176.22
366.816 1178.03
366.105 1179.83
365.721 1181.72
365.484 1183.65
365.318 1185.59
365.273 1187.55
365.285 1189.52
365.34 1191.5
365.412 1193.5
365.454 1195.52
365.435 1197.55
365.402 1199.58
365.381 1201.64
365.365 1203.7
365.353 1205.76
365.353 1207.84
365.352 1209.91
365.353 1211.99
365.331 1214.08
365.171 1216.17
365.058 1218.28
365.061 1220.4
365.402 1222.47
366.424 1224.37
367.125 1226.38
367.01 1228.46
366.081 1230.42
365.878 1232.48
366.005 1234.54
366.072 1236.6
365.953 1238.65
365.994 1240.68
366.313 1242.67
366.841 1244.62
367.259 1246.58
367.158 1248.56
366.604 1250.5
366.17 1252.46
366.019 1254.47
366.255 1256.47
367.038 1258.35
368.12 1260.1
368.72 1262.03
368.91 1264.06
369.058 1266.09
369.135 1268.12
369.192 1270.15
369.274 1272.19
369.382 1274.24
369.456 1276.3
369.564 1278.36
369.848 1280.4
370.023 1282.45
370.071 1284.5
370.117 1286.54
370.237 1288.58
370.404 1290.61
370.7 1292.61
371.242 1294.55
372.061 1296.38
372.771 1298.24
373.302 1300.14
373.311 1302.12
372.852 1304.07
372.427 1306.04
372.194 1308.05
372.119 1310.09
372.15 1312.15
372.169 1314.2
372.156 1316.27
372.161 1318.33
372.232 1320.4
372.431 1322.46
372.786 1324.49
373.481 1326.42
374.619 1328.18
375.151 1330.15
375.242 1332.2
375.289 1334.24
375.401 1336.25
375.886 1338.23
376.061 1340.23
376.01 1342.24
375.981 1344.25
375.935 1346.26
375.902 1348.28
375.944 1350.31
376.062 1352.33
376.105 1354.37
376.068 1356.42
375.992 1358.47
375.955 1360.52
376.169 1362.56
376.561 1364.58
376.891 1366.62
377.036 1368.66
377.012 1370.72
377.036 1372.76
377.21 1374.8
377.54 1376.81
377.704 1378.84
377.782 1380.88
377.843 1382.92
378.056 1384.98
378.182 1387.07
378.297 1389.16
378.395 1391.28
378.548 1393.39
378.816 1395.5
379.244 1397.59
379.696 1399.69
380.146 1401.8
380.71 1403.86
381.314 1405.91
381.961 1407.97
382.844 1409.94
383.777 1411.89
384.632 1413.9
385.389 1415.92
385.856 1418.06
386.19 1420.24
386.743 1422.34
387.743 1424.3
388.666 1426.3
389.666 1428.28
391.077 1430.07
391.801 1432.18
392.575 1434.3
393.158 1436.49
393.658 1438.7
394.627 1440.77
395.594 1442.87
396.491 1445.01
397.446 1447.13
398.873 1448.96
399.985 1450.97
401.359 1452.87
402.486 1454.94
403.589 1457
404.808 1458.95
405.993 1460.94
407.512 1462.76
409.2 1464.43
410.488 1466.38
411.873 1468.27
413.368 1470.07
415.034 1471.78
416.152 1473.89
417.796 1475.59
419.394 1477.31
420.995 1479.07
423.008 1480.42
423.852 1482.68
425.454 1484.42
426.976 1486.19
428.502 1487.99
429.828 1490
431.619 1491.6
433.437 1493.18
434.69 1495.21
435.95 1497.22
437.362 1499.07
439.218 1500.51
441.095 1501.89
442.56 1503.69
443.942 1505.58
445.554 1507.22
447.423 1508.61
449.284 1510
450.642 1511.89
452.046 1513.78
453.771 1515.36
455.796 1516.56
457.89 1517.68
459.548 1519.4
461.232 1521.07
463.219 1522.34
465.054 1523.76
466.644 1525.42
468.169 1527.17
470.25 1528.19
471.87 1529.85
473.523 1531.5
475.232 1533.06
477.24 1534.19
479.147 1535.51
480.789 1537.14
482.575 1538.54
484.231 1540.14
486.107 1541.4
488.107 1542.51
490.125 1543.62
491.942 1545.05
494.033 1545.87
496.095 1546.8
498.024 1548.01
500.077 1548.93
502.162 1549.78
503.946 1551.24
506.133 1551.98
508.053 1553.23
510.146 1554.04
512.176 1555
514.055 1556.24
516.055 1557.23
518.029 1558.3
519.885 1559.58
521.723 1560.9
523.741 1561.83
525.653 1562.97
527.465 1564.37
529.484 1565.38
531.471 1566.42
533.436 1567.53
535.403 1568.69
537.223 1570.08
539.081 1571.37
541.053 1572.48
543.155 1573.32
545.286 1574.11
547.278 1575.19
549.266 1576.28
551.258 1577.4
553.286 1578.41
555.222 1579.56
557.2 1580.62
559.31 1581.38
561.461 1582.01
563.457 1583.04
565.282 1584.41
567.303 1585.38
569.432 1586.11
571.539 1586.86
573.494 1587.95
575.424 1589.06
577.531 1589.68
579.712 1589.98
581.853 1590.47
583.83 1591.45
585.825 1592.42
587.646 1593.72
589.698 1594.51
591.776 1595.23
593.852 1595.96
595.948 1596.56
598.049 1597.09
600.137 1597.66
602.249 1598
604.371 1598.31
606.425 1598.93
608.405 1599.69
610.274 1600.75
612.132 1601.8
614.115 1602.53
616.143 1603.15
618.15 1603.88
620.171 1604.55
622.213 1605.09
624.273 1605.59
626.343 1605.99
628.408 1606.52
630.448 1607.21
632.53 1607.66
634.609 1608.23
636.381 1609.54
638.376 1610.28
640.454 1610.8
642.474 1611.53
644.493 1612.28
646.567 1612.71
648.686 1612.9
650.802 1613.08
652.912 1613.37
654.93 1614
656.444 1615.56
658.254 1616.64
660.308 1617.16
662.379 1617.53
664.396 1618.15
666.441 1618.67
668.497 1619.2
670.514 1619.84
672.565 1620.31
674.649 1620.57
676.716 1620.85
678.77 1621.26
680.785 1621.73
682.835 1621.94
684.903 1622.11
686.967 1622.38
688.925 1623.08
690.895 1623.69
692.793 1624.51
694.737 1625.22
696.721 1625.81
698.736 1626.23
700.772 1626.6
702.77 1627.15
704.71 1627.91
706.713 1628.42
708.749 1628.76
710.757 1629.21
712.767 1629.67
714.81 1629.9
716.876 1629.92
718.942 1629.92
720.969 1630.28
722.897 1631.08
724.858 1631.74
726.94 1631.89
728.973 1632.16
730.703 1633.49
732.713 1634.03
734.804 1634.23
736.901 1634.46
738.967 1634.88
740.996 1635.47
743.03 1636.06
745.076 1636.49
747.155 1636.71
749.231 1636.99
751.309 1637.43
753.383 1637.79
755.49 1637.91
757.616 1637.94
759.752 1637.91
761.891 1637.91
764.031 1638.05
766.169 1638.3
768.307 1638.29
770.366 1637.76
772.116 1636.39
774.072 1635.56
775.87 1636.59
777.058 1638.47
778.371 1640.19
780.27 1641.1
782.405 1641.43
784.507 1641.9
786.608 1642.32
788.697 1642.74
790.797 1643.16
792.867 1643.66
794.941 1644.07
797.02 1644.35
799.096 1644.56
801.157 1644.75
803.216 1644.93
805.275 1645.11
807.314 1645.43
809.331 1645.77
811.37 1645.93
813.42 1645.96
815.466 1645.96
817.512 1646.06
819.551 1646.27
821.571 1646.63
823.519 1647.29
825.431 1648.03
827.369 1648.69
829.368 1649.08
831.398 1649.19
833.433 1649.21
835.465 1649.12
837.46 1648.76
839.369 1647.99
841.376 1647.67
843.438 1647.78
845.52 1647.89
847.608 1647.96
849.697 1647.89
851.77 1647.74
853.797 1647.96
855.473 1649.33
857.41 1649.93
859.432 1650.2
861.464 1650.34
863.493 1650.46
865.524 1650.52
867.552 1650.54
869.576 1650.54
871.592 1650.62
873.602 1650.75
875.608 1650.95
877.622 1651.06
879.64 1651.05
881.65 1650.97
883.657 1650.95
885.659 1651.07
887.636 1651.39
889.603 1651.83
891.582 1652.18
893.577 1652.39
895.577 1652.54
897.583 1652.64
899.59 1652.77
901.603 1652.83
903.621 1652.83
905.649 1652.79
907.678 1652.76
909.708 1652.78
911.736 1652.85
913.754 1652.93
915.778 1652.99
917.804 1653.15
919.797 1653.61
921.808 1653.89
923.839 1653.92
925.852 1653.77
927.81 1653.29
929.8 1652.88
931.815 1652.76
933.83 1652.77
935.847 1652.83
937.867 1652.89
939.897 1652.9
941.919 1652.88
943.929 1652.82
945.95 1652.83
947.967 1652.94
949.969 1653.16

799

975.727 1413.82
973.732 1413.83
971.739 1413.81
969.751 1413.72
967.775 1413.46
965.823 1412.96
963.844 1412.74
961.86 1412.78
959.885 1413.07
957.909 1413.46
955.909 1413.62
953.901 1413.7
951.891 1413.78
949.901 1413.95
947.906 1414.07
945.908 1414.2
943.908 1414.18
941.921 1414
939.93 1413.96
937.937 1413.96
935.942 1413.95
933.945 1413.94
931.947 1413.91
929.948 1413.9
927.949 1413.85
925.959 1413.8
923.966 1413.77
921.969 1413.76
919.965 1413.72
917.956 1413.66
915.942 1413.72
913.924 1413.83
911.901 1413.89
909.897 1413.85
907.897 1413.84
905.901 1413.79
903.907 1413.71
901.9 1413.64
899.888 1413.6
897.88 1413.56
895.871 1413.55
893.858 1413.55
891.842 1413.54
889.825 1413.54
887.804 1413.54
885.781 1413.57
883.753 1413.64
881.719 1413.75
879.679 1413.82
877.658 1413.89
875.637 1413.93
873.617 1413.86
871.615 1413.56
869.626 1413.12
867.608 1412.91
865.581 1412.8
863.554 1412.7
861.533 1412.59
859.514 1412.45
857.493 1412.3
855.478 1412.06
853.477 1411.7
851.483 1411.29
849.477 1410.97
847.462 1410.79
845.441 1410.69
843.43 1410.55
841.427 1410.45
839.429 1410.37
837.419 1410.29
835.414 1410.18
833.418 1409.99
831.452 1409.56
829.475 1409.25
827.473 1409.16
825.459 1409.13
823.44 1409.13
821.435 1409.04
819.452 1408.7
817.484 1408.25
815.503 1407.84
813.49 1407.63
811.464 1407.55
809.443 1407.39
807.434 1407.07
805.409 1406.79
803.385 1406.61
801.372 1406.39
799.356 1406.17
797.344 1406.01
795.326 1405.94
793.31 1405.87
791.311 1405.57
789.301 1405.24
787.278 1405.06
785.266 1404.86
783.275 1404.51
781.277 1404.03
779.344 1403.3
777.368 1402.75
775.338 1402.52
773.29 1402.47
771.236 1402.48
769.177 1402.46
767.117 1402.39
765.064 1402.34
763.032 1402.19
761.015 1401.94
759.028 1401.43
756.996 1401.06
755.035 1400.43
753.101 1399.71
751.148 1399.01
749.178 1398.36
747.165 1397.94
745.138 1397.69
743.149 1397.26
741.121 1396.91
739.071 1396.72
737.01 1396.61
734.947 1396.54
732.878 1396.45
730.82 1396.21
728.826 1395.65
726.915 1394.82
724.91 1394.27
722.961 1393.55
721.285 1392.2
719.296 1392.05
717.281 1392.61
715.222 1392.71
713.166 1392.46
711.145 1391.97
709.132 1391.36
707.178 1390.62
705.204 1389.96
703.181 1389.49
701.135 1389.12
699.058 1388.9
696.998 1388.6
694.957 1388.14
692.932 1387.51
690.909 1386.86
688.823 1386.54
686.713 1386.41
684.6 1386.31
682.5 1386.12
680.406 1385.79
678.369 1385.23
676.466 1384.31
674.688 1383.1
672.729 1382.25
670.703 1381.61
668.622 1381.18
666.527 1380.84
664.422 1380.55
662.353 1380.06
660.388 1379.22
658.387 1378.48
656.35 1377.87
654.301 1377.29
652.225 1376.78
650.196 1376.05
648.095 1375.55
646.039 1374.99
643.951 1374.48
641.89 1373.93
639.855 1373.33
638.023 1372.26
636.261 1371.07
634.297 1370.28
632.274 1369.66
630.332 1368.85
628.549 1367.71
626.82 1366.5
625.082 1365.31
623.635 1363.74
622.302 1362.07
620.494 1360.95
618.787 1359.65
616.891 1358.69
615.063 1357.56
613.057 1356.77
611.073 1355.9
609.228 1354.75
607.331 1353.67
605.311 1352.8
603.387 1351.71
601.374 1350.75
599.371 1349.72
597.272 1348.87
595.258 1347.85
593.433 1346.47
591.494 1345.19
589.834 1343.55
588.419 1341.71
586.677 1340.18
584.871 1338.69
582.923 1337.33
581.095 1335.73
579.444 1333.94
577.492 1332.54
575.42 1331.25
573.367 1329.9
571.645 1328.13
570.011 1326.28
568.746 1324.15
567.277 1322.11
565.746 1320.03
564.153 1318.07
562.295 1316.31
561.035 1314.09
559.583 1311.9
559 1309.42
559.513 1306.91
560.836 1304.67
562.235 1302.49
563.835 1300.45
565.487 1298.45
567.348 1296.62
569.062 1294.69
569.99 1292.31
571.04 1290.01
572.321 1287.82
573.544 1285.63
575.263 1283.75
576.364 1281.51
577.728 1279.44
579.333 1277.55
581.184 1275.95
583.231 1274.58
585.256 1273.24
586.895 1271.41
589.041 1270.43
591.326 1269.76
593.441 1268.75
595.076 1267.08
596.406 1265.14
597.502 1263.02
599.125 1261.22
600.578 1259.31
602.285 1257.68
604.388 1256.52
606.399 1255.22
608.188 1253.63
610.245 1252.43
612.249 1251.17
614.346 1250.13
616.417 1249.04
618.147 1247.44
619.765 1245.7
621.644 1244.32
623.604 1243
625.432 1241.54
626.579 1239.49
627.809 1237.5
629.385 1235.82
631.252 1234.4
633.164 1233.08
635.043 1231.73
637.102 1230.71
639.122 1229.6
641.144 1228.55
643.131 1227.46
645.146 1226.44
647.249 1225.62
649.342 1224.79
651.291 1223.65
653.241 1222.51
655.309 1221.65
657.449 1221.01
659.638 1220.56
661.825 1220.06
664.007 1219.48
666.142 1218.78
668.305 1218.22
670.432 1217.58
672.419 1216.55
674.37 1215.42
676.38 1214.43
678.464 1213.6
680.428 1212.5
682.332 1211.25
684.394 1210.28
686.549 1209.48
688.556 1208.36
690.557 1207.14
692.651 1206.13
694.88 1205.49
697.109 1204.76
699.342 1204.01
701.427 1202.85
703.543 1201.72
705.786 1200.83
708.001 1199.83
710.368 1199.22
712.801 1199.27
715.05 1200.2
717.085 1201.55
718.556 1203.42
719.631 1205.59
720.837 1207.65
721.632 1209.87
722.056 1212.14
722.199 1214.43
722.291 1216.7
722.689 1218.91
723.473 1221.01
724.359 1223.04
725.555 1224.8
727.324 1225.99
729.303 1226.81
731.137 1227.92
732.747 1229.32
733.765 1231.26
734.791 1233.2
735.637 1235.23
735.815 1237.41
735.66 1239.62
735.257 1241.77
734.445 1243.78
733.758 1245.81
733.196 1247.86
732.687 1249.91
732.248 1251.97
731.64 1253.98
731 1255.97
730.603 1257.99
730.34 1260.01
730.155 1262.01
729.969 1263.99
729.857 1265.96
729.778 1267.94
729.868 1269.91
730.106 1271.88
730.493 1273.83
731.172 1275.7
732.121 1277.49
733.002 1279.31
733.677 1281.2
734.036 1283.19
734.476 1285.19
735.178 1287.13
735.707 1289.12
736.929 1290.83
737.837 1292.67
738.586 1294.59
739.548 1296.41
740.646 1298.16
741.885 1299.82
743.32 1301.38
743.986 1303.44
745.505 1304.99
746.732 1306.72
748.062 1308.37
749.534 1309.89
751.102 1311.38
752.188 1313.22
753.738 1314.67
755.041 1316.35
756.629 1317.73
758.226 1319.12
760.167 1319.99
761.794 1321.44
763.588 1322.56
765.285 1323.8
767.055 1324.91
768.851 1325.91
770.452 1327.2
772.076 1328.45
773.85 1329.42
775.741 1330.19
777.567 1331.07
779.317 1332.09
781.194 1332.78
783.12 1333.33
784.991 1333.93
786.754 1334.82
788.477 1335.81
790.289 1336.6
792.186 1337.07
794.133 1337.26
796.075 1337.39
798.032 1337.47
799.996 1337.52
801.953 1337.52
803.915 1337.45
805.882 1337.35
807.856 1337.32
809.837 1337.3
811.819 1337.25
813.802 1337.2
815.78 1337
817.768 1336.63
819.772 1336.32
821.781 1336.04
823.809 1335.94
825.834 1335.73
827.785 1335.17
829.62 1334.22
831.561 1333.58
833.55 1333.05
835.533 1332.46
837.468 1331.64
839.433 1330.81
841.365 1329.93
842.921 1328.46
844.566 1327.09
845.95 1325.35
847.738 1324.01
849.588 1322.65
851.178 1320.99
852.914 1319.41
855.078 1318.34
857.115 1317.06
859.404 1316.42
861.78 1316.02
864.178 1315.6
866.562 1315.1
868.969 1315.24
871.284 1316.01
873.376 1317.17
875.002 1318.98
877.112 1320.01
878.935 1321.54
880.778 1322.92
882.553 1324.33
884.386 1325.61
885.978 1327.22
887.911 1328.32
889.87 1329.43
891.819 1330.47
893.432 1332.01
895.261 1333.18
897.351 1333.74
899.315 1334.52
901 1335.85
902.716 1337.09
904.672 1337.82
906.714 1338.24
908.756 1338.6
910.73 1339.19
912.639 1339.98
914.599 1340.53
916.601 1340.86
918.589 1341.13
920.562 1341.37
922.548 1341.52
924.525 1341.76
926.502 1342.06
928.489 1341.91
930.455 1341.96
932.401 1342.33
934.322 1342.86
936.255 1343.31
938.231 1343.47
940.204 1343.64
942.157 1343.93
944.102 1344.26
946.061 1344.35
948.007 1344.08
949.939 1343.71
951.896 1343.5
953.87 1343.45
955.855 1343.41
957.853 1343.36
959.856 1343.23
961.868 1343.11
963.887 1343.02
965.912 1342.97
967.939 1343.03
969.96 1343.04
971.995 1343.08
974.026 1343.19
976.043 1343.44
978.09 1343.5
980.133 1343.46
982.187 1343.4
984.26 1343.31
986.33 1343.04
988.312 1342.22
990.374 1342.02
992.373 1342.99
994.481 1343.03
996.579 1342.62
998.559 1341.77
1000.63 1341.48
1002.68 1341.73
1004.5 1342.94
1006.55 1343.39
1008.65 1343.53
1010.69 1344
1012.68 1344.65
1014.71 1345.04
1016.74 1345.17
1018.77 1345.27
1020.78 1345.39
1022.78 1345.63
1024.68 1346.26
1026.57 1346.88
1028.41 1347.71
1030.3 1348.35
1032.28 1348.65
1034.26 1348.81
1036.26 1348.91
1038.25 1348.99
1040.24 1349.02
1042.23 1349.01
1044.22 1349.01
1046.21 1349.02
1048.2 1349.05
1050.19 1349.07
1052.17 1349.07
1054.15 1349.05
1056.11 1348.98
1058.06 1348.93
1059.99 1349.04
1061.89 1349.35
1063.78 1349.45
1065.64 1348.93
1067.5 1348.35
1069.41 1347.89
1071.35 1347.41
1073.29 1346.93
1075.28 1346.65
1077.29 1346.51
1079.31 1346.38
1081.33 1346.23
1083.35 1346.08
1085.36 1345.88
1087.34 1345.59
1089.33 1345.34
1091.33 1345.24
1093.34 1345.22
1095.36 1345.26
1097.37 1345.28
1099.38 1345.23
1101.4 1345.11
1103.42 1344.95
1105.45 1344.81
1107.48 1344.73
1109.52 1344.66
1111.54 1344.39
1113.53 1343.97
1115.55 1343.74
1117.58 1343.51
1119.58 1343.1
1121.55 1342.54
1123.52 1342.01
1125.54 1341.77
1127.53 1341.49
1129.52 1341.27
1131.48 1341.57
1133.4 1342.18
1135.3 1341.5
1137.23 1341.07
1139.23 1340.89
1141.25 1340.8
1143.28 1340.67
1145.3 1340.35
1147.26 1339.73
1149.14 1338.89
1151.05 1338.12
1153.01 1337.51
1155.04 1337.27
1157.1 1337.11
1159.16 1336.89
1161.21 1336.56
1163.16 1335.8
1165.1 1335
1167.03 1334.16
1168.97 1333.41
1170.99 1333.01
1173.04 1332.72
1175.12 1332.62
1177.2 1332.68
1179.27 1332.71
1181.34 1332.69
1183.42 1332.66
1185.5 1332.68
1187.56 1332.5
1189.5 1331.79
1191.31 1330.69
1193.25 1329.93
1195.31 1329.62
1197.4 1329.42
1199.47 1329.01
1201.33 1327.97
1203.18 1326.93
1205.05 1325.92
1207.12 1325.43
1209.15 1324.83
1211.2 1324.27
1213.17 1323.44
1215.06 1322.45
1216.97 1321.53
1219.03 1321.18
1221.15 1321.08
1223.28 1321.08
1225.4 1321.12
1227.52 1321.09
1229.62 1321.25
1231.69 1321.67
1233.72 1322.21
1235.76 1322.77
1237.73 1323.54
1239.74 1324.2
1241.82 1324.55
1243.91 1324.78
1245.98 1325.06
1248 1325.55
1250.06 1325.86
1252.09 1326.35
1254.09 1327
1256.17 1327.28
1258.28 1327.34
1260.39 1327.32
1262.52 1327.27
1264.65 1327.15
1266.81 1327.13
1268.97 1327.18
1271.15 1327.23
1273.34 1327.26
1275.55 1327.18
1277.79 1327.09
1280.07 1326.98
1282.38 1327.1
1284.71 1327.26
1287.08 1327.46
1289.48 1327.7
1291.91 1327.73
1294.38 1327.65
1296.87 1327.79
1298.97 1329.17
1300.79 1330.98
1301.7 1333.33
1301.36 1335.79
1300.11 1337.96
1298.33 1339.72
1296.27 1341.15
1294.19 1342.5
1292.13 1343.81
1290.01 1345.01
1287.68 1345.74
1285.76 1347.16
1284.13 1348.94
1282.2 1350.29
1280.19 1351.58
1278.36 1353.1
1276.19 1353.93
1274.06 1354.78
1272.05 1355.94
1269.94 1356.83
1267.87 1357.7
1266.06 1359.1
1263.88 1359.8
1262.16 1361.28
1260.18 1362.18
1258.06 1362.77
1255.93 1363.37
1253.94 1364.28
1252 1365.3
1249.91 1365.99
1248.02 1367.11
1246.04 1367.95
1244.04 1368.69
1241.98 1369.19
1239.89 1369.53
1237.82 1370.02
1235.72 1370.23
1233.61 1370.4
1231.54 1370.81
1229.56 1371.57
1227.59 1372.39
1225.57 1373
1223.53 1373.6
1221.46 1374.07
1219.46 1374.76
1217.54 1375.66
1215.73 1376.8
1213.82 1377.68
1211.78 1378.21
1209.72 1378.67
1207.71 1379.32
1205.75 1380.11
1203.71 1380.6
1201.65 1380.97
1199.61 1381.47
1197.57 1381.83
1195.5 1381.99
1193.41 1382.1
1191.32 1382.22
1189.26 1382.52
1187.27 1383.16
1185.37 1384.04
1183.4 1384.72
1181.36 1385.09
1179.28 1385.24
1177.2 1385.38
1175.16 1385.8
1173.19 1386.46
1171.24 1387.23
1169.4 1388.23
1167.52 1389.18
1165.53 1389.8
1163.46 1390.06
1161.36 1389.97
1159.27 1389.92
1157.19 1390.07
1155.2 1390.69
1153.36 1391.74
1151.46 1392.64
1149.45 1393.22
1147.39 1393.54
1145.31 1393.79
1143.26 1394.28
1141.22 1394.67
1139.17 1394.93
1137.11 1395.11
1135.06 1395.23
1133.02 1395.48
1131 1395.81
1128.99 1396.18
1126.99 1396.51
1124.99 1396.78
1122.97 1396.95
1120.97 1397.23
1119.01 1397.71
1117.03 1398.12
1115.07 1398.65
1113.09 1399.15
1111.09 1399.56
1109.06 1399.75
1107.03 1399.96
1105 1400.15
1102.95 1400.14
1101.01 1400.71
1099.06 1401.24
1097.06 1401.41
1095.05 1401.39
1093.04 1401.37
1091.03 1401.48
1089.05 1401.81
1087.23 1402.69
1085.37 1403.53
1083.47 1404.23
1081.47 1404.6
1079.45 1404.72
1077.42 1404.79
1075.39 1404.89
1073.38 1405.09
1071.39 1405.51
1069.39 1405.8
1067.36 1405.93
1065.32 1405.99
1063.26 1406.07
1061.21 1406.19
1059.15 1406.22
1057.09 1406.25
1055.03 1406.3
1052.97 1406.36
1050.94 1406.63
1048.98 1407.18
1047.05 1407.87
1045.06 1408.34
1043.06 1408.73
1041.06 1409.04
1039.06 1409.17
1037.07 1409.02
1035.17 1408.42
1033.3 1407.73
1031.42 1407.05
1029.46 1406.92
1027.53 1407.38
1025.6 1407.78
1023.59 1407.98
1021.75 1408.76
1020.06 1409.88
1018.14 1410.43
1016.12 1410.51
1014.09 1410.42
1012.06 1410.38
1010.02 1410.4
1007.98 1410.43
1005.94 1410.5
1003.89 1410.52
1001.85 1410.53
999.806 1410.6
997.783 1410.84
995.794 1411.31
993.832 1411.9
991.837 1412.3
989.812 1412.48
987.784 1412.62
985.768 1412.79
983.782 1413.15
981.793 1413.58
979.778 1413.77
977.753 1413.84

