CONTOUR

2

2402

1074.26 1652.28
1076.32 1652.22
1078.37 1652.14
1080.43 1651.99
1082.5 1651.93
1084.56 1651.77
1086.6 1651.4
1088.6 1650.85
1090.53 1650.12
1092.32 1649.13
1094.05 1647.98
1096.03 1647.47
1098.09 1647.53
1100.16 1647.86
1102.24 1648.1
1104.27 1648.65
1106.35 1648.77
1108.44 1648.46
1110.56 1648.29
1112.67 1648.64
1114.75 1649.21
1116.85 1649.55
1118.96 1649.4
1120.93 1648.5
1122.96 1647.85
1125.08 1647.57
1127 1646.71
1128.57 1645.25
1130.06 1643.64
1132.07 1642.9
1134.23 1642.94
1136.34 1643.54
1138.22 1644.71
1140.14 1645.66
1142.23 1645.87
1144.33 1645.64
1146.42 1645.45
1148.5 1645.28
1150.56 1645.05
1152.61 1644.7
1154.67 1644.57
1156.72 1644.53
1158.77 1644.48
1160.81 1644.38
1162.86 1644.26
1164.9 1644.01
1166.93 1643.65
1168.96 1643.26
1170.99 1642.93
1173.03 1642.65
1175.08 1642.42
1177.05 1642.03
1179.03 1641.64
1181.02 1641.36
1183.06 1641.37
1185.06 1641.12
1187.07 1640.79
1189.12 1640.71
1191.19 1640.81
1193.25 1640.6
1195.22 1639.93
1197.11 1638.98
1199.12 1638.39
1201.11 1637.77
1203.13 1637.44
1205.15 1637.23
1207.19 1636.95
1209.21 1636.6
1211.25 1636.38
1213.3 1636.12
1215.31 1635.6
1217.3 1634.98
1219.32 1634.52
1221.35 1634.12
1223.35 1633.58
1225.37 1633.14
1227.36 1632.59
1229.26 1631.76
1231.15 1630.89
1233.15 1630.3
1235.22 1630.07
1237.28 1629.9
1239.29 1629.5
1241.26 1628.89
1243.24 1628.34
1245.23 1627.73
1247.24 1627.26
1249.32 1627.02
1251.37 1626.68
1253.41 1626.27
1255.42 1625.72
1257.41 1625.21
1259.35 1624.52
1261.2 1623.56
1263.13 1622.76
1265.13 1622.23
1267.2 1622.04
1269.28 1621.91
1271.33 1621.6
1273.33 1621.09
1275.37 1620.68
1277.37 1620.14
1279.28 1619.3
1281.25 1618.64
1283.3 1618.36
1285.35 1618.11
1287.36 1617.6
1289.38 1617.11
1291.36 1616.51
1293.33 1615.87
1295.36 1615.4
1297.34 1614.76
1299.38 1614.33
1301.44 1614.01
1303.5 1613.7
1305.51 1613.24
1307.3 1612.23
1308.89 1610.81
1310.69 1609.84
1312.69 1609.4
1314.74 1609.14
1316.72 1608.62
1318.7 1608
1320.73 1607.63
1322.74 1607.25
1324.56 1606.27
1326.48 1605.56
1328.43 1604.97
1330.4 1604.45
1332.33 1603.77
1334.12 1602.79
1335.9 1601.78
1337.89 1601.39
1339.93 1601.22
1341.91 1600.79
1343.8 1599.99
1345.8 1599.34
1347.81 1598.76
1349.74 1597.96
1351.75 1597.42
1353.79 1596.91
1355.83 1596.4
1357.79 1595.65
1359.68 1594.66
1361.7 1594.02
1363.77 1593.68
1365.81 1593.24
1367.62 1592.06
1369.6 1591.22
1371.27 1589.79
1373.28 1589.15
1375.34 1588.7
1377.36 1588.07
1379.28 1587.14
1381.27 1586.4
1383.29 1585.73
1385.3 1585.04
1387.06 1583.84
1388.83 1582.61
1390.83 1581.83
1392.86 1581.17
1394.89 1580.52
1396.84 1579.61
1398.75 1578.62
1400.77 1577.88
1402.86 1577.35
1404.79 1576.33
1406.72 1575.3
1408.34 1573.8
1410.37 1573.08
1412.48 1572.56
1414.54 1571.86
1416.51 1570.9
1418.58 1570.22
1420.6 1569.4
1422.31 1567.92
1424.4 1567.22
1426.21 1565.93
1428.24 1565.13
1430.07 1563.96
1431.82 1562.58
1433.87 1561.81
1435.96 1561.11
1437.65 1559.65
1439.58 1558.54
1441.57 1557.53
1443.62 1556.72
1445.5 1555.6
1447.3 1554.3
1449.32 1553.41
1451.38 1552.69
1453.19 1551.49
1454.87 1550.07
1456.84 1549.15
1458.85 1548.34
1460.73 1547.23
1462.63 1546.17
1464.65 1545.32
1466.61 1544.39
1468.29 1542.94
1470.13 1541.75
1472.03 1540.65
1474.06 1539.64
1476.01 1538.51
1477.9 1537.3
1479.59 1535.73
1481.63 1534.71
1483.43 1533.27
1485.4 1532.15
1487.4 1531.02
1489.38 1529.87
1490.98 1528.21
1492.87 1526.96
1494.74 1525.65
1496.45 1524.17
1498.38 1522.94
1500.24 1521.64
1501.8 1519.93
1503.95 1519.1
1505.84 1517.7
1507.81 1516.5
1509.63 1515.08
1511.38 1513.57
1512.67 1511.61
1514.23 1509.89
1516.04 1508.43
1517.62 1506.75
1519.44 1505.3
1521.31 1503.89
1523.3 1502.68
1524.96 1501.09
1526.34 1499.24
1527.58 1497.27
1528.82 1495.26
1530.31 1493.47
1532.05 1491.9
1533.58 1490.12
1535.15 1488.37
1537.09 1487.02
1538.79 1485.42
1540.65 1484.02
1542.72 1482.98
1545.03 1482.44
1546.95 1481.27
1548.43 1479.49
1549.67 1477.49
1551.33 1475.79
1552.32 1473.65
1553.77 1471.81
1555.55 1470.28
1557.23 1468.67
1558.76 1466.93
1560.02 1464.98
1561.76 1463.38
1563.56 1461.82
1565.13 1460.1
1566.02 1457.89
1567.42 1456
1569.07 1454.32
1570.45 1452.47
1571.78 1450.58
1572.82 1448.52
1574.03 1446.58
1575.69 1444.94
1577.38 1443.35
1578.17 1441.23
1578.6 1438.94
1579.96 1437.07
1581.34 1435.24
1582.63 1433.34
1583.79 1431.38
1585.28 1429.62
1586.5 1427.7
1587.91 1425.88
1588.83 1423.85
1589.1 1421.64
1589.32 1419.44
1589.59 1417.24
1589.92 1415.04
1590.56 1412.87
1591.79 1410.96
1592.48 1408.89
1592.97 1406.76
1593.57 1404.66
1594.3 1402.59
1595.5 1400.74
1596.73 1398.91
1597.32 1396.87
1597.49 1394.74
1597.63 1392.62
1597.95 1390.51
1598.63 1388.48
1599.42 1386.48
1599.8 1384.37
1600.63 1382.42
1601.45 1380.49
1601.73 1378.42
1601.63 1376.3
1601.45 1374.16
1602.04 1372.12
1603.27 1370.33
1604.04 1368.39
1604.11 1366.31
1603.85 1364.23
1603.41 1362.17
1602.95 1360.12
1602.9 1358.05
1604.02 1356.28
1605.4 1354.66
1605.79 1352.64
1605.87 1350.57
1605.89 1348.5
1605.86 1346.43
1605.67 1344.39
1605.19 1342.38
1604.94 1340.35
1604.95 1338.32
1605.23 1336.31
1605.68 1334.33
1605.99 1332.33
1606.12 1330.3
1606.14 1328.25
1606.24 1326.21
1606.24 1324.17
1606.15 1322.13
1606.1 1320.09
1606.09 1318.04
1606.02 1315.99
1605.96 1313.94
1605.91 1311.9
1605.72 1309.87
1605.17 1307.92
1604.56 1305.99
1605.16 1304.09
1605.93 1302.23
1606.68 1300.36
1607.47 1298.49
1608.36 1296.66
1608.95 1294.73
1609.16 1292.71
1609.24 1290.69
1609.3 1288.66
1609.17 1286.64
1608.15 1284.76
1607.9 1282.71
1608 1280.59
1608.08 1278.48
1608.05 1276.36
1607.99 1274.27
1607.87 1272.19
1607.79 1270.15
1607.89 1268.09
1607.99 1266.02
1607.97 1263.95
1607.92 1261.87
1608.22 1259.85
1609.48 1258.14
1610.18 1256.21
1610.63 1254.22
1610.95 1252.2
1610.87 1250.17
1610.5 1248.19
1610.18 1246.2
1610.06 1244.2
1610.2 1242.2
1610.57 1240.25
1611.16 1238.33
1611.83 1236.42
1612.36 1234.47
1612.64 1232.46
1612.68 1230.43
1612.65 1228.38
1612.67 1226.33
1612.83 1224.28
1613.15 1222.26
1613.25 1220.22
1613.25 1218.19
1613.15 1216.16
1612.83 1214.14
1612.65 1212.11
1612.5 1210.08
1612.47 1208.04
1612.56 1206.01
1612.62 1203.99
1612.64 1201.96
1612.64 1199.93
1612.57 1197.91
1612.43 1195.9
1612.28 1193.89
1612.16 1191.87
1612.16 1189.85
1612.18 1187.82
1612.2 1185.8
1612.21 1183.78
1612.21 1181.76
1612.23 1179.75
1612.24 1177.74
1612.14 1175.74
1611.87 1173.75
1611.45 1171.79
1611.04 1169.83
1610.83 1167.85
1610.75 1165.87
1610.73 1163.9
1610.72 1161.93
1610.66 1159.98
1610.55 1158.03
1610.43 1156.1
1610.25 1154.19
1609.9 1152.31
1609.41 1150.49
1609.15 1148.62
1608.83 1146.77
1608.7 1144.88
1608.96 1143.02
1609.96 1141.5
1611.74 1140.93
1613.68 1140.76
1615.56 1140.35
1617.4 1139.74
1619.2 1138.94
1620.96 1138
1622.71 1137.03
1624.01 1135.43
1625.64 1134.05
1627.26 1132.72
1628.92 1131.39
1630.69 1130.17
1632.39 1128.86
1634.13 1127.53
1635.6 1125.92
1637 1124.29
1638.42 1122.67
1639.5 1120.83
1640.06 1118.71
1641.05 1116.68
1641.73 1114.57
1642.34 1112.45
1643.09 1110.37
1644.02 1108.36
1644.61 1106.24
1645.14 1104.11
1645.66 1102
1645.78 1099.85
1645.84 1097.71
1645.91 1095.58
1646.06 1093.44
1646.28 1091.33
1646.38 1089.21
1646.55 1087.12
1646.96 1085.05
1647.36 1083
1647.57 1080.93
1647.57 1078.86
1647.59 1076.79
1647.69 1074.74
1647.93 1072.7
1648.17 1070.67
1648.79 1068.72
1649.18 1066.72
1649.56 1064.72
1650.3 1062.82
1651.16 1060.96
1652.06 1059.11
1652.73 1057.16
1653.42 1055.21
1653.88 1053.19
1654.28 1051.15
1654.75 1049.1
1655.44 1047.12
1655.99 1045.08
1656.69 1043.07
1657.32 1041.06
1657.97 1039.04
1658.78 1037.08
1659.78 1035.19
1660.71 1033.27
1661.67 1031.34
1663.09 1029.65
1664.2 1027.81
1665.96 1026.47
1667.42 1024.87
1668.47 1022.93
1669.41 1020.9
1671.06 1019.31
1672.27 1017.44
1673.52 1015.57
1674.72 1013.67
1675.97 1011.8
1676.94 1009.77
1677.94 1007.74
1679.39 1005.97
1680.53 1004.05
1681.32 1001.95
1681.96 999.759
1683.3 997.922
1684.65 996.114
1685.83 994.187
1687.24 992.353
1687.91 990.175
1689.29 988.323
1690.28 986.281
1691.39 984.272
1692.51 982.291
1693.55 980.302
1695.09 978.565
1695.5 976.352
1695.92 974.172
1697.49 972.441
1698.36 970.386
1698.9 968.21
1699.8 966.187
1701.13 964.377
1701.97 962.312
1703.06 960.376
1703.94 958.378
1704.74 956.35
1705.19 954.239
1705.57 952.128
1706.2 950.065
1706.62 947.959
1707.18 945.884
1707.91 943.872
1708.42 941.804
1708.73 939.707
1709.05 937.619
1709.56 935.566
1710.1 933.523
1710.89 931.558
1711.46 929.532
1711.66 927.426
1711.9 925.334
1712.59 923.344
1713.16 921.336
1713.49 919.282
1713.68 917.22
1713.75 915.153
1713.88 913.084
1714.24 911.042
1714.54 908.976
1714.92 906.921
1715.5 904.902
1716.03 902.876
1716.19 900.79
1716.22 898.698
1716.27 896.609
1716.39 894.532
1716.52 892.462
1716.67 890.4
1716.75 888.341
1716.76 886.282
1716.76 884.222
1716.77 882.165
1716.77 880.112
1716.73 878.069
1716.63 876.031
1716.49 873.993
1716.35 871.955
1716.28 869.918
1716.39 867.888
1716.54 865.864
1716.64 863.845
1716.63 861.819
1716.5 859.797
1716.33 857.773
1716.18 855.748
1715.91 853.742
1715.49 851.753
1715.03 849.771
1714.5 847.801
1713.94 845.861
1713.79 843.858
1713.7 841.85
1713.56 839.846
1713.32 837.841
1713.24 835.824
1713.18 833.804
1713.13 831.78
1713.05 829.743
1712.57 827.748
1712.1 825.739
1711.83 823.676
1711.5 821.608
1711 819.578
1710.23 817.631
1709.62 815.641
1709.09 813.633
1708.7 811.605
1708.2 809.599
1707.37 807.695
1706.51 805.785
1706 803.776
1705.74 801.728
1705.4 799.702
1704.85 797.729
1704.07 795.822
1703.65 793.818
1703.29 791.787
1702.56 789.852
1702.02 787.876
1701.78 785.851
1701.51 783.84
1701 781.866
1700.64 779.853
1700.23 777.837
1699.58 775.884
1698.95 773.913
1698.46 771.904
1698.05 769.87
1697.67 767.822
1697.23 765.769
1696.39 763.791
1695.97 761.721
1696.62 759.65
1696.89 757.586
1696.36 755.579
1695.3 753.731
1694.44 751.796
1693.95 749.747
1693.79 747.635
1693.62 745.529
1693.26 743.45
1692.74 741.407
1692.13 739.392
1691.14 737.524
1690.12 735.662
1689.37 733.708
1688.98 731.665
1688.67 729.595
1688.01 727.619
1687.14 725.704
1686.52 723.692
1685.99 721.67
1685.52 719.65
1684.93 717.659
1684.42 715.642
1683.76 713.662
1682.85 711.765
1681.98 709.867
1681.48 707.853
1680.85 705.86
1679.87 703.977
1679.44 701.917
1678.93 699.886
1678.23 697.914
1677.68 695.897
1677.07 693.881
1676.62 691.831
1676.06 689.804
1675.11 687.915
1674.04 686.122
1673.6 684.104
1673.2 682.058
1671.93 680.361
1670.9 678.558
1669.87 676.71
1669.55 674.651
1669.34 672.581
1668.92 670.549
1668.47 668.514
1667.91 666.5
1667.29 664.507
1666.69 662.51
1666.11 660.521
1665.21 658.669
1663.77 657.104
1662.97 655.225
1662.21 653.294
1661.97 651.244
1661.81 649.193
1661.4 647.164
1660.9 645.135
1660.42 643.09
1659.76 641.092
1658.93 639.123
1658.33 637.067
1657.53 635.089
1656.12 633.391
1655.48 631.345
1654.72 629.33
1654.17 627.25
1653.76 625.15
1653.2 623.088
1652.42 621.093
1651.54 619.122
1650.67 617.146
1649.98 615.095
1649.16 613.093
1647.85 611.278
1647.47 609.117
1646.93 607.033
1646.12 605.003
1645.79 602.856
1645.47 600.715
1644.81 598.647
1644.06 596.625
1643.06 594.7
1642.21 592.739
1641.23 590.868
1639.91 589.193
1638.76 587.404
1638.1 585.381
1637.57 583.319
1637 581.251
1636.31 579.212
1635.22 577.34
1634.02 575.508
1633.26 573.471
1632.54 571.44
1631.61 569.477
1630.45 567.629
1629.38 565.717
1628.82 563.604
1628.17 561.529
1627.06 559.63
1626.08 557.681
1625.24 555.703
1623.92 553.954
1623.08 551.941
1621.63 550.283
1620.61 548.386
1619.56 546.509
1618.41 544.69
1617.44 542.743
1616.44 540.824
1615.5 538.87
1614.46 536.953
1613.42 535.021
1612.61 532.962
1611.59 531.008
1610.42 529.141
1609.46 527.141
1608.42 525.172
1607.08 523.364
1606.03 521.391
1605.28 519.272
1604.37 517.196
1603.23 515.219
1602.23 513.173
1601.23 511.091
1599.64 509.344
1597.98 507.676
1596.87 505.654
1596.13 503.415
1595.02 501.346
1593.65 499.459
1591.95 497.774
1591.13 495.544
1589.8 493.545
1589.14 491.268
1588.34 489.041
1587.02 487.025
1585.65 485.035
1583.89 483.31
1583.07 480.995
1581.43 479.104
1580.26 476.925
1578.87 474.877
1577.38 472.918
1575.6 471.141
1573.87 469.31
1572.17 467.491
1570.42 465.716
1569.01 463.64
1567.46 461.644
1565.68 459.845
1564.28 457.773
1562.8 455.717
1561.13 453.838
1559.16 452.283
1557.18 450.69
1555.38 448.925
1553.74 446.975
1552 445.064
1550.36 443.135
1548.55 441.389
1546.92 439.454
1545.24 437.58
1543.1 436.235
1541.01 434.829
1539.05 433.286
1537.38 431.396
1535.6 429.593
1533.65 428.033
1531.79 426.409
1529.83 424.931
1527.84 423.42
1526.07 421.685
1524.28 420.051
1522.43 418.481
1520.46 417.045
1518.84 415.196
1517.12 413.415
1515.24 411.843
1513.44 410.189
1511.48 408.685
1509.51 407.214
1507.96 405.273
1506.18 403.58
1504.24 402.039
1502.69 400.117
1500.89 398.465
1499.28 396.632
1497.6 394.889
1495.61 393.437
1493.89 391.671
1492.19 389.942
1490.17 388.695
1488.01 387.665
1485.9 386.607
1483.99 385.291
1482.42 383.521
1480.83 381.783
1479.15 380.15
1477.22 378.765
1475.41 377.283
1473.77 375.567
1471.83 374.224
1469.82 373.038
1467.73 372.041
1465.65 371.008
1463.41 370.381
1461.27 369.546
1459.54 367.945
1457.53 366.84
1455.59 365.585
1453.65 364.372
1451.69 363.212
1449.63 362.238
1447.57 361.246
1445.7 359.913
1443.7 358.839
1442.01 357.235
1439.92 356.28
1437.84 355.337
1435.73 354.495
1433.59 353.783
1431.52 352.832
1429.65 351.542
1428.04 349.889
1426.16 348.658
1424.18 347.559
1422.1 346.656
1419.94 346.01
1417.81 345.292
1415.98 343.823
1413.87 343.008
1411.98 341.728
1409.86 340.953
1407.71 340.209
1405.81 338.978
1404.16 337.409
1402.34 336.063
1400.18 335.415
1398.09 334.603
1396.07 333.586
1393.87 333.131
1391.72 332.517
1389.66 331.573
1387.62 330.614
1385.49 329.893
1383.4 329.049
1381.66 327.624
1380.09 325.972
1378.04 325.161
1375.86 324.567
1373.89 323.525
1372.06 322.297
1370.21 321.083
1368.54 319.589
1366.67 318.363
1364.83 317.076
1362.91 315.956
1361.04 314.731
1359.06 313.701
1356.88 313.267
1354.66 312.992
1352.59 312.151
1350.67 310.959
1348.61 310.071
1346.4 309.714
1344.21 309.26
1342.28 308.124
1340.37 306.949
1338.27 306.246
1336.14 305.635
1334.16 304.728
1332.37 303.443
1330.49 302.333
1328.45 301.58
1326.54 300.546
1324.71 299.369
1322.83 298.3
1320.96 297.225
1319.37 295.677
1317.43 294.67
1315.56 293.557
1313.54 292.805
1311.54 291.917
1309.64 290.793
1307.66 289.899
1305.69 288.96
1303.88 287.604
1301.74 286.983
1299.89 285.718
1297.8 284.996
1295.79 284.056
1293.94 282.807
1291.86 282.16
1289.69 281.755
1287.6 281.077
1285.82 279.727
1283.89 278.667
1281.85 277.902
1279.78 277.219
1277.88 276.152
1275.97 275.114
1273.93 274.384
1271.88 273.716
1269.81 273.106
1267.79 272.357
1265.78 271.557
1263.8 270.632
1261.95 269.499
1259.96 268.712
1257.93 267.972
1255.95 267.106
1253.92 266.416
1251.82 265.967
1249.79 265.248
1248.08 263.787
1245.95 263.44
1243.85 263.023
1242.06 261.713
1240.02 261.117
1237.96 260.54
1235.96 259.819
1234.02 258.913
1232.03 258.113
1230.06 257.367
1228 256.921
1225.93 256.448
1223.96 255.629
1222.08 254.685
1220.23 253.631
1218.16 253.153
1216.15 252.502
1214.42 251.269
1212.49 250.447
1210.42 250.037
1208.34 249.623
1206.3 249.106
1204.33 248.355
1202.39 247.503
1200.32 246.959
1198.38 246.162
1196.5 245.173
1194.49 244.544
1192.43 244.061
1190.38 243.475
1188.32 242.961
1186.22 242.665
1184.15 242.345
1182.12 241.845
1180.07 241.614
1178.01 241.451
1175.94 241.258
1173.88 241.029
1171.82 240.853
1169.84 240.364
1167.93 239.644
1166.07 238.777
1164.12 238.155
1162.1 237.848
1160.1 237.451
1158.17 236.765
1156.23 236.098
1154.32 235.292
1152.38 234.605
1150.36 234.241
1148.3 234.063
1146.23 233.887
1144.16 233.606
1142.11 233.223
1140.03 233.145
1137.95 233.16
1135.87 233.193
1133.8 233.155
1131.74 233.034
1129.68 232.8
1127.62 232.578
1125.55 232.523
1123.5 232.522
1121.45 232.546
1119.41 232.623
1117.39 232.747
1115.36 232.814
1113.34 232.773
1111.34 232.601
1109.35 232.252
1107.4 231.704
1105.47 231.122
1103.56 230.485
1101.6 229.998
1099.59 229.806
1097.57 229.672
1095.55 229.389
1093.54 228.992
1091.51 228.873
1089.47 228.857
1087.43 228.906
1085.4 229.01
1083.37 229.101
1081.34 229.14
1079.32 229.223
1077.31 229.287
1075.32 229.319
1073.32 229.343
1071.34 229.254
1069.36 229.088
1067.39 228.917
1065.4 228.739
1063.4 228.52
1061.42 228.165
1059.47 227.605
1057.52 227.021
1055.51 226.787
1053.47 226.806
1051.44 226.844
1049.4 226.84
1047.36 226.794
1045.33 226.791
1043.3 226.792
1041.26 226.788
1039.23 226.786
1037.21 226.786
1035.18 226.786
1033.16 226.785
1031.13 226.784
1029.11 226.783
1027.09 226.787
1025.07 226.805
1023.06 226.832
1021.04 226.817
1019.02 226.808
1017 226.796
1014.98 226.77
1012.97 226.756
1010.95 226.752
1008.93 226.729
1006.92 226.66
1004.9 226.632
1002.89 226.646
1000.87 226.66
998.856 226.63
996.839 226.508
994.825 226.355
992.812 226.228
990.793 226.186
988.759 226.187
986.727 226.217
984.702 226.301
982.675 226.435
980.637 226.533
978.603 226.598
976.574 226.645
974.545 226.73
972.513 226.773
970.492 226.915
968.52 227.37
966.583 227.967
964.606 228.359
962.593 228.445
960.578 228.343
958.559 228.224
956.532 228.286
954.503 228.44
952.474 228.591
950.455 228.765
948.436 228.986
946.417 229.236
944.384 229.431
942.372 229.722
940.352 229.859
938.333 230.07
936.349 230.566
934.37 231.12
932.359 231.538
930.34 231.924
928.328 232.431
926.318 232.875
924.274 233.054
922.234 233.155
920.209 233.34
918.19 233.7
916.154 233.918
914.11 234.076
912.059 234.216
910.014 234.378
907.961 234.534
905.904 234.748
903.862 235.107
901.845 235.626
899.824 236.142
897.798 236.584
895.799 237.135
893.832 237.653
891.82 237.95
889.857 238.472
887.921 239.121
886.031 239.967
884.045 240.516
882.037 240.988
879.998 241.305
877.971 241.517
875.933 241.575
873.892 241.641
871.849 241.846
869.843 242.315
867.804 242.731
865.776 243.272
863.769 243.889
861.726 244.336
859.666 244.683
857.62 245.083
855.626 245.651
853.695 246.376
851.845 247.295
850.004 248.203
848.082 248.896
846.057 249.095
844.012 248.983
841.979 248.964
839.966 249.232
837.995 249.735
836.008 250.121
834.005 250.465
832.069 251.061
830.338 252.152
828.489 252.957
826.612 253.742
824.889 254.924
822.863 255.116
820.847 255.432
818.883 255.979
816.944 256.639
815.003 257.3
812.993 257.695
810.983 257.991
808.983 258.248
806.97 258.479
804.932 258.649
802.898 258.918
800.897 259.418
798.914 260.007
796.921 260.534
795.023 261.3
793.423 262.671
791.534 263.397
789.545 263.901
787.591 264.504
785.621 265.021
783.606 265.321
781.579 265.522
779.534 265.602
777.483 265.705
775.438 265.964
773.425 266.395
771.454 267.043
769.605 267.986
767.77 268.933
765.956 269.823
764.11 270.632
762.164 271.207
760.159 271.66
758.23 272.369
756.228 272.8
754.187 273.041
752.173 273.41
750.203 274.023
748.206 274.5
746.181 274.948
744.162 275.494
742.123 275.993
740.091 276.488
738.17 277.281
736.503 278.61
734.549 279.328
732.541 279.949
730.555 280.639
728.552 281.247
726.538 281.84
724.501 282.353
722.435 282.821
720.393 283.438
718.328 284.012
716.24 284.437
714.147 284.827
712.073 285.284
710.048 285.876
708.125 286.724
706.336 287.844
704.516 288.918
702.535 289.543
700.437 289.671
698.349 289.739
696.268 290.015
694.266 290.716
692.299 291.587
690.296 292.395
688.259 293.084
686.265 293.858
684.407 294.927
682.575 296.09
680.548 296.847
678.455 297.349
676.307 297.537
674.153 297.721
672.076 298.26
670.17 299.273
668.277 300.286
666.288 301.096
664.33 301.979
662.346 302.807
660.329 303.59
658.306 304.386
656.279 305.148
654.251 305.834
652.142 306.257
650.003 306.523
647.844 306.744
645.699 307.145
643.607 307.796
641.532 308.481
639.507 309.29
637.526 310.157
635.694 311.321
633.882 312.551
631.895 313.417
629.861 314.116
627.831 314.798
625.871 315.703
623.885 316.528
621.897 317.296
620.015 318.242
618.274 319.455
616.687 320.895
614.795 321.785
612.773 322.365
610.803 323.076
608.997 324.139
607.186 325.172
605.195 325.698
603.18 326.129
601.224 326.771
599.343 327.584
597.448 328.402
595.481 328.944
593.476 329.236
591.493 329.6
589.538 330.126
587.563 330.511
585.627 331.003
583.754 331.709
581.883 332.404
579.989 333.015
578.148 333.779
576.484 334.994
574.51 335.047
572.539 335.144
570.608 335.584
568.678 336.072
566.715 336.4
564.742 336.659
562.758 336.801
560.763 336.835
558.765 336.943
556.817 337.415
554.991 338.345
553.039 338.979
550.978 339.002
548.924 338.691
546.911 338.15
544.89 337.771
542.857 337.814
540.842 338.053
538.875 337.755
536.99 337.115
535.121 336.424
533.192 335.935
531.212 335.762
529.222 335.873
527.235 335.91
525.275 335.647
523.345 335.243
521.413 334.814
519.432 334.565
517.475 334.17
515.545 333.62
513.557 333.261
511.571 332.782
509.615 332.113
507.68 331.355
505.701 330.715
503.638 330.395
501.549 330.208
499.444 330.08
497.33 329.901
495.205 329.677
493.073 329.566
490.928 329.52
488.768 329.514
486.596 329.558
484.417 329.574
482.227 329.572
480.027 329.554
477.821 329.529
475.599 329.552
473.362 329.618
471.131 329.894
468.952 330.433
466.847 331.266
464.858 332.372
462.856 333.464
460.7 334.254
458.638 335.283
456.682 336.534
454.585 337.529
452.442 338.404
450.508 339.663
448.842 341.282
447.204 342.97
445.007 343.919
443.365 345.616
441.628 347.171
439.857 348.721
438.842 350.873
437.029 352.352
435.429 354.06
433.783 355.707
432.046 357.288
430.723 359.226
429.27 361.067
428.093 363.065
426.91 365.078
426.089 367.269
425.008 369.305
423.291 370.889
421.519 372.448
420.273 374.417
419.044 376.411
418.058 378.516
417.539 380.76
417.069 383
416.198 385.106
415.431 387.244
414.263 389.189
413.292 391.224
412.289 393.224
411.199 395.164
410.308 397.183
409.579 399.27
408.757 401.307
407.682 403.237
407.127 405.353
407.246 407.58
406.912 409.712
405.483 411.484
404.596 413.486
403.816 415.529
402.957 417.546
402.371 419.631
401.9 421.731
401.376 423.815
401.036 425.932
400.741 428.053
400.568 430.2
400.267 432.327
399.605 434.369
398.791 436.355
398.256 438.41
398.068 440.513
398.095 442.622
398.425 444.711
398.898 446.77
399.078 448.864
399.25 450.967
399.521 453.059
399.877 455.136
400.482 457.124
400.864 459.158
401.147 461.192
401.549 463.187
402.087 465.156
402.378 467.162
402.561 469.185
402.655 471.213
402.65 473.239
402.596 475.267
402.543 477.299
402.455 479.335
402.334 481.367
402.302 483.4
402.378 485.426
402.521 487.449
402.665 489.483
402.71 491.524
402.717 493.564
402.733 495.603
402.878 497.632
403.228 499.638
403.703 501.62
404.193 503.594
404.473 505.604
404.628 507.62
404.846 509.618
405.334 511.57
405.6 513.557
405.652 515.557
405.752 517.551
405.846 519.553
405.969 521.564
406.38 523.553
406.894 525.539
407.155 527.566
407.205 529.615
407.164 531.678
407.185 533.753
407.341 535.831
407.503 537.914
407.79 539.969
408.509 541.93
409.326 543.871
409.751 545.943
409.941 548.053
410.087 550.164
410.215 552.277
410.425 554.378
410.787 556.472
411.418 558.507
412.117 560.525
412.521 562.616
412.818 564.735
413.237 566.822
413.857 568.861
414.654 570.852
415.307 572.892
415.604 575.036
416.036 577.123
416.849 579.137
417.347 581.235
417.877 583.316
418.713 585.292
419.691 587.209
420.519 589.189
421.189 591.224
421.892 593.217
423.005 595.022
424.163 596.823
425.049 598.762
425.704 600.752
426.233 602.774
426.911 604.752
427.876 606.617
428.733 608.504
429.831 610.235
431.431 611.559
433.031 612.859
434.248 614.477
435.334 616.202
436.392 617.964
437.034 619.88
437.333 621.858
437.612 623.83
437.779 625.816
437.858 627.806
437.872 629.801
437.87 631.798
437.844 633.798
437.777 635.79
437.631 637.77
437.254 639.727
436.849 641.702
436.659 643.71
436.457 645.72
436.023 647.695
435.338 649.616
434.736 651.572
434.387 653.587
434.187 655.626
433.991 657.675
433.812 659.742
433.57 661.815
433.016 663.829
432.08 665.71
431.002 667.522
429.992 669.358
429.247 671.322
428.231 673.15
427.102 674.924
426.214 676.831
425.414 678.782
424.258 680.556
423.158 682.365
421.693 683.947
420.736 685.832
419.717 687.742
418.356 689.45
416.704 690.882
415.002 692.303
413.117 693.574
411.721 695.39
410.24 697.128
408.424 698.502
406.696 699.989
404.775 701.302
403.242 703.111
401.366 704.478
399.485 705.897
397.383 706.981
395.345 708.176
393.234 709.236
391.265 710.613
389.123 711.717
387.264 713.264
385.263 714.58
383.256 715.975
381.229 717.321
379.671 719.214
377.955 720.897
375.834 722.051
373.878 723.372
372.204 724.986
370.667 726.756
369.047 728.405
367.33 730.007
365.27 731.171
363.348 732.519
361.462 733.909
359.709 735.541
357.928 737.117
355.964 738.404
354.206 740
352.178 741.163
350.182 742.275
348.321 743.632
346.386 744.915
344.126 745.526
341.973 746.386
339.966 747.54
337.962 748.697
335.932 749.826
334.32 751.525
332.698 753.221
330.84 754.617
329.035 756.076
327.065 757.373
325.362 759.022
323.923 760.859
322.683 762.808
322.017 765.016
321.579 767.268
321.317 769.54
321.256 771.821
321.244 774.097
321.03 776.336
320.069 778.374
318.947 780.31
317.795 782.204
316.634 784.101
315.104 785.769
313.871 787.606
313.07 789.684
311.822 791.563
311.206 793.675
310.764 795.846
309.959 797.889
309.263 799.956
308.492 801.992
307.545 803.971
306.651 805.965
306.3 808.109
306.2 810.282
306.107 812.448
305.894 814.592
305.525 816.73
305.009 818.82
303.833 820.665
302.727 822.535
301.695 824.428
301.051 826.474
300.211 828.461
298.964 830.272
298.278 832.289
297.995 834.398
297.725 836.518
297.198 838.586
296.094 840.46
295.388 842.486
294.717 844.508
293.994 846.513
293.557 848.575
293.273 850.647
293.046 852.737
292.621 854.797
291.825 856.758
290.887 858.658
290.315 860.676
289.928 862.729
289.608 864.794
289.483 866.882
289.386 868.98
289.146 871.07
288.34 873.026
287.657 875.016
287.376 877.094
287.165 879.182
286.462 881.149
285.913 883.165
285.649 885.239
285.139 887.246
284.118 889.077
283.088 890.9
282.445 892.875
282.027 894.904
281.627 896.913
281.386 898.957
280.824 900.939
279.737 902.771
279.373 904.81
278.894 906.824
278.124 908.764
277.711 910.79
277.401 912.826
277.243 914.877
277.137 916.937
276.831 918.966
276.377 920.992
276.05 923.04
275.64 925.082
275.127 927.107
274.647 929.124
274.293 931.155
273.918 933.173
273.509 935.209
272.916 937.185
272.165 939.117
271.467 941.075
270.854 943.078
270.209 945.033
269.86 947.061
269.662 949.109
269.288 951.122
268.539 953.059
267.742 954.977
266.869 956.878
266.165 958.833
265.505 960.805
265.073 962.821
264.306 964.764
263.526 966.722
262.81 968.7
261.344 970.333
260.577 972.317
259.983 974.381
258.962 976.288
258.203 978.303
257.385 980.283
255.879 981.92
255.007 983.93
253.756 985.795
252.674 987.736
251.231 989.452
250.073 991.377
248.83 993.225
247.187 994.724
245.302 996.026
243.63 997.53
242.323 999.409
241.014 1001.29
239.261 1002.77
237.338 1004.13
235.665 1005.73
234.326 1007.68
233.006 1009.66
231.101 1011.11
229.051 1012.47
227.008 1013.78
225.205 1015.45
223.337 1017.08
221.2 1018.33
219.193 1019.75
217.305 1021.32
215.498 1023.06
213.138 1023.94
211.394 1025.74
209.544 1027.4
207.576 1028.96
205.854 1030.81
204.033 1032.5
202.193 1034.17
200.156 1035.63
198.314 1037.29
196.7 1039.21
195.033 1041.05
193.198 1042.66
191.209 1044.16
189.148 1045.61
187.546 1047.56
185.988 1049.58
183.993 1051.18
182.267 1052.99
180.866 1055.08
179.348 1057.03
177.726 1058.84
175.988 1060.59
175.189 1062.94
173.292 1064.47
171.834 1066.34
170.507 1068.3
169.382 1070.38
167.951 1072.28
166.788 1074.35
165.925 1076.54
165.321 1078.8
164.206 1080.83
163.123 1082.87
162.354 1085.03
161.734 1087.23
161.088 1089.39
160.108 1091.43
159.15 1093.49
158.397 1095.63
157.617 1097.75
157.309 1099.96
157.07 1102.16
156.497 1104.3
155.67 1106.35
154.781 1108.38
154.107 1110.46
153.496 1112.55
153.252 1114.69
153.135 1116.84
153.07 1119
152.876 1121.14
152.69 1123.28
152.874 1125.41
153.305 1127.5
153.769 1129.57
154.173 1131.64
154.471 1133.75
154.443 1135.89
153.929 1137.94
152.805 1139.75
151.399 1141.38
149.976 1143.04
148.498 1144.56
147.265 1146.3
146.231 1148.18
145.286 1150.1
143.913 1151.82
143.158 1153.86
142.393 1155.88
141.878 1157.97
141.752 1160.12
141.782 1162.27
142.065 1164.38
142.866 1166.36
143.751 1168.25
145.157 1169.91
145.949 1171.86
146.445 1173.88
146.581 1175.94
146.623 1178.03
146.822 1180.1
147.295 1182.11
147.976 1184.06
148.344 1186.09
148.525 1188.14
148.57 1190.19
148.373 1192.23
147.97 1194.25
147.297 1196.22
146.716 1198.21
146.402 1200.27
146.211 1202.35
145.934 1204.43
145.564 1206.5
144.925 1208.52
143.924 1210.43
142.725 1212.24
141.665 1214.14
140.74 1216.15
139.829 1218.2
138.783 1220.24
137.967 1222.38
137.245 1224.57
136.887 1226.88
136.781 1229.25
136.916 1231.64
137.386 1233.98
138.767 1235.97
140.322 1237.85
141.671 1239.87
143.24 1241.73
144.869 1243.48
146.128 1245.46
147.334 1247.46
148.926 1249.08
151.023 1249.84
153.261 1250.18
155.239 1251.2
157.012 1252.61
158.728 1254.12
159.687 1256.17
160.465 1258.33
160.901 1260.61
160.951 1262.96
161.231 1265.25
161.814 1267.45
162.878 1269.44
164.33 1271.21
166.152 1272.61
167.713 1274.32
169.456 1275.83
171.083 1277.41
172.64 1279.09
174.833 1279.8
176.442 1281.34
178.24 1282.53
180.054 1283.65
181.958 1284.5
183.987 1284.89
186.017 1285.17
187.995 1285.61
189.676 1286.76
190.958 1288.35
191.267 1290.33
190.546 1292.26
189.557 1294.13
188.945 1296.17
188.362 1298.25
187.642 1300.33
186.919 1302.45
186.757 1304.68
187.178 1306.91
187.946 1309.1
188.725 1311.27
189.78 1313.3
191.456 1314.89
193.113 1316.5
194.32 1318.4
195.308 1320.43
196.178 1322.5
197.218 1324.45
198.883 1325.96
200.03 1327.87
201.933 1328.87
204.084 1329.18
206.252 1329.3
208.368 1329.7
210.052 1330.98
211.105 1332.91
211.94 1334.96
212.413 1337.14
212.664 1339.39
213.011 1341.66
213.725 1343.83
215.129 1345.67
216.669 1347.38
218.371 1348.91
220.4 1349.98
222.216 1351.44
224.2 1352.64
226.126 1353.93
227.849 1355.51
229.638 1357.01
231.784 1357.94
233.895 1358.99
236.08 1359.82
238.354 1360.34
240.667 1359.96
242.974 1359.92
245.258 1360.08
247.404 1360.83
249.424 1361.82
251.446 1362.77
253.426 1363.82
255.506 1364.55
257.669 1364.86
259.864 1364.94
262.057 1364.91
264.233 1364.86
266.396 1364.85
268.487 1364.44
270.312 1363.33
271.953 1361.9
273.991 1361.32
276.109 1361.14
278.211 1361.35
280.232 1361.94
282.205 1362.64
284.1 1363.58
285.937 1364.61
287.801 1365.62
289.639 1366.74
291.476 1367.85
293.288 1369.04
295.306 1369.9
297.195 1371.02
299.088 1372.13
301.17 1372.83
303.307 1373.42
305.489 1373.9
307.664 1374.49
309.848 1375.18
312.063 1375.86
314.286 1376.57
316.568 1377.09
318.901 1377.4
321.234 1377.83
323.596 1378.02
325.965 1377.98
328.298 1377.48
330.648 1377.02
332.87 1376.12
335.099 1375.19
336.81 1373.51
338.601 1372
340.212 1370.31
341.449 1368.33
342.665 1366.35
343.527 1364.21
343.746 1361.94
343.683 1359.64
343.426 1357.37
343.193 1355.11
343.175 1352.86
343.328 1350.62
343.824 1348.49
345.405 1346.85
346.446 1344.95
347.358 1342.99
348.147 1340.97
348.646 1338.88
348.967 1336.79
349.107 1334.69
349.176 1332.59
349.252 1330.52
349.288 1328.47
349.276 1326.43
349.274 1324.42
349.269 1322.42
349.274 1320.43
349.265 1318.47
349.234 1316.52
349.184 1314.57
349.152 1312.64
349.124 1310.73
349.158 1308.83
349.194 1306.96
349.226 1305.11
349.401 1303.29
349.694 1301.48
350.624 1299.89
351.603 1298.34
352.833 1296.99
353.981 1295.54
355.281 1294.2
357.012 1294.25
358.269 1295.67
359.505 1297.15
360.775 1298.57
361.426 1300.32
361.502 1302.21
361.321 1304.14
361.123 1306.08
360.773 1308.04
360.248 1310
360.221 1312.04
360.467 1314.09
360.746 1316.16
361.077 1318.24
361.601 1320.3
362.185 1322.38
363.136 1324.32
364.569 1326.01
366.071 1327.69
367.71 1329.29
369.81 1330.14
372.037 1330.65
374.279 1331.06
376.556 1331.09
378.796 1330.71
380.989 1330.17
383.193 1329.6
385.224 1328.7
386.969 1327.28
388.822 1326.09
390.925 1325.45
392.785 1324.4
394.537 1323.18
396.462 1322.33
398.553 1321.96
400.664 1321.86
402.395 1322.98
403.527 1324.81
404.204 1326.85
404.408 1328.99
404.556 1331.14
404.783 1333.29
405.321 1335.4
406.577 1337.22
407.878 1338.99
409.373 1340.69
410.343 1342.76
411.644 1344.63
413.29 1346.19
415.251 1347.4
417.288 1348.53
419.443 1349.31
421.651 1349.98
423.569 1351.38
425.661 1352.36
427.852 1353.06
430.11 1352.85
432.241 1351.91
434.47 1351.34
436.577 1350.44
438.77 1349.84
440.919 1349.23
442.977 1348.48
444.89 1347.42
446.745 1346.32
448.007 1344.61
449.73 1343.39
451.102 1341.86
452.646 1340.63
454.193 1339.47
455.783 1338.43
457.297 1337.34
458.607 1335.98
460.277 1335.64
461.769 1336.43
462.564 1337.98
463.054 1339.67
463.331 1341.44
463.477 1343.23
463.684 1345.05
463.603 1346.91
463.506 1348.79
463.565 1350.72
463.68 1352.68
463.808 1354.65
463.989 1356.63
464.19 1358.63
464.249 1360.66
464.026 1362.69
463.635 1364.72
463.282 1366.78
463.101 1368.86
463.019 1370.97
463.04 1373.09
463.474 1375.16
464.638 1377.03
465.391 1379.07
465.879 1381.15
466.299 1383.25
466.694 1385.33
467.127 1387.41
467.633 1389.47
468.066 1391.56
468.445 1393.65
468.714 1395.76
468.959 1397.87
469.347 1399.97
469.561 1402.11
469.627 1404.27
469.641 1406.46
469.738 1408.64
470.19 1410.76
471.424 1412.57
473.183 1414.08
474.262 1416.06
475.166 1418.16
476.326 1420.13
477.41 1422.12
478.324 1424.21
479.013 1426.4
479.158 1428.7
479.451 1430.99
480.819 1432.86
481.975 1434.83
482.887 1436.93
483.815 1439.03
484.611 1441.16
485.536 1443.21
487.107 1444.94
487.867 1447.12
489.244 1448.96
490.473 1450.85
491.778 1452.7
492.904 1454.67
493.683 1456.82
494.461 1458.98
495.587 1460.99
497.286 1462.65
498.848 1464.41
500.221 1466.34
501.554 1468.3
503.266 1470.03
504.575 1472.07
506.117 1474
507.778 1475.81
509.372 1477.68
511.024 1479.55
511.941 1481.88
513.657 1483.64
515.608 1485.18
517.409 1486.91
519.421 1488.34
521.043 1490.22
522.712 1492.03
524.719 1493.5
526.321 1495.37
527.725 1497.42
529.414 1499.23
531.321 1500.79
533.438 1502.1
535.362 1503.68
537.19 1505.39
538.969 1507.12
540.732 1508.91
542.105 1511.02
543.774 1512.76
545.459 1514.52
547.063 1516.32
548.921 1517.88
550.814 1519.46
552.611 1521.09
554.298 1522.77
555.887 1524.58
557.842 1525.98
559.696 1527.54
561.557 1529.11
563.521 1530.48
565.528 1531.79
567.609 1532.96
569.563 1534.3
571.334 1535.86
573.01 1537.58
575.042 1538.82
576.977 1540.19
578.746 1541.72
580.563 1543.23
582.889 1543.79
584.92 1544.99
587.011 1545.95
589.039 1546.97
590.969 1548.17
593.057 1549.02
595.086 1549.99
596.887 1551.42
598.934 1552.44
600.843 1553.67
602.875 1554.63
604.849 1555.72
606.86 1556.73
608.946 1557.6
611.028 1558.47
612.947 1559.64
614.839 1560.83
616.859 1561.73
618.873 1562.62
620.8 1563.69
622.799 1564.63
624.585 1565.87
626.222 1567.37
628.186 1568.42
629.944 1569.77
631.705 1571.09
633.683 1572.09
635.8 1572.73
637.932 1573.29
639.88 1574.3
641.811 1575.4
643.98 1575.94
646.014 1576.89
648.097 1577.64
650.007 1578.7
651.702 1580.16
653.635 1581.18
655.708 1581.88
657.599 1583.09
659.705 1583.71
661.681 1584.7
663.655 1585.68
665.723 1586.36
667.742 1587.17
669.699 1588.12
671.792 1588.65
673.896 1589.14
675.781 1590.18
677.507 1591.52
679.454 1592.54
681.336 1593.7
683.378 1594.46
685.457 1595.1
687.505 1595.82
689.582 1596.33
691.692 1596.62
693.778 1597.02
695.803 1597.68
697.805 1598.44
699.736 1599.36
701.663 1600.25
703.59 1601.12
705.628 1601.56
707.711 1601.74
709.777 1602.02
711.672 1602.9
713.443 1604.07
715.391 1604.79
717.448 1605.13
719.498 1605.54
721.527 1605.98
723.532 1606.53
725.539 1607.13
727.555 1607.74
729.635 1608.12
731.401 1609.35
733.378 1610.01
735.436 1610.45
737.435 1611.07
739.292 1612.05
741.229 1612.81
743.232 1613.41
745.246 1613.85
747.296 1614.04
749.353 1614.14
751.408 1614.14
753.435 1614.35
755.403 1614.87
757.369 1615.39
759.303 1616.06
761.158 1616.9
762.984 1617.76
764.926 1618.31
766.872 1618.82
768.773 1619.51
770.691 1620.15
772.654 1620.6
774.608 1621.07
776.557 1621.59
778.548 1621.78
780.566 1621.81
782.561 1622.02
784.453 1622.77
786.342 1623.55
788.268 1624.17
790.258 1624.51
792.263 1623.84
794.276 1623.93
796.189 1624.84
798.198 1625.39
800.245 1625.69
802.26 1626.05
804.238 1626.57
806.172 1627.25
808.092 1628
810.109 1628.49
812.149 1628.88
814.207 1629.25
816.259 1629.67
818.314 1629.85
820.366 1629.97
822.41 1630.11
824.445 1630.09
826.469 1629.97
828.479 1630.04
830.363 1630.72
832.055 1631.86
833.878 1632.75
835.828 1633.31
837.842 1633.58
839.842 1633.94
841.849 1634.1
843.864 1633.99
845.879 1633.97
847.877 1634.2
849.858 1634.58
851.817 1635.13
853.774 1635.72
855.779 1636.15
857.819 1636.46
859.868 1636.72
861.911 1637.05
863.906 1637.57
865.947 1637.84
867.994 1637.97
870.037 1638.11
872.081 1638.13
874.091 1638.43
876.048 1639.01
878.042 1639.36
880.057 1639.53
882.086 1639.66
884.087 1639.93
886.077 1640.32
888.091 1640.56
890.138 1640.36
892.055 1640.98
893.975 1641.48
895.947 1641.55
897.946 1641.44
899.89 1641.83
901.772 1642.49
903.659 1643.16
905.615 1643.62
907.63 1643.81
909.646 1644.02
911.649 1644.33
913.657 1644.6
915.676 1644.79
917.693 1645.07
919.678 1645.6
921.703 1646.02
923.773 1646.22
925.847 1645.94
927.805 1645.19
929.588 1643.92
931.633 1643.49
933.628 1644.16
935.396 1645.42
937.399 1645.92
939.464 1646.05
941.521 1646.07
943.564 1646.05
945.578 1646.14
947.528 1646.61
949.393 1647.41
951.333 1647.93
953.37 1647.76
955.398 1647.68
957.427 1647.74
959.47 1647.76
961.518 1647.69
963.546 1647.67
965.571 1647.8
967.615 1647.91
969.656 1647.9
971.71 1647.78
973.766 1647.78
975.824 1648.06
977.677 1649.2
979.707 1649.37
981.695 1648.68
983.698 1648.05
985.764 1647.74
987.843 1647.88
989.758 1648.75
991.643 1649.61
993.66 1650.02
995.704 1650.28
997.74 1650.6
999.746 1651.07
1001.73 1651.59
1003.74 1651.98
1005.78 1652.17
1007.83 1652.23
1009.86 1652.2
1011.88 1652.03
1013.88 1651.75
1015.86 1651.42
1017.84 1651.11
1019.83 1650.93
1021.83 1650.93
1023.83 1651.17
1025.86 1651.34
1027.89 1651.46
1029.89 1651.8
1031.84 1652.33
1033.83 1652.65
1035.85 1652.77
1037.89 1652.81
1039.92 1652.83
1041.96 1652.81
1044.02 1652.81
1046.06 1652.77
1048.09 1652.65
1050.03 1652.02
1052.01 1651.55
1053.97 1652.14
1055.93 1652.61
1057.96 1652.69
1059.99 1652.58
1062.02 1652.39
1064.05 1652.2
1066.1 1652.2
1068.14 1652.39
1070.17 1652.5
1072.22 1652.41

811

1004.58 1418.27
1002.6 1418.24
1000.61 1418.11
998.644 1417.8
996.66 1417.65
994.671 1417.6
992.685 1417.53
990.704 1417.31
988.712 1417.21
986.721 1417.21
984.733 1417.29
982.747 1417.49
980.745 1417.58
978.737 1417.57
976.726 1417.47
974.722 1417.26
972.714 1417.13
970.7 1417.04
968.68 1417.02
966.659 1417.01
964.638 1417.01
962.617 1417.02
960.596 1417.04
958.576 1417.06
956.556 1417.02
954.535 1416.93
952.511 1416.85
950.491 1416.7
948.489 1416.4
946.502 1416
944.506 1415.69
942.534 1415.26
940.55 1414.87
938.556 1414.54
936.556 1414.28
934.564 1414
932.564 1413.91
930.567 1413.84
928.573 1413.8
926.57 1413.75
924.548 1413.79
922.527 1413.69
920.524 1413.42
918.548 1412.98
916.533 1412.82
914.509 1412.79
912.489 1412.76
910.479 1412.65
908.477 1412.41
906.505 1411.97
904.57 1411.33
902.604 1410.83
900.582 1410.69
898.547 1410.71
896.508 1410.76
894.471 1410.9
892.443 1411.21
890.411 1411.56
888.358 1411.6
886.336 1411.18
884.318 1410.75
882.291 1410.41
880.286 1409.98
878.304 1409.43
876.258 1409.22
874.202 1409.12
872.139 1409.04
870.071 1408.9
868.029 1408.51
865.996 1408.04
863.963 1407.55
862.012 1406.83
860.033 1406.22
858.016 1405.84
855.983 1405.56
854.02 1405.01
852.005 1404.68
849.988 1404.31
848.042 1403.66
846.117 1402.92
844.099 1402.56
842.047 1402.39
839.996 1402.18
837.961 1401.86
835.911 1401.76
833.874 1401.6
831.832 1401.33
829.863 1400.75
827.894 1400.14
825.868 1399.74
823.829 1399.36
821.84 1398.84
819.873 1398.22
817.865 1397.84
815.852 1397.48
813.87 1396.94
811.842 1396.67
809.797 1396.52
807.751 1396.39
805.745 1396.03
803.817 1395.29
801.876 1394.6
799.874 1394.12
797.875 1393.71
795.832 1393.55
793.769 1393.5
791.71 1393.37
789.651 1393.14
787.587 1392.92
785.617 1392.26
783.734 1391.32
781.837 1390.49
779.842 1389.98
777.802 1389.71
775.769 1389.38
773.78 1388.81
771.733 1388.45
769.692 1388.02
767.702 1387.37
765.68 1386.84
763.611 1386.57
761.537 1386.33
759.469 1385.97
757.402 1385.68
755.343 1385.37
753.395 1384.56
751.412 1383.83
749.311 1383.69
747.209 1383.49
745.138 1383.03
743.1 1382.39
741.002 1382.06
738.866 1381.98
736.788 1381.65
734.81 1380.9
732.845 1380.01
730.988 1378.87
729.018 1377.99
726.995 1377.17
725.105 1376.06
723.243 1374.86
721.25 1373.94
719.158 1373.24
717.09 1372.4
715.143 1371.29
713.161 1370.26
711.113 1369.33
709.09 1368.31
707.077 1367.25
705.076 1366.14
702.931 1365.38
700.778 1364.63
698.733 1363.57
696.741 1362.39
694.613 1361.48
692.297 1361.08
690.123 1360.25
688.348 1358.67
686.439 1357.28
684.491 1355.95
682.676 1354.41
681.294 1352.49
679.833 1350.6
678.877 1348.39
677.215 1346.65
675.198 1345.29
673.373 1343.66
671.44 1342.15
669.357 1340.87
667.678 1339.07
665.891 1337.41
664.112 1335.69
662.428 1333.9
660.499 1332.4
658.874 1330.54
657.227 1328.74
655.477 1326.92
653.887 1324.93
652.374 1322.93
650.641 1321.07
649.231 1318.95
648.534 1316.45
648.856 1313.77
649.66 1311.22
651.144 1309.04
653.158 1307.35
655.315 1305.82
657.02 1303.88
658.375 1301.74
659.895 1299.76
661.441 1297.81
663.177 1295.98
663.93 1293.65
664.507 1291.3
665.207 1288.99
665.851 1286.68
666.611 1284.4
667.691 1282.23
668.908 1280.12
670.249 1278.07
671.84 1276.24
673.728 1274.73
675.513 1273.17
676.87 1271.21
678.097 1269.14
679.745 1267.37
681.536 1265.69
682.67 1263.53
683.98 1261.48
685.522 1259.65
687.239 1257.9
688.235 1255.68
689.83 1253.91
691.772 1252.49
693.638 1250.99
695.493 1249.49
697.315 1247.93
699.25 1246.56
701.42 1245.65
703.624 1244.87
705.812 1244.04
707.885 1242.95
709.949 1241.89
711.861 1240.52
713.932 1239.36
715.504 1237.55
717.3 1236.04
719.21 1234.63
721.171 1233.38
723.2 1232.29
725.087 1230.95
727.061 1229.71
728.832 1228.31
730.564 1226.86
732.28 1225.38
733.717 1223.59
735.452 1222.07
737.454 1220.99
739.639 1220.33
741.801 1219.63
743.947 1218.9
746.161 1218.46
748.326 1217.9
750.287 1216.89
751.85 1215.26
753.438 1213.58
755.203 1212.17
757.007 1210.79
759.058 1209.85
761.179 1209.13
763.155 1208.1
765.073 1206.97
766.983 1205.84
769.016 1205.04
771.096 1204.37
773.115 1203.5
775.108 1202.57
777.173 1201.86
779.259 1201.22
781.076 1199.9
783.187 1199.29
785.131 1198.29
787.219 1197.78
789.374 1197.61
791.493 1197.22
793.511 1196.45
795.476 1195.51
797.44 1194.56
799.445 1193.7
801.449 1192.87
803.263 1191.66
805.122 1190.52
807.103 1189.6
809.115 1188.79
811.057 1187.87
812.936 1186.78
814.937 1185.97
816.935 1185.23
818.952 1184.52
821.063 1184.11
823.175 1183.67
825.166 1182.94
827.126 1182.12
829.191 1181.76
831.273 1181.5
833.317 1181.04
835.376 1180.7
837.447 1180.41
839.512 1180.03
841.564 1179.56
843.633 1179.17
845.711 1178.83
847.787 1178.54
849.871 1178.32
851.942 1178.06
853.971 1177.62
855.908 1176.84
857.782 1175.87
859.801 1175.43
861.839 1175.02
863.852 1174.42
865.905 1174.01
867.977 1173.86
870.04 1173.72
872.061 1173.31
874.1 1173.02
876.156 1172.9
878.215 1172.82
880.271 1172.79
882.321 1172.79
884.367 1172.79
886.41 1172.8
888.447 1172.79
890.475 1172.74
892.503 1172.63
894.535 1172.53
896.568 1172.44
898.604 1172.41
900.64 1172.4
902.675 1172.41
904.705 1172.4
906.734 1172.4
908.763 1172.39
910.791 1172.35
912.828 1172.28
914.863 1172.36
916.889 1172.48
918.91 1172.54
920.935 1172.54
922.964 1172.48
924.999 1172.33
927.037 1172.13
929.032 1171.67
931.029 1171.22
933.041 1170.85
935.078 1170.73
937.118 1170.77
939.153 1170.96
941.163 1171.38
943.172 1171.84
945.196 1172.18
947.251 1172.25
949.311 1172.23
951.375 1172.22
953.449 1172.17
955.519 1171.97
957.573 1171.58
959.628 1171.14
961.709 1170.9
963.809 1170.85
965.913 1170.86
968.02 1170.81
970.122 1170.63
972.232 1170.48
974.338 1170.55
976.329 1171.24
978.202 1172.23
980.105 1173.11
981.882 1174.22
983.717 1175.26
985.803 1175.69
987.769 1176.46
989.72 1177.22
991.721 1177.82
993.755 1178.38
995.783 1178.9
997.775 1179.6
999.816 1180.13
1001.91 1180.17
1004 1179.89
1006.06 1179.39
1008.09 1178.76
1010.16 1178.41
1012.24 1178.48
1014.26 1179.05
1016.19 1179.92
1018.15 1180.71
1020 1181.71
1021.57 1183.23
1023.6 1183.81
1025.64 1184.48
1027.75 1184.66
1029.83 1184.2
1031.79 1183.3
1033.75 1182.34
1035.87 1181.83
1038.02 1181.44
1040.14 1180.73
1042.37 1180.49
1044.6 1180.71
1046.78 1181.23
1048.73 1182.29
1050.5 1183.65
1052.09 1185.27
1053.97 1186.5
1055.95 1187.65
1057.88 1188.88
1059.61 1190.36
1061.47 1191.65
1063.24 1193.14
1065.2 1194.22
1067.24 1195.16
1069.22 1196.25
1071.31 1197.09
1073.43 1197.78
1075.42 1198.75
1077.31 1199.94
1079.17 1201.19
1081.18 1202.17
1083.1 1203.26
1085.01 1204.41
1087.11 1205.19
1088.98 1206.35
1090.56 1207.87
1091.79 1209.78
1093.32 1211.39
1095.19 1212.68
1096.79 1214.23
1098.37 1215.78
1099.7 1217.62
1101.42 1219.03
1103.3 1220.3
1105.19 1221.55
1106.92 1222.96
1108.57 1224.45
1109.86 1226.31
1111.55 1227.87
1113.07 1229.56
1114.38 1231.46
1115.95 1233.11
1117.91 1234.18
1120.11 1234.86
1122.05 1236.1
1123.81 1237.63
1125.71 1238.99
1127.94 1239.8
1129.82 1241.33
1131.8 1242.59
1133.69 1244.01
1135.66 1245.33
1137.39 1246.98
1138.79 1248.86
1140 1250.85
1140.78 1253.02
1141.43 1255.24
1141.97 1257.48
1142.52 1259.7
1143.12 1261.92
1143.65 1264.14
1144.56 1266.25
1145.14 1268.43
1145.6 1270.63
1146.63 1272.59
1148.02 1274.34
1149.41 1276.07
1151.12 1277.55
1152.16 1279.53
1153.61 1281.22
1155.15 1282.78
1156.68 1284.38
1158.28 1285.89
1159.76 1287.57
1161.46 1289.07
1163.27 1290.36
1165.04 1291.7
1166.77 1293.09
1168.18 1294.84
1170.26 1295.76
1172.02 1297.16
1173.98 1298.14
1175.95 1299.2
1177.92 1300.33
1179.87 1301.45
1181.58 1303
1183.77 1303.57
1185.66 1304.78
1187.49 1305.99
1189.38 1307.09
1191.36 1308.06
1193.48 1308.67
1195.46 1309.52
1197.11 1311.04
1199.21 1311.59
1201.23 1312.27
1203.21 1313
1205.24 1313.54
1207.07 1314.58
1208.73 1315.87
1210.64 1316.61
1212.63 1317.12
1214.51 1317.85
1216.21 1319.03
1218.2 1319.38
1220.21 1319.62
1222.22 1319.88
1224.22 1320.22
1226.22 1320.49
1228.24 1320.51
1230.24 1320.23
1232.23 1319.8
1234.23 1319.44
1236.22 1318.96
1238.16 1318.3
1240.09 1317.59
1242.14 1317.15
1244.13 1316.56
1245.94 1315.51
1247.8 1314.44
1249.67 1313.34
1251.03 1311.63
1252.41 1309.92
1254 1308.47
1255.88 1307.33
1257.89 1306.35
1259.79 1305.18
1261.38 1303.5
1263.32 1302.27
1265.25 1301.03
1267.16 1299.8
1269.06 1298.52
1271.12 1297.46
1272.74 1295.82
1274.3 1294.19
1275.89 1292.61
1277.53 1291.08
1279.43 1289.88
1281.57 1289.22
1283.76 1288.72
1285.93 1288.14
1288.12 1287.77
1290.35 1287.6
1292.58 1287.5
1294.81 1287.49
1297.01 1287.48
1299.12 1287.02
1300.86 1285.5
1302.98 1284.99
1305.14 1284.77
1307.26 1284.37
1309.33 1283.73
1311.39 1283.01
1313.51 1282.6
1315.64 1282.31
1317.74 1281.94
1319.77 1281.27
1321.73 1280.38
1323.64 1279.36
1325.5 1278.27
1327.51 1277.53
1329.56 1276.91
1331.62 1276.29
1333.54 1275.28
1335.42 1274.2
1337.42 1273.42
1339.51 1272.89
1341.49 1272
1343.36 1270.83
1345.34 1269.96
1347.44 1269.32
1349.32 1268.13
1351.3 1267.22
1353.44 1266.7
1355.59 1266.24
1357.73 1265.71
1359.75 1264.78
1361.64 1263.51
1363.66 1262.46
1365.77 1261.63
1367.92 1260.8
1370.01 1259.74
1372.13 1258.67
1374.36 1257.83
1376.56 1256.82
1378.69 1255.61
1380.96 1254.61
1383.29 1253.7
1385.65 1252.82
1388.11 1252.28
1390.68 1252.2
1393.23 1252.55
1395.46 1253.75
1397.37 1255.51
1399.38 1257.15
1401.68 1258.27
1404 1259.37
1405.87 1261.11
1407.47 1263.15
1408.93 1265.23
1409.53 1267.65
1409.87 1270.13
1410.62 1272.51
1411.72 1274.78
1412.76 1277.06
1413.77 1279.36
1415.12 1281.47
1416.32 1283.66
1417.27 1285.96
1417.96 1288.36
1418.41 1290.82
1418.53 1293.32
1418.2 1295.81
1417.14 1298.04
1415.26 1299.75
1413.31 1301.4
1411.87 1303.52
1409.99 1305.29
1408.57 1307.31
1407.24 1309.41
1405.7 1311.38
1404.15 1313.31
1402.6 1315.2
1401.25 1317.22
1399.66 1319.1
1397.81 1320.64
1395.91 1322.06
1393.92 1323.34
1391.97 1324.66
1390.01 1325.89
1388.1 1327.17
1385.99 1328.11
1383.91 1329.18
1381.72 1329.91
1379.55 1330.69
1377.63 1331.92
1375.87 1333.37
1375.15 1335.59
1373.59 1337.33
1372.36 1339.24
1371.07 1341.13
1369.82 1343.06
1367.81 1344.17
1366.01 1345.58
1364.01 1346.6
1361.98 1347.59
1359.95 1348.58
1357.95 1349.56
1355.81 1350.15
1353.65 1350.75
1351.62 1351.68
1349.79 1353.05
1347.66 1353.65
1345.58 1354.37
1343.72 1355.6
1342.05 1357.14
1340.02 1357.93
1337.95 1358.66
1335.92 1359.51
1334.07 1360.72
1332.04 1361.46
1329.89 1361.74
1327.77 1362.14
1325.71 1362.82
1323.75 1363.75
1321.76 1364.59
1319.73 1365.3
1317.63 1365.76
1315.52 1366.09
1313.47 1366.74
1311.57 1367.79
1309.85 1369.18
1307.87 1369.99
1305.8 1370.57
1303.77 1371.29
1301.79 1372.13
1299.75 1372.71
1297.68 1373.16
1295.65 1373.75
1293.71 1374.62
1291.73 1375.4
1289.67 1375.94
1287.68 1376.68
1285.69 1377.4
1283.6 1377.68
1281.49 1377.86
1279.41 1378.18
1277.38 1378.73
1275.43 1379.55
1273.51 1380.44
1271.57 1381.25
1269.54 1381.76
1267.46 1382.1
1265.42 1382.63
1263.41 1383.25
1261.35 1383.7
1259.33 1384.31
1257.37 1385.07
1255.36 1385.63
1253.36 1386.23
1251.37 1386.86
1249.45 1387.72
1247.53 1388.58
1245.57 1389.33
1243.51 1389.6
1241.43 1389.73
1239.38 1390.07
1237.38 1390.66
1235.35 1391.11
1233.32 1391.57
1231.39 1392.36
1229.44 1393.04
1227.39 1393.2
1225.34 1393.32
1223.32 1393.71
1221.3 1394.18
1219.24 1394.4
1217.18 1394.51
1215.12 1394.62
1213.06 1394.76
1211.01 1395.02
1208.99 1395.5
1207 1396.06
1204.97 1396.43
1202.94 1396.76
1200.92 1397.14
1198.94 1397.7
1196.93 1398.24
1195.06 1399.12
1193.17 1399.98
1191.24 1400.72
1189.22 1401.08
1187.17 1401.21
1185.12 1401.34
1183.1 1401.77
1181.07 1402.15
1179.02 1402.26
1176.97 1402.3
1174.92 1402.36
1172.87 1402.43
1170.81 1402.56
1168.79 1402.88
1166.9 1403.71
1164.97 1404.39
1162.95 1404.74
1160.93 1405.07
1158.94 1405.58
1156.93 1405.91
1154.88 1406.05
1152.83 1405.99
1150.78 1406.08
1148.79 1406.57
1146.84 1407.2
1144.85 1407.73
1142.91 1408.42
1140.92 1408.98
1138.89 1409.2
1136.85 1409.22
1134.81 1409.22
1132.77 1409.24
1130.74 1409.29
1128.72 1409.44
1126.73 1409.88
1124.73 1410.2
1122.7 1410.32
1120.67 1410.41
1118.64 1410.51
1116.62 1410.78
1114.64 1411.27
1112.67 1411.88
1110.67 1412.3
1108.64 1412.52
1106.6 1412.69
1104.56 1412.8
1102.51 1412.87
1100.47 1412.97
1098.44 1413.1
1096.42 1413.33
1094.43 1413.7
1092.4 1413.84
1090.37 1413.9
1088.34 1413.93
1086.31 1413.91
1084.28 1413.9
1082.26 1413.91
1080.24 1413.95
1078.22 1414.04
1076.2 1413.99
1074.2 1414.18
1072.2 1414.56
1070.23 1415.04
1068.25 1415.41
1066.24 1415.56
1064.22 1415.55
1062.2 1415.52
1060.21 1415.47
1058.22 1415.31
1056.23 1415.11
1054.24 1415.1
1052.23 1415.16
1050.23 1415.21
1048.23 1415.43
1046.25 1415.67
1044.27 1415.85
1042.29 1416.07
1040.32 1416.44
1038.35 1416.75
1036.36 1416.88
1034.36 1416.9
1032.36 1416.89
1030.36 1416.93
1028.37 1417.06
1026.37 1417.16
1024.38 1417.26
1022.41 1417.48
1020.42 1417.58
1018.44 1417.67
1016.47 1417.82
1014.5 1418.15
1012.52 1418.26
1010.53 1418.3
1008.55 1418.3
1006.57 1418.29

