CONTOUR

1

1805

1126.71 1289.51
1130.66 1288.14
1134.25 1285.96
1137.67 1283.36
1140.95 1280.55
1144.46 1277.98
1147.91 1275.31
1150.8 1272.03
1154.68 1270.59
1158.94 1271.44
1163.23 1271.87
1167.5 1272.51
1171.82 1272.64
1176.05 1273.48
1180.28 1273.95
1184.5 1273.55
1188.62 1272.55
1192.73 1271.53
1196.95 1271.17
1201.16 1270.62
1205.41 1271.45
1209.55 1270.52
1213.65 1269.39
1217.84 1268.5
1221.99 1267.43
1225.57 1264.98
1229.5 1263.15
1232.47 1259.98
1235.84 1257.44
1239.57 1255.4
1243.18 1253.07
1247.18 1251.3
1249.71 1247.81
1253.76 1247.05
1256.78 1244.66
1259.62 1242
1263.38 1240.43
1266.47 1237.73
1269.99 1235.69
1273.61 1233.73
1275.96 1230.23
1279.35 1227.77
1282.82 1225.42
1285.93 1222.58
1289.08 1219.83
1292.28 1217.21
1296.17 1215.57
1299.28 1212.62
1303.02 1210.47
1305.96 1207.51
1309.3 1205.01
1311.96 1201.76
1315.61 1199.52
1319.46 1197.6
1323.12 1195.41
1325.83 1191.91
1329.51 1189.49
1333.27 1187.16
1335.89 1183.5
1339.02 1180.25
1342.07 1177.06
1344.66 1173.57
1347.54 1170.29
1349.53 1166.45
1351.25 1162.47
1352.48 1158.37
1353.34 1154.21
1353.52 1150.01
1353.54 1145.78
1353.49 1141.62
1351.8 1137.87
1349.55 1134.44
1347.53 1130.89
1346.52 1126.98
1345.64 1123.03
1344.71 1119.18
1343.5 1115.32
1342.54 1111.4
1342.51 1107.42
1342.49 1103.44
1341.52 1099.55
1340.6 1095.67
1341.47 1091.7
1341.39 1087.79
1339.79 1083.97
1340.55 1079.92
1341.5 1075.87
1342.61 1071.88
1344.34 1068.22
1345.5 1064.27
1347.52 1060.76
1350.12 1057.71
1354.11 1056.83
1358.22 1056.51
1362.39 1056.51
1366.58 1056.48
1370.66 1055.34
1374.78 1054.42
1378.94 1053.57
1383.09 1052.72
1387.17 1051.52
1391.41 1051.1
1395.33 1049.61
1399.29 1048.43
1403.27 1047.27
1406.91 1045.31
1410.31 1042.88
1412.94 1039.63
1416.07 1036.8
1417.52 1033
1418.56 1029.04
1418.6 1024.9
1418.55 1020.74
1418.53 1016.6
1418.47 1012.48
1417.75 1008.39
1417.8 1004.27
1418.48 1000.12
1417.54 996.025
1417.27 991.912
1416.52 987.914
1416.35 983.856
1415.57 979.906
1416.46 975.884
1415.65 971.8
1416.53 967.827
1417.5 963.816
1417.51 959.71
1417.51 955.606
1417.51 951.504
1418.48 947.533
1419.71 943.628
1420.51 939.569
1421.47 935.509
1422.51 931.516
1423.49 927.505
1423.56 923.356
1424.91 919.401
1425.52 915.255
1426.41 911.163
1427.48 907.128
1428.49 903.138
1429.5 899.152
1430.43 895.149
1430.53 891.034
1431.44 887.027
1432.5 883.058
1433.5 879.068
1433.51 874.953
1433.52 870.836
1434.48 866.786
1434.5 862.69
1433.76 858.615
1433.52 854.481
1433.51 850.365
1433.51 846.255
1433.34 842.169
1431.48 838.448
1429.52 834.766
1427.64 831.084
1425.75 827.348
1422.76 824.434
1419.43 821.82
1416.67 818.733
1414.58 815.17
1412.31 811.621
1409.3 808.612
1406.25 805.64
1403.43 802.499
1403.6 798.5
1406.81 795.661
1410.29 793.051
1412.89 789.457
1415.5 786.018
1419.03 783.433
1422.53 780.901
1426.5 779.074
1430.23 776.706
1434.09 774.521
1437.76 771.988
1441.6 769.825
1445.32 767.515
1449.13 765.398
1452.76 763.032
1456.39 760.635
1460.21 758.444
1463.68 755.723
1467.52 753.728
1471.19 751.447
1474.96 749.471
1478.66 747.527
1482.29 745.555
1485.83 743.521
1489.4 741.508
1492.99 739.605
1496.78 737.865
1500.4 735.703
1504 733.615
1507.7 731.523
1511.41 729.461
1515.1 727.317
1518.55 724.662
1521.9 721.877
1525.39 719.276
1529.28 717.241
1532.87 714.724
1536.42 712.137
1539.95 709.501
1543.59 706.968
1546.89 703.827
1550.72 701.479
1554.52 699.218
1557.7 695.96
1561.46 693.579
1565.24 691.3
1568.46 688.263
1571.88 685.468
1575.59 683.102
1579.2 680.501
1582.56 677.622
1586.32 675.486
1589.94 673.153
1593.35 670.502
1597.15 668.499
1600.97 666.512
1604.04 663.506
1607.21 660.527
1609.84 657.093
1613.36 654.538
1616.31 651.401
1618.77 647.762
1622.37 645.248
1625.27 642.059
1627.83 638.599
1630.43 635.157
1633.07 631.686
1636.42 628.885
1639.11 625.432
1641.67 621.884
1644.76 618.869
1647.71 615.786
1650.63 612.732
1653.66 609.812
1656.7 606.887
1659.63 603.792
1662.54 600.688
1665.31 597.36
1668.38 594.292
1671.36 591.11
1673.61 587.258
1676.9 584.209
1679.52 580.662
1681.56 576.697
1684.44 573.3
1687.35 569.907
1689.48 565.981
1691.66 562.064
1695.14 559.282
1697.44 555.635
1699.93 552.125
1702.52 548.682
1704.73 544.985
1707.48 541.596
1709.49 537.707
1712.06 534.164
1715.21 531.086
1717.36 527.383
1719.75 523.803
1723.26 521.142
1725.93 517.642
1729.01 514.56
1732.06 511.487
1734.5 507.973
1737.67 505.177
1740.11 501.702
1742.61 498.165
1745.45 494.907
1748.14 491.506
1750.32 487.671
1753.21 484.406
1756.19 481.271
1758.55 477.606
1761.59 474.592
1763.97 471.056
1766.99 468.015
1769.58 464.615
1772.35 461.372
1775.23 458.21
1777.49 454.594
1780.33 451.457
1782.58 447.939
1785.5 445.161
1789.27 444.869
1791.83 448.274
1795.69 449.607
1799.76 450.484
1803.82 449.497
1807.68 447.734
1811.28 445.402
1814.79 442.985
1817.74 439.832
1820.75 436.768
1823.67 433.589
1827.31 431.009
1829.75 427.116
1832.78 423.762
1835.8 420.461
1839.11 417.346
1841.73 413.766
1844.89 410.578
1848.01 407.408
1851.09 404.277
1853.77 400.826
1856.31 397.312
1859.3 394.069
1861.58 390.423
1863.88 386.716
1866.01 382.885
1868.49 379.166
1871.07 375.52
1873.56 371.824
1875.67 367.886
1878.2 364.296
1879.52 360.123
1881.34 356.169
1883.37 352.327
1883.78 348.073
1884.71 343.906
1885.26 339.786
1884.44 335.649
1883.54 331.475
1882.67 327.292
1880.89 323.499
1877.77 320.416
1875.04 317.083
1871.43 314.67
1867.3 313.196
1863.2 311.491
1859.16 309.654
1854.78 309.488
1850.37 309.492
1845.96 309.515
1841.55 310.037
1837.09 310.185
1833.02 311.957
1828.88 313.512
1824.58 314.691
1820.54 316.653
1816.5 318.532
1812.53 320.513
1808.54 322.385
1804.78 324.615
1801.18 327.117
1797.73 329.928
1793.63 331.58
1790.3 334.446
1786.93 337.271
1783.15 339.394
1779.32 341.452
1775.68 343.795
1772.42 346.718
1769.05 349.514
1765.25 351.814
1762.32 355.236
1759.41 358.703
1755.71 361.334
1751.89 363.824
1748.73 367.044
1745.16 369.611
1741.76 372.398
1738.39 375.187
1734.86 377.625
1731.6 380.274
1728.47 383.162
1725 385.546
1721.42 387.782
1717.59 389.551
1713.93 391.688
1710.75 394.526
1707.5 397.335
1705.24 400.929
1703.34 404.847
1699.94 407.451
1696.14 409.49
1692.14 411.122
1688.3 413.136
1684.67 415.331
1681.49 417.893
1679.64 421.482
1679.3 425.762
1675.66 427.547
1671.51 428.499
1667.36 429.502
1663.4 431.122
1659.5 432.754
1656.74 435.763
1655.47 439.934
1653.2 443.467
1649.5 445.427
1645.36 446.369
1641.33 447.512
1637.82 449.736
1635.43 453.295
1632.71 456.548
1628.63 457.491
1624.3 457.568
1620.28 459.053
1616.74 461.484
1614.6 465.329
1612.31 469.061
1609.77 472.59
1606.61 475.362
1602.52 474.305
1598.57 472.428
1594.36 471.498
1590.1 471.632
1586.08 473.449
1581.93 474.667
1578.35 476.79
1575.65 479.988
1573.01 483.327
1569.53 485.377
1565.43 484.478
1561.31 483.511
1557.2 483.605
1553.09 484.518
1549.05 485.55
1545.26 487.492
1541.25 488.475
1537.07 487.485
1532.84 487.495
1528.69 488.383
1524.49 488.548
1520.32 489.366
1516.13 489.376
1512.01 488.489
1507.87 487.469
1503.7 486.448
1499.47 485.536
1495.15 485.478
1491.78 483.387
1491.49 479.33
1491.51 475.196
1491.5 471.065
1490.53 467.045
1488.89 463.265
1486.88 459.587
1483.3 457.307
1479.55 455.293
1475.87 453.16
1474.5 449.088
1472.71 445.254
1469.97 442.094
1466.55 439.569
1462.85 437.532
1459.12 435.461
1455.66 433.062
1454.47 428.916
1453.54 424.615
1453.42 420.2
1451.57 416.27
1449.22 412.606
1446.04 409.703
1442.26 407.593
1438.36 405.807
1434.98 403.341
1433.52 399.442
1433.48 395.116
1432.56 390.882
1431.53 386.693
1430.17 382.634
1427.56 379.217
1425.07 375.728
1421.51 373.342
1417.61 371.445
1413.61 369.721
1409.44 368.476
1405.94 366.141
1404.54 362.239
1404.49 357.942
1403.61 353.739
1403.44 349.533
1402.24 345.494
1401.16 341.424
1399.63 337.474
1398.19 333.503
1395.33 330.349
1392.04 327.67
1388.03 326.241
1383.86 325.271
1379.88 323.915
1376.04 322.377
1373.6 319.149
1372.16 315.235
1371.41 311.027
1369.52 307.223
1367.61 303.43
1365.42 299.811
1362.74 296.557
1359.55 293.725
1355.99 291.417
1352.19 289.498
1348.03 288.458
1343.81 287.547
1339.43 288.469
1335.23 287.656
1331.24 286.006
1327.89 283.403
1324.98 280.287
1321.93 277.347
1318.57 274.802
1314.86 272.76
1310.99 271.222
1306.87 270.263
1302.72 269.545
1298.59 270.597
1294.44 271.553
1290.56 273.355
1286.48 274.52
1282.34 275.407
1278.56 273.703
1275.37 270.834
1271.88 268.428
1268.47 265.922
1264.7 264.09
1260.88 262.519
1256.85 262.482
1252.89 263.358
1249.23 265.104
1245.82 267.367
1242.32 269.425
1238.52 270.644
1234.48 270.388
1230.5 269.264
1226.61 267.547
1222.37 267.39
1218.16 266.609
1214 267.497
1209.95 268.922
1206.27 271.137
1202.79 273.429
1199.47 276.081
1195.94 278.495
1192.36 280.806
1188.46 282.455
1184.32 283.172
1180.09 283.397
1175.86 283.472
1171.65 283.58
1167.55 284.608
1163.53 286.043
1159.6 287.805
1156.2 290.504
1153.38 293.879
1149.82 296.35
1147.45 299.799
1145.17 303.344
1142.55 306.731
1140.5 310.529
1138.4 314.267
1136.02 317.8
1132.33 319.955
1128.25 321.507
1124.37 323.45
1120.9 326.008
1118.83 329.913
1115.68 332.976
1112.75 336.342
1109.89 339.726
1107.27 343.323
1104.28 346.414
1100.21 347.81
1096.23 349.507
1092.2 351.029
1088.74 353.445
1085.85 356.64
1082.61 359.475
1079.62 362.483
1076.7 365.533
1074.45 369.128
1072.36 372.819
1071.2 376.973
1069.55 380.956
1069.31 385.238
1067.97 389.254
1066.31 393.215
1064.28 396.978
1060.86 399.547
1057.68 402.353
1054.71 405.433
1051.47 408.35
1048.62 411.689
1046.16 415.328
1043.57 418.813
1040.11 421.428
1035.88 422.621
1032.02 424.525
1028.19 426.405
1024.47 428.536
1021.15 431.335
1017.65 433.763
1013.94 435.303
1011.81 432.162
1011.58 428.073
1012.45 423.939
1012.51 419.82
1012.51 415.695
1012.5 411.589
1011.71 407.525
1011.45 403.46
1011.5 399.38
1011.34 395.286
1010.49 391.24
1009.47 387.209
1007.79 383.366
1005.76 379.622
1004.27 375.727
1003.81 371.698
1004.49 367.594
1004.08 363.507
1003.51 359.448
1003.46 355.337
1002.51 351.305
1001.5 347.264
1000.5 343.212
999.511 339.171
998.448 335.129
996.906 331.267
995.03 327.498
992.65 323.833
991.283 319.666
989.548 315.651
987.952 311.598
985.61 307.948
983.918 303.977
981.544 300.341
979.324 296.617
976.18 293.593
973.412 290.251
971.167 286.455
968.628 282.834
965.905 279.362
963.438 275.841
960.569 272.678
957.651 269.56
954.403 266.765
951.69 263.447
948.753 260.337
945.749 257.315
942.472 254.568
939.193 251.769
935.619 249.366
931.775 247.367
927.874 245.372
924.473 242.851
921.312 239.889
917.516 238.078
913.861 236.158
910.162 234.296
906.359 232.611
902.351 231.446
898.677 229.369
894.947 227.423
891.154 225.572
887.322 223.769
883.044 223.364
878.977 221.857
874.713 221.36
870.495 220.472
866.275 219.555
862.012 219.477
857.734 219.344
853.498 218.695
849.238 218.412
845.086 217.522
841.071 218.309
837.133 219.482
833.197 220.464
829.164 219.983
825.236 220.256
821.437 220.992
817.633 221.487
813.779 221.565
810.297 223.138
807.106 225.42
803.547 225.625
802.539 222.164
803.127 218.19
801.353 214.87
799.157 211.739
795.715 209.686
793.638 206.486
793.074 202.47
790.847 199.41
787.613 197.255
784.653 194.79
781.627 192.638
777.935 192.507
774.219 192.234
770.544 193.398
766.716 193.512
763.144 194.406
759.558 195.111
756.272 197.156
752.581 197.302
749.037 198.455
745.272 198.829
741.734 200.292
738.015 199.623
734.336 199.575
730.794 200.768
727.322 202.303
723.467 202.479
719.61 202.189
715.9 200.632
711.98 200.496
708.045 200.926
704.129 201.497
700.117 201.547
696.079 202.211
692.215 200.615
688.367 201.482
684.493 201.938
680.619 202.519
677.16 203.962
675.481 207.78
672.566 210.582
671.086 214.256
668.375 217.16
665.615 220.139
663.229 223.453
659.414 224.865
656.029 227.393
652.258 225.533
648.248 224.623
644.323 223.525
640.381 223.53
636.731 225.509
632.768 226.463
628.84 227.205
627.393 231.015
625.27 234.222
622.502 236.757
619.764 239.351
616.726 241.358
613.491 242.961
611.656 246.23
608.93 248.434
605.604 249.815
602.427 251.696
598.901 252.86
595.892 254.499
592.805 255.891
591.356 259.178
588.658 260.602
585.262 260.556
582.318 262.206
579.081 263.385
576.182 265.364
572.38 265.744
569.448 267.906
566.848 270.559
563.851 272.678
560.349 273.771
556.628 274.579
552.86 274.675
549.434 276.518
545.651 276.539
541.931 276.879
538.521 278.521
535.164 280.429
531.55 281.493
527.912 282.472
524.302 283.521
520.621 284.281
516.875 284.605
513.126 285.508
509.276 285.493
505.473 285.479
501.869 287.158
497.983 287.492
493.96 287.492
490.115 288.493
486.274 289.641
482.585 291.432
478.475 291.679
474.897 293.659
471.233 295.463
466.889 295.517
463.485 297.827
460.186 300.262
456.137 301.57
452.708 303.683
450.421 307.007
448.13 310.307
444.715 312.867
443.108 316.77
440.873 320.315
439.474 324.209
438.48 328.262
438.064 332.422
438.455 336.607
439.068 340.728
440.719 344.448
443.62 347.4
446.627 350.179
450.579 351.527
454.287 353.433
457.942 355.375
462 356.665
464.832 359.624
466.456 363.434
467.781 367.373
470.685 369.953
474.095 367.989
476.573 364.18
480.367 364.496
481.52 368.548
482.387 372.828
484.211 376.756
485.699 380.673
483.146 383.535
479.073 384.325
474.866 384.467
470.665 384.507
466.606 385.508
462.685 387.006
458.965 388.807
458.519 393.186
457.529 397.407
458.469 401.586
459.575 405.744
461.687 409.518
463.996 413.194
466.913 416.562
469.605 420.103
472.65 423.301
475.764 426.393
479.379 428.98
483.027 431.452
487.085 433.005
490.954 434.536
495.024 435.513
499.109 436.52
503.204 437.488
507.41 437.694
511.578 438.492
515.769 438.491
519.945 437.564
524.155 437.504
528.362 437.48
532.48 436.521
536.576 435.561
540.766 435.374
544.849 434.305
548.96 433.24
552.883 431.528
556.992 430.538
561.041 429.512
565.071 428.5
569.102 427.493
573.155 426.422
577.243 425.5
581.336 424.65
585.351 423.621
589.404 423.394
593.397 422.476
597.424 421.52
601.411 420.552
605.348 419.528
609.308 418.846
613.256 418.429
617.18 417.519
621.212 417.481
625.137 416.534
629.127 416.319
633.068 415.514
637.069 415.497
641.07 415.5
645.072 415.5
649.074 415.5
653.078 415.5
657.083 415.5
661.09 415.5
665.097 415.5
669.105 415.5
673.116 415.501
677.128 415.501
681.141 415.5
685.157 415.501
689.167 415.714
693.116 416.499
697.085 416.506
701.088 416.549
705.052 417.486
709.074 417.507
713.101 417.503
717.142 417.726
721.19 418.367
725.254 418.508
729.316 418.505
733.383 418.504
737.455 418.509
741.536 418.507
745.622 418.566
749.7 419.459
753.803 419.509
757.9 419.428
761.952 418.525
766.098 418.522
770.277 418.522
774.304 417.56
778.271 416.716
782.222 416.172
786.191 415.513
790.132 415.527
793.63 417.355
796.625 420.075
799.897 422.415
803.932 423.511
807.66 425.316
811.566 426.563
815.051 428.593
817.955 431.415
821.109 433.856
823.675 436.82
826.267 439.819
828.473 443.142
830.534 446.568
831.701 450.408
833.545 454.058
835.495 457.703
836.604 461.757
838.453 465.494
839.376 469.458
839.502 473.527
839.753 477.581
840.571 481.609
841.473 485.662
841.468 489.756
840.611 493.819
841.476 497.743
841.496 501.694
841.489 505.64
841.489 509.581
841.489 513.518
841.489 517.45
841.497 521.38
841.482 525.304
840.48 529.107
839.452 532.958
838.438 536.882
837.482 540.871
836.548 544.896
836.443 549.015
835.531 553.089
835.49 557.213
835.497 561.326
835.497 565.44
835.493 569.553
835.485 573.666
834.812 577.692
833.016 581.173
829.108 582.563
825.555 584.51
821.963 586.399
818.188 588.096
814.383 589.886
810.514 591.546
806.715 593.468
802.931 595.383
799.356 597.639
797.101 601.205
795.517 605.214
795.486 609.527
795.492 613.852
795.488 618.179
795.505 622.506
796.448 626.745
797.489 630.92
798.507 635.052
799.491 639.211
800.436 643.354
801.42 647.4
802.577 651.363
803.7 655.331
805.488 659.042
807.212 662.751
809.399 666.239
811.352 669.88
812.479 673.733
810.854 677.31
807.6 679.958
804.941 683.248
801.72 685.874
797.906 687.505
793.994 688.939
790.261 690.775
786.42 692.412
782.406 693.53
778.624 695.333
775.024 697.435
771.33 699.361
767.739 701.306
764.197 703.365
760.709 705.496
757.02 707.199
753.227 708.465
749.152 708.51
745.228 709.517
741.472 711.281
737.41 711.862
733.754 713.837
729.906 715.481
725.768 716.137
721.928 717.578
718.331 719.463
714.747 721.384
711.47 723.791
707.825 725.697
704.704 728.437
701.439 731.068
698.299 733.865
695.521 737.059
692.081 739.471
687.934 740.614
684.135 742.482
680.081 743.485
675.897 743.504
671.754 743.098
668.02 741.195
664.17 739.488
660.042 738.488
655.942 737.506
651.767 737.479
647.581 737.497
643.505 738.429
639.58 739.777
636.48 742.747
633.469 745.749
630.412 748.75
627.519 751.914
625.373 755.665
623.489 759.554
622.153 763.654
621.354 767.957
619.146 771.473
615.335 773.389
611.189 774.539
607.028 775.54
603.402 777.765
600.399 780.853
598.407 784.814
595.961 788.346
591.706 789.719
587.72 791.732
585.879 793.066
584.037 794.4
579.997 796.534
576.522 799.367
572.875 801.793
569.754 804.932
566.613 808.05
563.65 811.315
560.842 814.655
558.322 818.171
555.663 821.655
553.747 825.491
552.32 829.483
551.156 833.562
550.373 837.773
549.502 842.034
549.52 846.348
550.476 850.6
551.49 854.847
553.188 858.831
555.461 862.4
558.921 864.447
562.754 863.462
564.898 860.032
565.516 855.873
566.471 851.814
567.511 847.799
569.322 844.069
570.828 840.207
572.621 836.601
575.227 833.499
578.793 831.432
582.281 829.256
586.013 827.439
589.706 825.554
593.675 824.555
597.577 823.562
601.533 823.473
605.497 823.608
608.211 826.609
611.22 829.451
615.154 830.687
619.179 831.501
623.269 831.334
627.276 830.492
631.282 829.281
635.134 828.989
633.482 832.623
631.217 836.147
628.73 839.636
626.794 843.496
624.929 847.482
623.5 851.639
622.491 855.931
621.582 860.229
621.498 864.555
622.45 868.823
623.368 873.038
623.729 877.276
625.571 881.087
628.089 884.537
631.26 887.491
634.245 890.462
638.255 890.314
641.181 887.51
641.518 883.368
641.507 879.153
641.502 874.949
641.511 870.743
642.095 866.571
643.468 862.557
645.271 858.664
647.159 854.905
649.258 851.317
651.074 847.643
653.846 844.758
657.904 844.503
662.025 844.502
665.984 843.511
669.655 841.71
673.148 839.642
676.464 837.287
679.458 834.542
681.467 830.968
683.328 827.18
685.144 823.395
686.063 819.33
687.366 815.38
687.552 811.257
688.746 807.302
690.376 803.52
693.857 801.227
697.783 799.502
701.33 797.183
704.7 794.616
707.812 791.756
711.296 789.292
714.03 786.01
717.257 783.177
719.886 779.684
722.668 776.215
725.027 772.504
727.199 768.818
727.516 764.528
728.486 760.482
731.649 757.824
735.487 756.013
738.84 753.514
742.85 752.645
747.068 752.541
751.094 751.517
755.09 750.551
759.043 749.446
763.049 748.381
767.074 747.521
771.235 747.337
775.161 745.74
779.267 745.503
783.401 745.491
787.438 744.584
791.52 744.143
795.636 744.497
799.7 743.812
803.852 743.497
807.926 742.665
812.077 742.429
816.061 741.542
819.979 740.443
823.948 739.476
827.958 738.522
832.094 738.404
835.832 736.708
839.598 734.944
843.549 733.464
847.37 731.667
851.04 729.691
854.603 727.506
858.266 725.58
862.012 723.738
865.739 721.799
869.794 721.386
873.652 723.261
877.645 724.483
881.772 724.823
885.697 723.508
889.535 721.848
893.354 720.294
897.33 719.239
901.047 717.449
904.785 715.786
908.671 714.335
912.594 712.89
916.644 713.323
920.382 715.333
923.988 717.552
927.677 719.53
931.397 721.498
935.112 723.453
939.082 724.786
942.875 726.444
946.93 727.538
950.602 729.519
953.589 732.412
956.432 735.479
960.02 737.613
963.539 739.89
967.288 741.821
969.463 745.486
971.322 749.352
972.479 753.42
973.267 757.529
974.601 761.406
975.537 765.36
977.514 768.955
979.574 772.473
981.495 776.071
983.274 779.754
985.549 783.166
987.447 786.67
989.956 789.784
991.828 793.406
993.661 797.143
995.712 800.694
997.45 804.35
995.56 807.946
993.512 811.726
994.112 815.773
996.698 819.334
998.16 823.13
994.712 825.795
991.622 828.831
988.287 831.539
984.64 833.722
980.745 835.503
976.992 837.477
973.261 839.361
969.421 840.911
965.643 842.704
961.943 844.625
958.794 847.419
955.053 849.378
951.306 851.244
947.694 853.448
943.911 855.393
939.812 856.771
936.385 859.425
932.665 861.556
929.439 864.421
925.751 866.493
921.648 867.737
918.235 870.309
915.186 873.38
911.484 875.518
907.592 877.395
903.872 879.644
900.049 881.615
896.112 883.504
892.314 885.599
888.78 888.169
884.99 890.517
881.434 893.105
877.717 895.378
873.954 897.558
870.635 900.432
866.813 902.589
863.523 905.482
859.648 907.539
855.931 909.837
852.647 912.703
849.321 915.422
846.087 918.21
842.483 920.336
838.941 922.6
835.923 925.495
832.292 927.546
829.097 930.121
825.373 931.622
821.766 933.438
818.467 935.867
815.053 938.363
810.931 939.514
807.553 942.09
803.489 943.507
799.544 945.212
795.866 947.291
792.207 949.34
789.005 952.014
787.481 956.033
785.152 959.464
781.596 961.657
777.834 963.752
774.605 966.643
771.477 969.638
768.38 972.627
765.595 975.885
763.591 979.718
762.494 983.871
761.506 988.094
761.504 992.371
762.482 996.582
763.553 1000.77
765.422 1004.69
767.48 1008.48
769.657 1012.19
772.513 1015.42
775.676 1018.34
779.52 1020.25
783.503 1021.85
787.507 1023.48
791.193 1022.13
791.514 1018.01
790.524 1013.81
789.309 1009.72
787.511 1005.77
786.514 1001.62
786.507 997.391
787.499 993.237
789.409 989.424
792.33 986.258
795.608 983.541
799.723 983.413
803.692 985.393
807.901 985.505
812.069 984.727
816.107 983.479
819.705 981.22
822.999 978.564
825.311 975.067
828.342 972.622
829.588 976.338
828.584 980.3
827.06 984.116
825.307 987.878
823.069 991.393
820.305 994.659
817.373 997.781
814.403 1000.91
810.959 1003.5
807.917 1006.49
805.493 1009.96
802.405 1012.75
799.13 1015.36
796.549 1018.58
796.504 1022.59
798.325 1026.41
799.496 1030.42
799.448 1034.56
798.284 1038.66
797.485 1042.86
796.484 1047.06
795.516 1051.31
795.458 1055.63
794.517 1059.88
794.483 1064.18
794.47 1068.48
794.508 1072.75
795.432 1076.94
795.925 1081.14
797.388 1085.08
798.874 1088.98
800.778 1092.64
803.792 1095.27
808.024 1095.65
811.916 1097.39
815.946 1097.11
819.47 1095.11
820.491 1091.3
818.945 1087.36
817.526 1083.4
817.5 1079.22
817.499 1075.03
817.514 1070.83
818.182 1066.67
818.536 1062.5
819.49 1058.38
820.561 1054.32
821.62 1050.21
823.412 1046.36
826.376 1043.55
830.597 1043.5
834.775 1043.25
837.938 1040.55
840.395 1037.12
842.375 1033.29
844.808 1029.62
846.442 1025.63
847.543 1021.5
848.491 1017.28
848.503 1012.95
849.466 1008.84
851.9 1005.45
855.437 1003.14
859.352 1001.61
863.491 1001.52
867.489 1002.78
871.166 1004.77
873.479 1008.26
875.488 1012.01
877.478 1015.74
879.43 1019.47
879.685 1023.64
879.446 1027.75
877.753 1031.62
876.505 1035.6
875.63 1039.64
875.453 1043.75
873.727 1047.6
873.489 1051.66
873.489 1055.74
873.864 1059.78
876.197 1063.27
878.881 1066.57
879.522 1070.73
880.475 1074.86
880.72 1079.03
881.475 1083.12
881.546 1087.27
882.506 1091.35
883.503 1095.44
884.512 1099.55
885.477 1103.69
887.085 1107.59
889.96 1110.41
893.828 1111.5
897.738 1110.47
900.736 1107.82
902.515 1104.22
902.667 1100.12
902.551 1095.99
902.507 1091.91
902.505 1087.82
902.5 1083.73
902.531 1079.62
903.207 1075.5
903.491 1071.41
903.528 1067.3
905.816 1064.06
909.335 1062
911.444 1058.64
913.247 1055.12
913.533 1051.06
914.491 1047.05
914.512 1042.97
914.498 1038.89
913.997 1034.84
913.468 1030.83
912.227 1026.93
910.673 1023.17
909.534 1019.2
910.378 1015.2
911.649 1011.25
913.862 1007.64
915.576 1003.74
916.968 999.637
918.535 995.675
919.887 991.624
921.895 987.726
923.888 983.833
926.361 980.216
927.615 976.018
929.596 972.253
931.366 968.402
932.251 964.333
932.501 960.17
932.577 955.998
933.092 951.807
933.34 947.605
933.472 943.446
932.516 939.314
932.573 935.133
933.416 931.006
935.219 927.249
937.619 923.799
940.645 920.852
943.672 917.824
947.16 915.505
950.764 913.371
954.354 911.166
957.809 908.499
961.489 906.308
964.911 903.739
968.933 902.483
972.982 901.172
976.997 899.529
981.357 899.155
985.314 897.406
989.319 895.643
993.435 894.231
997.378 892.523
1001.55 891.462
1005.42 889.58
1009.43 888.122
1012.76 885.599
1016.35 883.614
1020.38 882.512
1024.06 880.532
1027.79 878.748
1031.72 877.235
1035.43 875.169
1039.35 873.302
1043.21 871.287
1046.72 868.563
1051 867.387
1054.59 864.918
1058.21 862.487
1061.65 859.775
1065.23 857.256
1068.48 854.211
1072.01 851.563
1075.63 849.173
1079.23 846.641
1081.59 843.029
1083.47 839.161
1084.52 835.034
1085.48 830.908
1084.68 826.702
1084.47 822.5
1083.5 818.392
1082.52 814.257
1081.47 810.15
1079.86 806.221
1079.49 802.045
1078.52 798.007
1077.52 794.034
1076.45 790.114
1075.23 786.297
1073.65 782.539
1073.49 778.529
1073.51 774.531
1073.5 770.563
1072.46 766.746
1071.48 762.915
1069.75 759.339
1068.52 755.659
1070.18 752.56
1073.89 753.489
1077.6 754.643
1081.39 755.544
1085.21 756.518
1089.04 757.514
1092.89 758.597
1096.72 759.592
1100.55 760.688
1104.47 761.671
1108.43 762.622
1112.46 763.519
1116.5 764.513
1120.56 765.494
1124.6 766.365
1128.69 766.717
1132.75 767.518
1136.82 768.51
1140.92 769.505
1145.01 770.488
1149.1 771.403
1153.27 771.561
1157.37 772.506
1161.48 773.374
1165.64 773.51
1169.67 774.345
1172.89 776.709
1174.6 780.429
1175.89 784.458
1178.43 787.996
1180.91 791.49
1183.53 794.982
1185.38 798.805
1183.51 802.791
1182.11 806.946
1179.47 810.443
1177.49 814.358
1175.55 818.242
1173.67 822.159
1172.73 826.444
1169.77 829.648
1167.68 833.246
1166.46 837.169
1165.42 841.203
1162.87 844.511
1160.52 847.981
1159.42 852.077
1157.36 855.809
1156.26 859.896
1154.22 863.599
1152.26 867.306
1151.47 871.457
1150.42 875.539
1148.04 879.162
1146.54 883.027
1145.51 887.044
1144.53 891.037
1143.5 894.978
1142.46 898.886
1141.5 902.845
1141.49 906.925
1141.5 911.007
1141.33 915.079
1140.5 919.156
1140.77 923.225
1141.55 927.253
1142.51 931.336
1143.38 935.47
1143.86 939.612
1145.86 943.376
1147.68 947.377
1149.69 951.335
1152.43 954.829
1155.89 957.638
1158.56 961.029
1159.5 965.044
1157.59 968.749
1154.53 971.852
1152.09 975.457
1150.52 979.374
1150.35 983.721
1147.68 986.889
1144.1 989.208
1140.38 991.514
1137.07 994.339
1133.49 997.002
1130.64 1000.44
1127.91 1003.98
1125.13 1007.4
1123.22 1011.17
1121.58 1015
1120.54 1019.03
1120.5 1023.13
1120.5 1027.24
1120.7 1031.34
1121.39 1035.4
1122.55 1039.24
1125.59 1041.54
1129.58 1041.16
1133.43 1039.65
1137.36 1038.51
1140.56 1035.88
1143.98 1033.74
1147.79 1032.24
1151.54 1030.61
1155.42 1029.56
1159.43 1029.46
1163.36 1029.1
1167.06 1027.5
1170.68 1027.62
1170.36 1031.33
1167.54 1034.16
1164.54 1036.85
1161.91 1039.91
1159.66 1043.29
1158.07 1047.02
1155.59 1050.17
1154.48 1053.88
1154.34 1057.84
1153.36 1061.72
1153.41 1065.71
1154.94 1069.23
1158.65 1070.53
1162.69 1070.45
1166.58 1069.04
1170.43 1067.35
1174.24 1065.62
1177.96 1063.74
1181.8 1062.42
1185.7 1061.2
1189.63 1060.06
1193.5 1058.7
1197.56 1058.45
1201.67 1058.11
1205.48 1059.55
1209.13 1061.41
1212.66 1063.48
1216.08 1065.69
1218.67 1068.99
1222.48 1070.92
1224.47 1074.24
1224.38 1078.15
1222.39 1081.8
1221.28 1085.67
1221.48 1089.9
1219.93 1093.61
1216.81 1096.37
1213.61 1099.01
1212.74 1103.32
1209.21 1105.38
1205.89 1107.63
1203.43 1110.82
1201.27 1114.29
1198.84 1117.49
1195.33 1119.69
1191.45 1121.51
1187.41 1123.12
1183.47 1124.94
1179.62 1126.82
1176.12 1129.44
1171.85 1129.56
1167.75 1130.64
1163.64 1131.59
1159.7 1133.47
1155.43 1133.5
1151.15 1133.52
1147.1 1135.22
1142.88 1135.69
1138.76 1136.53
1134.66 1137.53
1130.83 1139.4
1127.06 1141.43
1122.85 1141.49
1118.64 1141.56
1115.27 1144.05
1112.3 1147.36
1107.75 1147.95
1105.03 1151.29
1102.21 1154.39
1099.6 1157.76
1095.94 1159.57
1091.84 1159.51
1087.72 1159.46
1083.64 1158.53
1079.58 1159.24
1075.55 1159.49
1071.55 1159.82
1067.64 1160.76
1063.97 1162.48
1060.31 1164.16
1056.62 1165.83
1053.26 1168.18
1049.89 1170.47
1046.57 1172.84
1043.71 1175.7
1041.44 1179.05
1039.09 1182.33
1036.86 1185.7
1035.43 1189.39
1033.8 1192.98
1032.44 1196.67
1031.52 1200.46
1032.19 1204.29
1032.74 1208.09
1034.11 1211.67
1036.71 1214.47
1040.37 1215.53
1044.2 1215.42
1047.49 1213.15
1050.97 1211.46
1054.67 1210.92
1057.56 1213.04
1057.73 1216.63
1055.63 1219.91
1053.83 1223.33
1051.62 1226.48
1049.53 1229.73
1047.59 1233.08
1046.44 1236.78
1045.21 1240.5
1044.09 1244.29
1043.48 1248.23
1042.52 1252.15
1042.52 1256.11
1043.53 1260.01
1044.79 1263.84
1047.85 1266.39
1051.85 1266.39
1055.76 1264.77
1059.86 1263.43
1063.52 1261.17
1067 1258.59
1070.71 1256.52
1074.49 1254.51
1078.2 1252.4
1081.94 1250.34
1085.63 1248.23
1089.36 1246.26
1093.23 1244.73
1097.04 1246.17
1100.41 1248.74
1104.11 1250.68
1107.87 1252.6
1111.73 1254.24
1116.08 1254.62
1119.58 1256.62
1120.24 1260.68
1119.45 1264.88
1118.41 1269.05
1116.33 1272.88
1114.6 1276.8
1114.48 1280.95
1115.74 1284.85
1118.92 1287.59
1122.58 1289.52

