CONTOUR

1

1436

1168.24 1219.4
1171.69 1217.75
1174.53 1214.98
1176.9 1211.74
1179.52 1208.59
1181.66 1205.1
1181.88 1200.79
1183.38 1196.87
1185.3 1193.13
1187.76 1189.74
1190.96 1187.13
1195.08 1186.56
1199.33 1186.8
1203.57 1186.77
1207.62 1185.56
1211.58 1183.98
1215.78 1183.14
1219.54 1181.16
1223.16 1178.92
1227.09 1177.33
1231.15 1176.09
1235.26 1176.05
1238.31 1178.66
1239.46 1182.75
1240.45 1186.82
1241.48 1190.8
1242.28 1194.82
1242.74 1198.89
1244.67 1202.43
1247.78 1205.04
1251.52 1206.48
1255.49 1205.61
1259.28 1204.22
1261.42 1200.7
1263.41 1197.07
1264.63 1193.2
1265.57 1189.2
1266.59 1185.15
1267.53 1181.02
1268.52 1176.85
1269.63 1172.72
1271.52 1168.97
1275.69 1167.4
1279.42 1165.01
1282.53 1161.83
1286.31 1159.54
1289.4 1156.58
1291.45 1152.92
1291.49 1148.73
1291.5 1144.54
1291.51 1140.36
1291.49 1136.17
1291.48 1131.98
1290.56 1127.87
1289.43 1123.87
1288.28 1119.85
1287.39 1115.8
1286.53 1111.72
1286.23 1107.52
1284.85 1103.53
1283.41 1099.58
1281.58 1095.74
1279.89 1091.81
1278.47 1087.9
1276.7 1084.13
1275.58 1080.25
1274.55 1076.38
1274.59 1072.35
1274.29 1068.35
1273.51 1064.4
1272.53 1060.48
1271.52 1056.58
1271.09 1052.55
1269.6 1048.77
1268.56 1044.94
1267.52 1041.16
1267.51 1037.25
1267.46 1033.37
1266.51 1029.52
1266.3 1025.58
1266.42 1021.58
1266.44 1017.68
1266.7 1013.72
1267.49 1009.71
1267.61 1005.6
1269.32 1001.75
1269.4 997.722
1269.25 993.602
1269.5 989.565
1269.51 985.527
1270.18 981.572
1271.44 977.731
1271.48 973.771
1271.78 969.894
1273.43 966.193
1273.54 962.206
1274.47 958.312
1274.52 954.343
1275.46 950.458
1275.7 946.463
1277.42 942.731
1277.55 938.607
1278.48 934.619
1279.51 930.677
1281.37 927.042
1281.51 923.04
1281.5 919.019
1281.53 914.974
1282.47 910.965
1282.45 906.994
1281.54 902.957
1282.46 898.928
1282.52 894.917
1282.5 890.905
1282.38 886.833
1282.54 882.764
1283.45 878.665
1282.56 874.506
1283.47 870.434
1283.64 866.337
1284.51 862.26
1284.5 858.112
1283.54 853.937
1283.5 849.641
1282.52 845.524
1281.46 841.462
1279.54 837.716
1277.68 834.043
1276.23 830.096
1274.61 826.191
1273.05 822.266
1271 818.431
1267.9 815.256
1265.22 811.779
1261.39 809.584
1258.5 806.542
1257.51 802.476
1257.5 798.245
1257.5 794.012
1258.09 789.866
1260.37 786.422
1263.22 783.269
1263.55 778.989
1265.44 775.278
1267.5 771.695
1269.42 768.028
1270.53 763.902
1271.88 759.847
1274.44 756.348
1275.49 752.274
1276.52 748.207
1277.53 744.11
1279.3 740.191
1279.68 735.928
1281.47 732.138
1281.54 727.983
1282.45 724.014
1283.5 720.085
1283.61 716.008
1284.53 711.989
1284.59 707.82
1285.47 703.776
1285.54 699.702
1286.48 695.733
1286.53 691.68
1287.46 687.707
1287.51 683.709
1287.52 679.699
1288.45 675.787
1289.51 671.935
1290.49 668.056
1290.52 664.071
1291.43 660.208
1292.49 656.395
1293.46 652.556
1294.51 648.772
1295.5 645.008
1295.52 641.098
1295.7 637.193
1296.46 633.21
1295.61 629.202
1296.18 625.22
1297.5 621.343
1298.48 617.426
1298.52 613.432
1298.51 609.411
1298.58 605.407
1299.51 601.424
1299.88 597.422
1299.52 593.451
1299.51 589.451
1299.52 585.453
1299.51 581.455
1298.71 577.576
1297.5 573.819
1296.48 569.975
1295.33 566.129
1295.56 562.051
1297.49 558.3
1299.47 554.528
1301.44 550.748
1303.42 546.932
1305.4 543.163
1307.4 539.353
1309.45 535.562
1310.51 531.381
1311.55 527.199
1313.33 523.254
1315.23 519.361
1316.39 515.216
1317.52 511.091
1319.32 507.193
1321.23 503.442
1322.66 499.549
1323.51 495.419
1324.49 491.288
1325.43 487.169
1327.28 483.363
1329.02 479.598
1329.5 475.617
1329.53 471.56
1330.46 467.576
1330.51 463.556
1330.52 459.54
1331.05 455.559
1331.5 451.625
1331.28 447.687
1330.53 443.812
1330.52 439.856
1330.25 435.894
1330.42 431.886
1330.51 427.932
1330.51 423.979
1330.51 420.02
1330.46 416.058
1329.53 412.078
1330.6 408.392
1333.43 405.523
1335.38 402.304
1332.79 399.226
1331.51 395.495
1331.5 391.517
1331.52 387.513
1332.48 383.568
1333.3 379.641
1333.5 375.654
1333.8 371.677
1334.45 367.683
1334.5 363.6
1334.5 359.562
1334.51 355.526
1334.5 351.473
1335.27 347.488
1335.5 343.54
1335.13 339.574
1335.5 335.514
1335.51 331.456
1335.51 327.399
1335.52 323.324
1335.59 319.248
1335.55 315.069
1336.45 310.999
1337.37 306.98
1337.54 302.841
1338.46 298.828
1339.48 294.832
1340.47 290.846
1341.48 286.893
1342.73 282.965
1343.53 278.917
1344.66 274.92
1345.6 270.835
1347.47 266.964
1348.71 262.841
1350.27 258.801
1351.85 254.827
1353.49 250.954
1355.34 247.166
1356.47 243.024
1358.1 239.11
1359.52 234.997
1360.83 230.822
1363.35 227.096
1364.73 222.855
1367.52 219.428
1369.35 215.482
1371.47 211.741
1373.5 207.907
1375.06 203.82
1377.48 200.118
1379.59 196.28
1381.9 192.568
1383.93 188.677
1387.02 185.5
1389.57 181.973
1392.13 178.464
1394.6 174.84
1397.49 171.551
1400.48 168.385
1403.55 165.295
1407.38 163.167
1410.97 160.572
1414.74 158.472
1418.53 156.541
1422.63 155.47
1426.71 154.491
1430.8 153.512
1434.8 154.546
1438.54 156.382
1442.05 158.516
1445.38 160.938
1447.72 164.315
1450.17 167.697
1451.46 171.699
1452.4 175.761
1454.2 179.64
1455.5 183.672
1456.5 187.81
1457.42 191.937
1457.59 196.13
1458.51 200.27
1459.5 204.42
1460.48 208.591
1461.44 212.736
1461.51 216.965
1462.48 221.103
1463.42 225.216
1464.62 229.103
1467.33 231.956
1471.19 233.589
1475.33 234.486
1479.42 233.488
1483.05 231.328
1484.61 227.479
1485.57 223.326
1486.51 219.172
1487.49 214.999
1487.53 210.712
1488.26 206.481
1488.49 202.229
1487.6 198.007
1487.77 193.787
1488.5 189.516
1488.49 185.214
1487.94 180.926
1487.52 176.634
1487.42 172.357
1486.48 168.129
1485.52 163.84
1484.97 159.507
1483.43 155.438
1481.49 151.515
1479.55 147.569
1477.57 143.652
1475.41 139.86
1472.85 136.39
1469.92 133.205
1467.3 129.833
1463.93 127.234
1461.41 123.825
1457.74 121.647
1454.5 118.996
1451.01 116.574
1447.27 114.635
1443.59 112.52
1439.49 111.393
1435.64 109.515
1431.56 108.592
1427.51 107.882
1423.38 108.038
1419.21 108.463
1415.01 108.468
1410.97 109.547
1407.12 111.254
1402.8 111.533
1398.86 113.331
1394.44 113.535
1390.77 115.527
1387.39 118.045
1383.42 119.464
1379.57 121.025
1376.77 124.259
1372.65 124.563
1369.09 126.303
1365.76 128.365
1362.44 130.351
1359.7 133.02
1356.81 135.482
1353.58 137.5
1351.51 140.722
1348.98 143.406
1344.88 143.8
1343.46 147.426
1341.13 150.472
1337.48 152.221
1335.43 155.716
1332.68 158.701
1329.5 161.247
1327.06 164.422
1325.37 168.169
1323.35 171.823
1321.42 175.515
1319.45 179.219
1317.89 183.212
1313.99 185.313
1312.53 188.959
1312.29 193.05
1310.99 196.862
1308.76 200.242
1306.26 203.411
1304.52 207.046
1304.12 211.204
1301.55 214.735
1301.36 219.113
1298.37 221.936
1295.53 224.815
1293 227.946
1290.9 231.414
1290.4 235.263
1292.19 238.992
1293.47 242.773
1292.47 246.593
1290.08 249.819
1286.66 252.275
1285.46 256.015
1286.46 260.077
1286.36 264.055
1283.61 267.517
1283.51 271.834
1281.48 275.488
1279.98 279.323
1280.42 283.495
1279.71 287.538
1278.47 291.472
1275.83 294.698
1274.43 298.478
1273.52 302.445
1274.45 306.476
1272.83 310.161
1271.51 314.024
1271.51 318.122
1271.5 322.251
1269.05 325.429
1265.72 327.944
1263.57 331.526
1261.57 335.111
1260.37 339.126
1258.44 342.866
1256.38 346.441
1253.71 349.551
1250.72 352.327
1247.22 354.363
1243.48 355.254
1242.49 351.308
1241.87 347.108
1240.48 343.126
1238.16 339.567
1235.57 336.158
1235.35 331.909
1234.37 327.825
1231.92 324.437
1228.56 321.897
1225.54 319.223
1225.38 315.099
1224.55 311.027
1224.51 306.828
1223.51 302.863
1221.1 299.587
1217.45 297.524
1213.85 295.41
1213.49 291.473
1213.51 287.437
1213.51 283.401
1213.05 279.419
1211.41 275.65
1209.41 272.027
1206.34 269.364
1202.69 267.376
1199.59 264.81
1199.49 260.813
1199.51 256.765
1199.52 252.694
1199.5 248.617
1198.65 244.613
1197.55 240.679
1195.72 237.049
1193.42 233.8
1190.22 231.379
1186.5 229.526
1182.41 228.335
1180.65 224.732
1179.61 220.7
1178.6 216.641
1177.52 212.573
1175.52 208.892
1172.61 205.854
1169.2 203.467
1165.14 202.485
1160.92 202.51
1156.64 203.378
1153.29 200.817
1150.15 197.903
1146.5 195.782
1142.46 194.688
1138.27 194.475
1134.09 194.557
1130.6 196.654
1127.78 199.755
1125.17 203.07
1121.34 201.679
1117.63 199.538
1113.59 198.417
1109.41 198.412
1105.58 199.848
1102.98 203.185
1101.29 207.336
1098.39 210.551
1094.02 211.364
1089.47 211.504
1085.4 213.283
1081.78 215.777
1079.49 219.557
1077.65 223.655
1075.65 227.625
1073.53 231.509
1071.65 235.466
1067.85 237.601
1063.89 239.591
1060.36 242.159
1056.75 244.578
1053.84 247.743
1051.94 251.559
1050.12 255.437
1047.59 259.044
1046.48 263.157
1045.51 267.273
1045.05 271.454
1044.47 275.607
1043.5 279.711
1042.48 283.783
1040.46 287.383
1037.42 290.19
1035.5 293.749
1033.72 297.375
1031.41 300.714
1029.53 304.328
1028.5 308.319
1027.51 312.309
1027.48 316.44
1026.33 320.346
1023.75 323.567
1020.99 326.671
1019.11 330.36
1017.2 334.063
1014.66 337.368
1013.41 341.325
1011.69 345.17
1010.98 349.255
1009.73 353.208
1009.5 357.299
1009.5 361.411
1009.5 365.518
1009.3 369.612
1008.49 373.684
1007.55 377.735
1007.34 381.857
1005.55 385.344
1001.87 386.195
1000.55 382.498
999.526 378.551
998.437 374.632
996.915 370.79
996.472 366.652
995.506 362.556
994.559 358.432
993.508 354.334
991.419 350.622
989.544 346.822
988.538 342.769
988.379 338.582
987.367 334.502
985.539 330.644
983.509 326.844
981.466 323.054
979.275 319.327
977.291 315.494
975.3 311.691
972.588 308.262
970.649 304.358
968.492 300.633
966.348 296.874
964.435 292.978
961.508 289.795
958.478 286.729
954.896 284.189
952.909 280.474
950.04 277.565
946.965 274.776
944.854 271.066
941.502 268.634
938.008 266.42
934.771 263.92
931.453 261.684
927.453 261.172
923.693 259.339
919.844 257.625
915.874 256.412
911.913 255.186
908.089 253.573
904.555 251.641
901.701 248.628
897.869 248.488
893.999 248.512
890.113 248.67
886.262 249.384
882.385 249.64
878.58 250.529
874.796 251.581
870.968 252.424
867.038 251.548
863.144 251.585
859.357 252.715
855.818 254.753
851.755 255.575
848.423 258.411
844.607 257.528
840.79 256.508
836.903 256.494
833.02 256.442
829.209 255.521
825.306 255.494
821.435 255.479
817.68 254.365
814.157 252.472
810.235 252.449
806.352 253.322
802.496 254.429
798.456 253.847
794.561 254.094
790.882 255.41
787.464 257.376
785.574 260.815
784.581 264.769
782.324 268.037
779.057 270.39
775.11 271.381
771.177 272.378
767.408 273.81
763.707 275.525
759.998 277.235
755.959 277.51
751.997 278.287
748.203 279.546
744.652 281.361
741.232 283.447
737.545 285.067
734.696 287.833
732.558 291.231
730.905 294.913
729.775 298.743
729.283 302.716
728.505 306.658
726.989 310.276
724.302 312.683
722.467 315.655
720.629 318.62
719.561 321.989
719.558 325.603
717.546 328.611
717.193 332.188
716.017 335.386
712.665 337.317
714.28 339.938
717.104 342.281
714.886 345.327
714.767 348.702
714.474 352.407
713.946 356.054
713.477 359.695
712.482 363.208
711.413 366.732
709.45 369.773
707.082 372.497
703.265 373.7
701.265 377.044
698.723 379.964
697.301 383.647
694.037 385.473
690.299 386.527
687.561 389.128
685.684 392.445
683.372 395.567
679.971 397.915
677.083 400.542
674.045 402.981
671.26 405.69
667.901 407.654
664.282 409.265
660.868 411.343
657.724 413.835
654.198 415.583
651.632 418.764
648.207 420.735
645.556 423.873
643.554 427.475
640.201 429.555
636.908 431.653
634.452 434.984
631.108 437.456
628.702 440.651
628.687 444.563
630.195 448.521
629.424 452.526
628.442 456.526
627.507 460.594
627.44 464.747
627.339 468.974
627.214 473.223
627.388 477.463
628.424 481.494
631.199 484.626
634.879 486.607
639.031 487.509
643.186 488.546
646.913 490.543
649.338 494.097
651.413 497.889
653.911 501.343
657.377 503.996
658.487 508.002
658.548 512.269
658.42 516.576
655.657 519.784
652.483 522.663
649.127 525.327
645.711 527.902
643.305 531.509
640.788 535.159
641.459 539.504
642.717 543.709
644.883 547.451
647.5 550.794
650.367 553.801
653.108 556.941
656.199 559.56
659.545 561.968
663.262 563.889
666.939 565.938
670.857 567.5
674.931 568.472
679.055 568.696
683.201 569.385
687.367 569.306
691.492 568.522
695.611 567.938
699.753 567.488
703.873 566.509
707.992 565.477
711.837 563.571
715.591 561.402
719.353 559.196
722.897 556.498
726.287 553.674
729.65 551.036
732.98 548.479
735.975 545.534
739.428 542.941
742.646 539.824
746.055 536.945
749.304 533.927
752.926 531.362
755.806 527.92
759.533 525.595
763.055 523.088
766.311 520.153
769.61 517.421
773.309 515.193
776.531 512.257
779.93 509.691
783.648 507.572
787.377 505.458
791.202 503.471
795.085 501.564
798.975 499.674
803.152 498.331
807.042 496.44
811.135 495.281
815.053 493.446
818.957 491.734
823.162 490.934
827.152 489.502
831.213 488.325
835.223 487.205
839.099 485.51
843.149 484.4
847.264 483.496
851.298 482.211
855.291 480.983
859.198 479.495
863.286 479.368
866.565 481.524
868.665 484.929
869.667 488.909
871.288 492.695
871.5 496.707
871.486 500.7
870.737 504.642
870.468 508.624
869.501 512.535
868.278 516.389
867.35 520.345
865.46 524.022
863.514 527.707
862.164 531.624
860.427 535.392
859.469 539.413
858.206 543.384
857.436 547.43
856.009 551.361
855.339 555.376
854.177 559.354
853.502 563.37
853.434 567.482
852.491 571.533
851.577 575.592
851.199 579.71
847.395 581.503
843.818 583.691
841.184 587.165
837.49 589.396
833.876 591.731
831.362 595.286
827.861 597.787
825.311 601.129
822.705 604.546
819.772 607.795
817.428 611.551
814.51 614.991
812.952 619.076
811.347 623.221
809.5 627.27
808.04 631.437
806.917 635.61
805.486 639.673
803.544 643.539
801.38 647.248
798.344 650.29
795.502 653.461
792.877 656.913
790.573 660.654
788.432 664.49
786.584 668.501
785.391 672.696
783.56 676.566
782.352 680.63
779.743 683.956
777.768 687.674
775.861 691.318
773.227 694.466
770.422 697.464
767.52 700.383
765.573 704.015
764.3 708.144
760.847 710.536
756.526 711.565
752.689 713.725
749.191 716.406
745.612 718.934
742.782 722.262
739.95 725.516
737.288 728.932
734.404 732.295
731.668 735.744
729.244 739.408
727.501 743.411
725.636 747.333
723.349 751.044
721.392 754.875
719.483 758.763
717.343 762.513
715.44 766.368
713.31 770.108
711.521 774.047
711.392 778.472
709.516 782.392
707.289 786.08
704.495 789.411
702.288 793.121
699.514 796.457
697.343 800.18
694.405 803.507
691.646 806.95
689.619 810.696
687.702 814.436
685.576 817.944
683.035 821.254
679.657 823.83
676.498 826.699
673.624 829.826
671.391 833.506
667.794 835.935
665.057 839.295
661.911 842.542
659.795 846.389
657.62 850.152
656.368 854.314
653.739 857.746
651.527 861.407
651.445 865.83
649.596 869.793
647.923 873.769
645.56 877.186
644.387 881.038
643.252 884.94
641.444 888.671
639.539 892.401
637.523 896.053
635.515 899.848
635.056 904.184
633.364 908.059
631.024 911.608
629.812 915.717
627.343 919.019
623.632 920.812
620.33 923.123
617.089 925.424
613.764 927.726
611.335 931.082
608.257 933.665
605.747 936.706
603.66 940.07
603.48 944.055
603.496 948.047
604.825 951.837
606.457 955.517
605.417 959.335
603.557 963.029
603.382 967.175
600.582 970.585
599.617 974.544
599.397 978.64
598.501 982.713
598.524 986.858
599.419 991.03
599.509 995.245
600.569 999.289
601.53 1003.38
602.798 1007.45
603.531 1011.67
605.209 1015.67
607.404 1019.53
609.645 1023.34
612.362 1026.76
615.371 1029.95
618.486 1033.11
622.119 1035.53
626.028 1037.48
630.142 1038.83
634.164 1040.36
638.329 1040.84
642.049 1039.38
643.515 1035.55
643.484 1031.44
641.281 1027.86
638.381 1024.74
635.57 1021.56
633.608 1017.81
631.805 1014
631.373 1009.85
631.264 1005.57
631.306 1001.29
631.495 997.065
631.551 992.856
633.536 989.312
637.299 987.516
641.42 986.456
644.649 983.783
647.612 980.782
650.247 977.542
652.546 974.017
655.078 970.572
657.391 967.137
658.559 963.134
659.509 959.037
660.507 954.941
660.566 950.742
660.488 946.544
660.468 942.345
663.296 939.183
665.163 935.509
667.272 932.089
669.101 928.518
670.6 924.958
672.194 921.451
673.756 917.858
675.557 914.194
677.791 910.812
681.42 909.503
685.301 909.995
689.084 911.569
693.105 912.547
697.295 913.109
700.986 914.714
703.948 917.514
707.145 920.179
709.911 923.294
713.429 925.538
717.035 927.695
719.782 931.147
723.512 933.345
727.39 935.203
731.289 934.503
733.483 931.194
733.473 927.222
731.278 923.579
729.196 919.794
725.976 916.833
723.726 913.182
721.433 909.604
719.353 905.898
717.527 902.046
717.498 897.802
717.507 893.548
717.491 889.297
716.5 885.144
715.491 880.997
713.259 877.414
710.09 874.508
707.036 871.56
704.931 867.818
703.339 863.824
701.592 860.035
703.537 856.582
706.614 853.786
710.101 851.427
713.428 849.013
716.53 845.961
719.634 842.991
723.42 841.163
727.338 839.275
731.202 837.347
735.049 835.31
738.779 833.231
742.136 830.46
745.09 827.245
748.249 824.381
751.625 821.888
755.363 820.061
757.898 816.699
760.459 813.41
763.043 810.165
765.503 806.875
767.511 803.062
769.969 799.524
771.491 795.748
772.669 791.88
774.517 788.402
776.457 784.955
778.64 781.582
781.126 778.437
783.44 775.086
785.776 771.587
787.665 767.773
790.313 764.361
792.812 760.793
794.408 756.66
797.19 753.444
801.084 751.375
804.694 748.858
808.545 746.676
811.811 743.725
815.391 741.226
818.801 738.626
821.804 735.635
824.918 732.62
828.143 729.728
830.596 726.256
833.4 723.02
836.059 719.505
839.259 716.306
841.513 712.42
843.941 708.756
846.994 705.644
850.741 707.404
852.802 711.467
855.401 715.132
856.783 719.349
859.439 722.875
862.032 726.383
865.269 729.282
868.616 732.014
871.726 735.12
875.381 737.419
879.263 739.333
883.312 740.657
887.198 742.383
891.171 743.468
895.284 743.651
899.323 744.527
903.379 745.508
907.457 746.376
911.553 746.853
915.679 747.515
919.818 748.492
923.999 749.1
928.183 749.558
931.508 751.992
933.574 755.84
935.946 759.532
938.157 763.353
940.754 767.067
942.205 768.76
943.657 770.454
946.519 773.892
949.648 777.117
953.142 779.862
955.933 783.322
959.467 785.992
962.731 788.911
966.156 791.662
969.758 794.24
973.663 796.376
977.191 799.271
981.323 800.764
985.285 802.77
989.223 804.933
992.899 807.422
996.694 809.405
1000.38 811.57
1003.76 814.334
1007.68 816.302
1011.37 818.743
1014.32 821.941
1015.46 826.226
1015.63 830.711
1017.45 834.737
1019.15 838.73
1019.49 842.855
1019.62 847.035
1020.48 851.206
1020.58 855.444
1021.46 859.629
1021.51 863.818
1021.47 868.008
1019.66 871.866
1018.57 876.015
1016.18 879.35
1012.61 881.35
1009.82 884.085
1008.51 887.744
1008.52 891.616
1009.84 895.297
1012.47 898.514
1013.05 902.202
1009.8 904.44
1005.82 905.801
1002.13 907.729
999.328 911.046
995.56 912.535
991.565 913.482
987.465 913.878
983.567 915.49
979.524 916.596
975.391 917.508
971.425 919.057
967.572 920.848
963.561 921.5
959.469 921.499
955.365 921.495
951.259 921.486
947.133 921.509
943.032 922.438
938.881 922.521
934.791 923.461
930.569 923.693
927.566 926.763
924.646 929.818
921.199 932.448
918.524 935.862
915.17 938.424
911.078 939.558
907.287 941.219
903.502 942.99
900.062 945.327
896.512 947.567
893.248 950.269
890.234 953.261
887.225 956.22
884.355 959.314
881.76 962.673
879.404 966.282
876.707 969.734
874.722 973.631
872.758 977.539
871.045 981.512
869.781 985.594
870.239 989.816
871.084 994.068
871.716 998.3
873.328 1002.18
877.461 1002.52
881.675 1001.58
885.506 999.692
887.695 995.746
890.831 992.781
894.479 990.519
898.214 988.448
901.881 986.303
905.74 984.518
909.835 983.287
913.809 981.526
917.842 980.583
920.012 983.795
917.739 987.374
915.574 991.044
913.582 994.801
911.761 998.686
911.295 1002.97
910.404 1007.2
909.389 1011.42
907.608 1015.48
907.471 1019.78
907.447 1024.12
907.487 1028.41
907.502 1032.69
908.502 1036.83
910.712 1040.46
914.348 1042.41
918.615 1041.66
922.481 1039.63
924.73 1035.78
927.049 1031.97
930.215 1028.94
933.201 1025.76
936.469 1022.84
939.637 1019.79
942.752 1016.77
946.454 1014.66
950.561 1014.66
954.046 1017.22
957.334 1020.07
960.942 1022.41
965.101 1023.32
969.391 1022.56
973.711 1022.04
977.873 1020.81
982.03 1019.5
986.001 1020.13
986.57 1024.13
985.599 1028.23
983.645 1032.06
982.577 1036.08
982.487 1040.22
982.704 1044.29
985.196 1047.61
987.246 1050.93
988.941 1054.49
991.586 1057.27
994.769 1059.61
998.197 1061.47
1001.95 1060.67
1005.5 1059.01
1007.18 1055.53
1005.63 1051.5
1005.49 1047.41
1005.54 1043.32
1007.07 1039.43
1008.19 1035.39
1011.48 1032.92
1015.06 1030.87
1019.16 1031.45
1023.17 1032.61
1027.22 1033.52
1031.26 1034.32
1035.04 1032.8
1038.55 1030.62
1042.32 1028.94
1045.01 1025.83
1047.86 1022.9
1051.19 1020.48
1054.2 1017.73
1056.7 1014.53
1059.46 1011.55
1061.36 1008.02
1063.26 1004.5
1065.91 1001.89
1068.44 1004.44
1068.51 1008.33
1068.39 1012.27
1067.52 1016.13
1066.2 1019.9
1064.45 1023.48
1062.26 1026.79
1060.65 1030.38
1059.65 1034.2
1059.52 1038.12
1060.25 1041.97
1061.87 1045.51
1065.32 1047.89
1067.47 1051.3
1068.09 1055.31
1068.41 1059.31
1068.55 1063.37
1069.48 1067.35
1069.51 1071.43
1070.17 1075.46
1070.49 1079.5
1070.49 1083.55
1071.12 1087.59
1071.48 1091.72
1071.51 1095.85
1072.52 1099.88
1073.5 1103.97
1074.62 1108
1076.78 1111.51
1080.65 1112.4
1084.3 1110.37
1087.24 1107.3
1089.15 1103.52
1090.5 1099.58
1091.51 1095.47
1092.53 1091.36
1093.43 1087.21
1093.58 1083
1094.39 1078.8
1094.54 1074.58
1095.47 1070.44
1095.51 1066.23
1095.5 1062.01
1095.49 1057.79
1095.53 1053.58
1097.62 1050
1100.96 1047.24
1103.41 1043.8
1104.56 1039.78
1105.48 1035.68
1105.5 1031.53
1105.13 1027.36
1104.58 1023.2
1104.73 1019.01
1105.45 1014.83
1105.49 1010.65
1105.51 1006.47
1106.97 1002.67
1109.78 999.748
1113.25 997.644
1117.26 997.486
1121.27 997.771
1124.91 999.518
1128.45 1001.53
1132.04 1003.47
1135.57 1005.53
1139.04 1007.79
1141.79 1011.01
1145.14 1013.53
1146.62 1017.14
1146.46 1021.14
1146.49 1025.18
1147.24 1029.17
1147.52 1033.15
1148.11 1037.12
1148.61 1041.2
1147.41 1045.09
1145.89 1048.98
1145.24 1053.1
1143.42 1056.96
1141.52 1060.91
1139.59 1064.86
1137.9 1068.87
1137.06 1073.11
1134.35 1076.31
1131.29 1079.25
1127.81 1081.75
1125.5 1085.18
1123.33 1088.68
1120.34 1091.44
1116.74 1093.46
1114.44 1096.63
1113.46 1100.63
1111.55 1104.3
1109.57 1107.97
1107.66 1111.78
1106.41 1115.91
1104.11 1119.52
1101.36 1122.62
1098.2 1125.36
1094.7 1127.69
1091.79 1130.65
1089.51 1134.1
1086.99 1137.48
1085.3 1141.21
1083.59 1144.88
1082.36 1148.76
1081.38 1152.72
1080.47 1156.76
1079.5 1160.84
1078.56 1164.92
1078.49 1169.11
1078.51 1173.29
1079.38 1177.41
1079.53 1181.55
1080.81 1185.47
1083.14 1188.78
1086.7 1190.48
1090.58 1189.6
1093.87 1187.09
1096.68 1183.88
1099.75 1181.01
1102.84 1178.18
1106.13 1175.64
1109.42 1173.14
1112.78 1170.8
1116.64 1169.79
1120.65 1170.51
1124.67 1171.12
1128.66 1170.66
1132.63 1170.28
1136.57 1169.94
1140.49 1169.71
1144.38 1169.4
1148.22 1168.86
1151.97 1169.19
1154.48 1171.77
1154.67 1175.64
1155.32 1179.47
1155.49 1183.33
1155.51 1187.21
1155.7 1191.07
1156.41 1194.88
1156.5 1198.72
1156.57 1202.57
1157.48 1206.37
1157.87 1210.3
1159.31 1213.9
1161.48 1217.06
1164.55 1219.25

