CONTOUR

1

1295

1087.22 1155.52
1091.35 1155.54
1095.2 1154.3
1097.48 1150.93
1098.54 1146.87
1098.12 1142.71
1096.62 1138.67
1095.7 1134.55
1097.16 1130.68
1100.01 1127.65
1103.94 1126.29
1108.18 1126.33
1112.4 1127.15
1116.69 1127.26
1120.98 1127.51
1125.21 1127.11
1129.08 1125.37
1132.59 1122.82
1136.48 1121.07
1140.74 1120.48
1144.99 1119.73
1149.26 1119.12
1153.44 1117.94
1157.66 1118.01
1161.25 1120.18
1163.93 1123.54
1166.46 1126.93
1169.48 1129.85
1172.38 1132.89
1175.39 1135.8
1178.51 1138.66
1181.73 1141.42
1185.42 1143.52
1189.48 1144.52
1193.4 1143.55
1195.79 1140.22
1197.41 1136.38
1197.54 1132.22
1197.55 1128.03
1197.49 1123.82
1196.57 1119.66
1196.48 1115.38
1194.78 1111.45
1193.1 1107.5
1192.26 1103.28
1191.13 1099.16
1189.27 1095.29
1187.42 1091.39
1187.14 1087.31
1190.15 1084.48
1194 1082.78
1198.11 1082.53
1202.16 1083.71
1205.93 1085.73
1209.81 1087.65
1213.16 1090.48
1216.74 1092.94
1220.29 1095.44
1223.54 1098.38
1227.19 1100.77
1230.64 1103.41
1234.37 1105.43
1238.4 1105.13
1241.27 1102.17
1241.79 1097.91
1241.52 1093.52
1241.51 1089.15
1241.51 1084.76
1241.5 1080.38
1240.47 1076.14
1238.68 1072.1
1237.35 1067.85
1235.46 1063.88
1232.89 1060.29
1230.69 1056.54
1227.83 1053.29
1225.3 1049.81
1222.29 1046.72
1219.08 1043.9
1215.59 1041.47
1211.85 1039.38
1208.09 1037.48
1204.28 1035.7
1200.49 1033.78
1197.07 1031.22
1193.25 1029.13
1189.16 1027.51
1185.22 1025.52
1181.26 1023.72
1177.38 1021.92
1173.95 1019.49
1169.96 1018.27
1165.83 1017.48
1162.03 1015.6
1158.29 1013.84
1154.15 1013.46
1150.48 1011.55
1146.83 1009.48
1143.14 1007.56
1138.88 1007.46
1135.45 1005.09
1131.6 1003.5
1127.49 1002.4
1123.85 1000.36
1121.44 996.831
1117.9 994.739
1113.94 993.317
1111.19 990.322
1109.21 986.66
1107.3 982.895
1104.58 979.536
1102.08 975.975
1099.14 972.876
1095.72 970.365
1092.72 967.451
1092.44 963.284
1091.47 959.229
1090.48 955.182
1089.54 951.054
1091.55 947.281
1093.37 943.483
1092.26 939.423
1091.4 935.361
1089.43 931.646
1086.62 928.37
1085.37 924.343
1085.5 920.125
1085.53 915.891
1086.01 911.668
1086.52 907.544
1086.53 903.368
1087.2 899.29
1087.69 895.229
1089.6 891.431
1090.53 887.295
1091.27 883.114
1091.51 878.837
1092.54 874.704
1093.55 870.545
1095.49 866.675
1097.63 862.895
1100.43 859.664
1103.07 856.325
1105.36 852.813
1107.6 849.363
1109.55 845.732
1111.39 841.989
1113.13 838.203
1114.54 834.322
1115.52 830.256
1116.44 826.126
1116.59 821.958
1117.44 817.877
1118.45 813.899
1118.47 809.797
1118.48 805.699
1118.45 801.602
1118.44 797.503
1119.39 793.532
1119.51 789.557
1119.55 785.581
1119.49 781.552
1118.46 777.629
1117.45 773.716
1116.6 769.819
1120.35 770.653
1123.11 773.595
1125.63 776.755
1128.54 779.634
1131.69 782.325
1134.81 785.092
1137.95 787.907
1141.73 789.734
1145.51 791.579
1148.4 794.738
1151.74 797.283
1155.46 799.241
1159.24 800.938
1162.25 803.667
1165.39 806.319
1169.15 808.134
1171.93 811.27
1175.3 813.715
1178.84 815.871
1182.03 818.708
1185.07 821.81
1187.24 825.395
1189.5 828.828
1192.29 831.797
1194.54 835.251
1196.83 838.685
1197.51 842.804
1198.45 846.87
1198.5 850.961
1198.59 855.052
1199.47 859.139
1199.59 863.291
1200.49 867.413
1201.28 871.537
1201.57 875.641
1202.9 879.611
1203.51 883.861
1204.46 888.099
1205.4 892.28
1206.23 896.383
1207.53 900.33
1209.43 904.093
1210.48 908.178
1209.55 912.265
1207.67 916.14
1205.65 919.825
1203.79 923.6
1202.53 927.566
1201.51 931.538
1201.49 935.587
1201.52 939.647
1202.28 943.63
1203.53 947.474
1205.96 950.707
1209.01 953.582
1210.48 957.371
1210.5 961.541
1210.49 965.72
1210.35 969.898
1209.51 974.051
1209.39 978.254
1208.46 982.388
1207.51 986.558
1207.49 990.803
1207.49 995.061
1207.5 999.31
1208.22 1003.48
1209.73 1007.29
1213.2 1008.95
1216.99 1007.55
1220.27 1005.29
1221.56 1001.36
1223.42 997.621
1225.36 993.994
1226.5 990.127
1227.52 986.204
1228.64 982.275
1229.53 978.219
1230.62 974.134
1231.58 969.982
1233.22 965.969
1233.52 961.683
1234.5 957.505
1235.41 953.3
1235.68 949.014
1238.48 945.829
1241.23 942.506
1242.48 938.547
1243.42 934.505
1243.51 930.36
1243.56 926.247
1244.42 922.166
1245.6 918.324
1249.35 917.222
1253.25 918.323
1257.05 919.7
1259.77 922.618
1262.56 925.521
1263.7 929.384
1264.47 933.451
1264.5 937.601
1264.49 941.752
1264.59 945.9
1265.56 949.969
1267.33 953.864
1269.23 957.747
1271.43 961.412
1273.69 964.949
1276.92 967.618
1280.78 969.454
1285.19 969.776
1287.31 973.327
1288.47 977.399
1289.53 981.493
1290.52 985.663
1291.48 989.879
1291.5 994.195
1291.51 998.515
1292.16 1002.83
1292.47 1007.12
1291.46 1011.32
1289.63 1015.31
1288.14 1019.29
1288.67 1023.28
1292.03 1025.46
1296.12 1025.54
1300.19 1024.73
1304.13 1023.49
1307.76 1021.52
1311.09 1018.99
1313.27 1015.41
1314.99 1011.62
1315.94 1007.61
1317.31 1003.74
1317.5 999.672
1317.5 995.593
1317.51 991.512
1317.44 987.445
1316.53 983.415
1315.54 979.398
1315.14 975.35
1313.94 971.357
1313.49 967.232
1312.46 963.173
1310.76 959.309
1309.68 955.255
1311.82 951.523
1313.49 947.628
1313.12 943.515
1311.39 939.535
1309.74 935.448
1307.56 931.686
1305.4 927.893
1303.49 924.011
1301.48 920.174
1299.51 916.453
1297.56 912.756
1299.6 909.567
1303.58 910.531
1307.45 912.149
1310.39 915.105
1311.5 919.222
1312.77 923.297
1314.9 926.926
1317.32 930.353
1319.86 933.714
1323.16 936.338
1327.35 937.476
1330.51 939.905
1331.5 943.84
1331.51 947.998
1331.4 952.149
1329.55 955.963
1327.64 959.759
1325.64 963.524
1323.34 967.115
1321.5 970.876
1321.52 974.932
1323.74 978.334
1327.72 979.512
1331.89 979.449
1335.84 977.688
1339.85 975.731
1344.1 974.472
1347.35 971.52
1350.55 968.526
1353.39 965.187
1355.51 961.376
1357.47 957.486
1358.8 953.387
1359.51 949.109
1359.51 944.741
1359.51 940.376
1359.5 936.021
1358.54 931.765
1357.58 927.539
1356.52 923.385
1356.96 919.109
1356.74 914.9
1354.85 911.084
1353.5 907.032
1351.65 903.216
1349.22 899.751
1345.67 897.289
1343.17 893.754
1339.74 891.066
1336.23 888.376
1332.83 885.638
1329.63 882.704
1326.42 879.711
1323.42 876.537
1320.04 873.724
1316.1 871.653
1312.27 869.5
1309.18 866.567
1305.7 864.065
1302.55 861.084
1299.04 858.557
1295.54 855.933
1293.36 852.148
1290.64 848.755
1287.42 845.81
1284.59 842.531
1281.38 839.671
1277.85 837.209
1275.11 833.804
1271.45 831.49
1268.64 828.308
1266.27 824.724
1263.24 821.71
1260.41 818.446
1257.41 815.371
1253.51 813.235
1250.27 810.227
1248.77 808.6
1247.28 806.973
1243.74 804.177
1241.42 800.238
1238.19 797.313
1235.49 793.966
1232.12 791.504
1228.5 789.419
1225.57 786.466
1222.89 783.328
1220.36 780.073
1217.13 777.573
1213.67 775.192
1211.33 771.658
1208.99 768.026
1205.71 765.293
1202.52 762.457
1199.41 759.579
1196.66 756.38
1193.76 753.257
1191.83 749.584
1189.68 746.144
1187.41 742.722
1185.44 739.101
1183.14 735.7
1179.83 733.105
1177.34 729.776
1175.04 726.331
1171.92 723.349
1168.8 720.415
1165.89 717.403
1164.61 713.639
1165.5 709.426
1164.55 705.514
1161.97 702.336
1158.68 699.658
1157.45 695.647
1155.39 692.026
1153.14 688.573
1151.41 684.678
1149.68 680.798
1148.39 676.785
1147.48 672.67
1145.6 668.948
1143.48 665.44
1141.46 661.847
1139.43 658.324
1136.81 655.176
1135.55 651.338
1135.51 647.255
1135.42 643.147
1134.51 639.036
1133.31 634.957
1131.63 631.017
1129.89 627
1127.85 623.177
1126.62 618.882
1124.02 615.293
1121.58 611.638
1119.41 607.866
1116.6 604.671
1113.58 601.707
1110.56 598.798
1107.9 595.387
1105.08 592.172
1101.82 589.319
1098.7 586.27
1095.08 583.677
1093.5 579.816
1095.28 575.869
1097.32 572.095
1098.45 567.986
1098.48 563.841
1097.53 559.664
1097.5 555.401
1096.64 551.236
1095.53 547.151
1094.69 543.066
1093.57 538.977
1092.52 534.922
1091.52 530.855
1090.59 526.846
1089.51 522.803
1088.57 518.766
1089.53 514.809
1091.91 511.446
1095.58 509.231
1099.33 507.19
1102.81 504.598
1106.34 502.206
1108.67 498.707
1109.52 494.553
1109.52 490.29
1109.51 486.017
1109.51 481.745
1109.44 477.473
1108.51 473.22
1107.51 468.991
1106.42 464.795
1105.27 460.604
1103.63 456.573
1102.44 452.411
1099.65 449.044
1097.49 445.276
1095.27 441.542
1093.19 437.763
1089.86 434.835
1087.68 431.229
1086 427.423
1085.52 423.408
1087.46 419.604
1087.33 415.615
1086.52 411.604
1086.48 407.552
1086.36 403.446
1085.53 399.368
1085.47 395.197
1083.87 391.308
1082.7 387.277
1081.5 383.264
1080.49 379.181
1078.76 375.312
1076.61 371.58
1075.19 367.557
1073.51 363.642
1072.1 359.611
1070.48 355.662
1069.18 351.587
1067.55 347.63
1065.45 343.906
1063.5 340.177
1062.53 336.126
1062.52 331.906
1062.75 327.725
1063.98 323.767
1065.46 319.899
1064.69 315.881
1064.49 311.877
1063.53 307.977
1062.53 304.112
1061.67 300.281
1059.94 296.833
1057.38 293.908
1054.05 292.027
1050.1 291.495
1046.52 289.908
1043.18 287.554
1040.11 284.66
1038.58 280.829
1037.42 276.921
1034.4 274.405
1030.79 272.576
1026.73 272.481
1022.66 272.262
1018.56 272.494
1014.5 272.527
1010.37 272.766
1006.23 273.556
1002.2 272.547
998.272 271.482
994.735 269.469
991.185 267.509
987.067 267.591
982.988 266.99
979.013 266.496
975.141 265.549
971.286 264.508
967.331 264.496
963.37 264.58
959.34 264.555
955.313 264.589
951.318 264.524
947.55 265.983
943.802 267.426
939.996 268.508
936.64 270.533
933.57 272.989
930.453 275.316
928.413 271.929
927.349 267.978
926.477 263.917
925.361 259.843
924.504 255.689
923.398 251.566
921.382 247.711
919.381 243.884
917.52 240.008
916.446 235.83
915.226 231.659
913.654 227.612
913.344 223.276
911.498 219.406
909.203 215.768
906.387 212.535
905.275 208.424
903.245 204.669
900.237 201.513
897.017 198.551
893.605 195.724
890.35 192.763
886.295 191.484
882.145 191.561
879.272 195.053
875.656 197.616
872.504 200.487
869.708 203.668
868.488 207.725
867.582 211.867
867.496 216.068
867.514 220.259
867.478 224.419
866.509 228.448
864.888 232.253
863.511 236.203
862.621 240.197
863.433 244.427
862.885 248.63
863.459 252.814
862.593 256.933
863.484 261.023
863.507 265.109
862.522 269.015
861.49 272.856
860.3 276.653
859.542 280.565
860.437 284.615
859.555 288.568
859.467 292.603
858.504 296.547
857.552 300.479
857.395 304.504
856.518 308.482
856.442 312.538
855.038 316.278
852.651 319.791
851.656 323.848
851.435 328.047
849.549 331.867
848.532 335.893
847.555 339.929
847.494 344.025
847.512 348.107
847.219 352.029
843.605 350.445
840.555 347.533
837.284 344.919
834.7 341.593
831.219 339.526
826.882 339.382
823.667 336.897
821.322 333.463
819.283 329.818
816.461 326.736
812.935 324.367
809.349 322.05
805.949 319.367
804.079 315.653
802.319 311.888
799.471 308.782
797.09 305.412
795.287 301.615
793.339 297.901
789.943 295.238
787.556 291.798
786.321 287.741
783.886 284.336
781.286 281.19
779.31 277.582
777.601 273.778
776.242 269.88
773.73 266.54
771.694 262.993
769.556 259.399
768.07 255.509
766.317 251.738
764.566 248.028
764.469 243.916
763.433 239.95
762.494 236.033
761.478 232.083
760.54 228.089
761.449 223.96
760.573 219.888
760.543 215.874
761.416 211.82
760.424 207.859
759.518 203.826
759.487 199.671
759.645 195.508
761.472 191.624
761.904 187.467
762.519 183.31
763.507 179.201
764.694 175.136
766.298 171.239
767.419 167.155
769.279 163.331
771.003 159.549
772.732 155.805
775.424 152.698
777.452 149.158
780.629 146.541
783.432 143.677
786.125 140.691
789.953 139.333
793.331 137.201
796.655 134.806
800.517 133.436
804.161 131.527
808.076 130.536
812.009 129.51
816.043 129.499
820.059 129.502
824.075 129.502
828.085 129.497
832.092 129.519
836.024 130.493
839.924 131.532
843.556 133.451
847.469 134.629
850.762 137.17
854.611 138.377
858.076 140.403
861.889 141.592
865.445 143.503
868.933 145.562
872.471 147.543
876.016 149.616
879.312 151.968
881.841 155.356
885.221 157.89
888.357 160.757
891.409 163.683
894.694 166.405
897.772 169.288
900.811 172.327
903.848 175.348
907.157 178.172
910.592 180.791
914.488 182.497
918.582 183.46
922.543 182.078
925.954 179.662
927.655 175.844
928.492 171.798
927.541 167.725
926.055 163.805
923.608 160.319
921.527 156.639
918.882 153.34
916.493 149.859
914.446 146.252
911.748 143.121
909.268 139.742
906.327 136.68
903.475 133.549
900.774 130.346
897.846 127.297
895.193 123.798
891.601 121.185
888.469 118.113
885.074 115.397
881.781 112.598
878.482 109.821
874.857 107.542
871.039 105.48
867.237 103.357
863.57 100.975
859.716 99.1056
855.821 97.2229
851.88 95.4878
847.997 93.6133
843.9 92.6182
839.808 91.5189
835.58 91.2705
831.541 89.7525
827.34 89.4814
823.245 88.645
819.134 87.5299
814.849 88.4507
810.662 87.5881
806.458 87.4765
802.28 87.4821
798.126 87.7202
794.17 89.3469
789.879 89.3677
786.108 91.1291
782.23 92.3885
778.365 93.5202
775.281 96.2291
771.698 98.1262
768.43 100.522
765.354 103.211
761.227 103.723
758.481 106.891
754.96 108.841
750.809 109.328
747.694 111.632
745.433 115.005
742.462 117.959
740.033 121.405
737.024 124.451
734.116 127.555
731.766 131.09
729.498 134.639
727.775 138.478
726.33 142.401
723.599 145.82
721.685 149.635
718.523 152.594
716.604 156.29
713.979 159.579
712.472 163.336
711.168 167.167
710.543 171.192
709.554 175.181
708.491 179.097
706.634 182.747
706.507 186.66
707.454 190.648
706.368 194.369
704.456 197.969
704.438 202.027
703.858 206.028
702.545 209.902
702.225 214.039
701.524 218.098
701.619 222.295
699.701 226.138
701.441 229.732
701.757 233.521
702.465 237.257
701.553 241.14
703.409 244.729
703.515 248.535
704.469 252.16
705.726 255.715
705.469 259.62
705.894 263.417
707.935 267.031
708.453 271.115
709.422 275.105
711.3 278.952
710.709 283.315
711.706 287.217
714.677 290.018
716.938 293.529
718.371 297.419
719.414 301.407
720.413 305.421
720.851 309.561
722.423 313.275
722.456 317.209
723.616 320.992
725.512 324.512
727.439 328.047
729.169 331.782
730.193 335.635
730.879 339.671
734.089 342.61
736.375 345.985
735.577 350.105
735.542 354.108
737.948 357.568
739.499 361.407
740.422 365.475
741.057 369.577
743.41 373.119
745.389 376.794
747.543 380.292
749.396 383.948
749.889 388.04
751.781 391.64
753.515 395.411
754.683 399.438
756.309 403.353
757.499 407.399
758.388 411.513
758.447 415.738
760.835 419.258
761.497 423.203
761.496 427.243
761.77 431.25
763.438 435.223
760.25 437.542
756.327 439.235
753.459 442.132
751.404 445.801
748.187 448.363
744.254 449.934
741.151 452.554
738.641 455.789
736.763 459.459
735.438 463.43
732.767 466.713
730.538 470.254
727.836 473.467
725.571 476.96
724.176 480.854
722.432 484.621
720.605 488.371
718.357 491.917
716.427 495.639
714.717 499.46
713.498 503.456
712.505 507.493
711.549 511.539
710.513 515.555
709.482 519.554
709.48 523.79
707.614 527.629
706.726 531.618
706.578 535.731
705.738 539.868
705.334 544.083
704.61 548.239
703.584 552.282
702.586 556.348
702.492 560.48
702.495 564.604
702.489 568.725
701.911 572.821
701.568 576.934
701.618 581.036
700.572 584.992
699.743 588.985
699.634 593.039
699.627 597.106
699.622 601.159
699.615 605.195
699.416 609.239
698.459 613.222
698.402 617.328
698.452 621.366
697.513 625.375
697.483 629.47
696.695 633.467
695.716 637.405
695.485 641.42
695.543 645.439
695.502 649.517
694.294 653.415
694.4 657.411
695.314 661.312
695.364 665.157
693.525 668.735
693.496 672.601
693.312 676.422
690.799 679.861
691.113 683.94
691.117 687.925
689.894 691.847
689.647 695.887
689.426 699.895
688.271 703.872
688.472 708.092
688.683 712.296
687.988 716.447
686.526 720.256
686.481 724.231
686.35 728.199
685.5 732.177
684.938 736.17
684.498 740.229
683.568 744.209
683.122 748.211
681.429 752.008
680.423 755.972
679.449 760.047
677.415 763.764
675.13 767.328
673.51 771.142
672.852 775.259
671.606 779.306
671.514 783.472
671.342 787.6
670.555 791.776
670.838 795.921
671.473 800.13
671.595 804.382
672.551 808.541
674.335 812.473
675.556 816.595
677.357 820.511
679.42 824.21
681.544 827.932
683.975 831.44
687.409 834.404
689.545 838.244
691.625 842.13
693.505 846.069
695.407 850.027
697.161 853.951
699.254 857.633
700.944 861.409
703.458 864.767
705.492 868.391
707.32 872.129
707.631 876.242
708.634 880.276
709.457 884.389
709.497 888.528
709.496 892.662
709.514 896.792
709.517 900.922
709.473 905.045
709.519 909.149
710.5 913.146
711.258 917.245
710.582 921.487
711.475 925.689
711.524 929.924
711.541 934.14
711.503 938.389
711.482 942.628
710.069 946.556
707.582 950.216
707.522 954.328
709.787 958.031
712.412 961.545
712.371 965.742
711.653 970.013
710.607 974.141
708.445 977.843
706.758 981.741
706.418 985.985
705.469 990.166
703.521 993.982
700.558 996.997
697.137 999.482
693.516 1001.71
689.606 1003.54
685.918 1005.91
682.029 1007.45
678.007 1008.45
674.551 1010.49
671.736 1013.41
669.145 1016.46
667.366 1020
665.655 1023.65
663.377 1027.08
661.415 1030.76
660.465 1034.78
659.592 1038.86
660.491 1042.95
661.486 1047.05
661.49 1051.19
660.307 1055.21
658.624 1059
657.518 1062.91
657.384 1066.96
656.503 1070.98
656.443 1075.07
656.29 1079.23
656.485 1083.32
656.681 1087.43
657.48 1091.54
657.593 1095.73
658.712 1099.8
660.304 1103.68
662.514 1107.24
665.874 1109.29
669.724 1108.51
673.033 1106.14
675.349 1102.75
676.392 1098.75
678.384 1095.24
681.141 1092.22
683.525 1089.37
684.645 1085.64
686.938 1082.5
689.275 1079.29
692.701 1077.7
696.254 1079.52
699.769 1081.59
703.744 1082.3
707.822 1081.87
711.856 1081.08
715.462 1078.93
719.35 1077.5
723.39 1076.54
727.457 1076.61
730.728 1078.91
732.343 1082.71
733.464 1086.74
735.373 1090.47
736.934 1094.28
738.35 1098.1
739.579 1101.97
741.448 1105.54
743.355 1109.09
744.52 1113.05
746.759 1116.32
749.58 1119.17
752.86 1121.32
756.739 1121.03
760.356 1119.71
760.787 1115.57
761.628 1111.52
762.514 1107.47
762.713 1103.37
762.591 1099.16
763.124 1094.98
764.13 1090.89
765.676 1087.03
768.967 1084.72
773.121 1084.7
777.324 1085.38
781.512 1085.28
785.227 1083.37
788.58 1080.72
792.222 1078.65
796.151 1079.05
798.507 1082.56
800.522 1086.41
803.679 1089.35
806.811 1092.34
809.788 1095.45
811.578 1099.26
811.949 1103.64
813.447 1107.64
815.24 1111.51
816.768 1115.47
818.501 1119.28
821.388 1122.22
823.47 1125.65
826.016 1128.84
829.134 1131.65
831.875 1134.89
835.72 1136.78
839.198 1139.25
843.113 1140.56
847.222 1141.53
851.405 1142.45
855.696 1141.56
859.987 1141.96
864.033 1141.46
867.301 1139.13
868.5 1135.34
867.45 1131.48
864.594 1128.37
861.394 1125.72
857.981 1123.53
854.4 1121.52
850.749 1119.58
847.478 1117.18
845.132 1113.74
842.516 1110.5
840.576 1106.8
839.511 1102.71
838.469 1098.62
837.5 1094.49
838.931 1090.57
842.151 1087.63
844.423 1084.08
845.707 1080.02
847.473 1076.14
847.523 1071.9
847.489 1067.64
847.83 1063.46
850.57 1060.79
853.958 1063.22
857.214 1065.87
860.53 1068.45
863.737 1071.2
867.292 1073.27
871.195 1074.61
875.2 1075.54
878.13 1078.14
879.177 1082.19
881.529 1085.29
884.33 1088.09
886.768 1091.42
890.051 1093.71
893.258 1095.98
896.04 1099
899.26 1101.78
902.654 1104.33
905.739 1107.31
909.334 1109.52
912.95 1111.58
916.441 1113.99
920.338 1115.66
924.486 1116.42
927.498 1113.75
927.511 1109.6
925.586 1105.72
923.466 1101.91
921.276 1098.11
917.818 1095.3
915.202 1091.78
911.699 1089.14
909.612 1085.46
907.465 1081.85
905.525 1078.18
904.493 1074.16
902.647 1070.55
900.526 1067.07
898.71 1063.41
898.505 1059.38
898.534 1055.28
898.657 1051.21
899.409 1047.15
899.26 1043.12
897.805 1039.22
897.461 1035.07
895.405 1031.53
892.742 1028.3
889.972 1025.08
887.341 1021.84
883.967 1019.51
880.406 1017.46
877.577 1014.61
876.483 1010.68
875.54 1006.69
875.52 1002.65
876.365 998.687
877.769 994.912
880.09 991.66
883.817 989.765
887.669 987.906
891.627 986.485
895.58 985.045
899.569 983.497
903.739 982.517
907.986 982.594
912.262 983.499
916.617 983.518
920.967 983.499
925.199 982.537
929.348 981.353
933.303 979.54
937.079 977.368
940.248 974.398
943.444 971.558
947.55 971.503
951.696 972.408
955.724 973.494
959.549 975.068
963.511 975.509
967.445 976.12
971.115 977.529
974.625 979.259
977.451 981.788
977.389 985.515
976.512 989.369
977.192 993.228
977.421 997.125
977.367 1001.16
976.506 1005.19
976.487 1009.25
976.515 1013.32
977.454 1017.38
976.842 1021.46
976.469 1025.55
976.499 1029.67
977.422 1033.75
977.467 1037.96
977.783 1042.11
979.464 1046.02
981.315 1049.82
983.49 1053.4
986.083 1056.75
988.513 1060.24
991.602 1063.12
995.312 1065.34
998.446 1068.29
1001.53 1071.22
1005.06 1073.63
1007.76 1077.14
1011.47 1079.27
1015.04 1081.67
1018.03 1084.75
1021.23 1087.64
1024.46 1090.54
1027.52 1093.63
1031.28 1095.85
1033.83 1099.35
1036.91 1102.25
1041.05 1103.98
1042.66 1108.05
1044.63 1111.87
1047.17 1115.47
1048.95 1119.35
1051.65 1122.31
1054.46 1125.28
1056.93 1128.53
1060.3 1130.93
1063.69 1133.32
1067.38 1135.48
1070.02 1138.72
1072.24 1142.19
1074.46 1145.68
1077.24 1148.8
1079.73 1152.15
1083.33 1153.97

