CONTOUR

1

1816

647.123 1262.52
651.104 1262.15
653.488 1259.18
651.847 1255.2
650.955 1251.1
651.281 1246.9
651.563 1242.72
651.69 1238.53
651.562 1234.36
651.576 1230.2
652.268 1226.17
654.845 1223.27
658.939 1223.26
663.093 1223.45
667.144 1222.61
671.023 1221.17
674.613 1219.08
678.105 1216.81
681.71 1214.73
685.77 1213.73
689.789 1212.58
693.833 1211.59
697.879 1212.13
701.424 1214.21
704.492 1217.02
707.922 1219.32
711.652 1221.2
715.16 1223.51
718.582 1226
721.937 1228.56
725.392 1231
728.646 1233.81
732.553 1235.44
736.592 1236.47
740.466 1235.46
742.634 1232.11
742.71 1227.96
742.183 1223.81
741.486 1219.68
740.516 1215.57
739.537 1211.45
737.855 1207.58
736.593 1203.65
735.258 1199.74
733.038 1196.23
730.243 1193.14
727.294 1190.13
725.527 1186.35
723.98 1182.44
722.639 1178.47
722.559 1174.35
724.327 1170.66
727.47 1167.89
730.978 1165.49
734.196 1162.73
738.183 1163.44
742.159 1164.8
745.927 1166.76
749.447 1169.18
753.272 1170.89
756.778 1173.2
760.45 1175.25
764.122 1177.33
767.753 1179.41
771.704 1180.64
775.778 1181.49
779.487 1180.15
781.099 1176.32
781.498 1172.17
780.526 1168.02
779.535 1163.9
778.526 1159.83
777.452 1155.84
775.652 1152.1
773.874 1148.32
772.339 1144.48
770.389 1140.86
768.098 1137.5
765.59 1134.15
762.825 1130.95
760.106 1127.61
756.589 1125.06
753.046 1122.51
749.368 1120.33
745.469 1118.57
741.554 1116.81
737.449 1115.49
733.217 1114.5
728.98 1113.52
725.227 1111.35
721.413 1109.51
717.139 1109.45
712.884 1109.47
708.696 1108.51
704.474 1108.5
700.286 1108.34
696.377 1106.52
692.268 1105.5
687.984 1105.37
684.607 1103.05
681.452 1100.38
677.484 1099.5
673.306 1099.46
669.497 1097.77
665.659 1096.15
661.601 1095.5
657.464 1095.49
653.323 1095.5
649.179 1095.4
645.232 1093.58
641.172 1092.54
636.919 1092.44
633.76 1090.14
633.5 1086.05
633.514 1081.85
632.528 1077.83
630.544 1074.24
627.837 1071.18
623.92 1069.12
622.493 1065.18
621.514 1061
620.604 1056.82
619.419 1052.77
618.543 1048.6
618.494 1044.32
617.682 1040.13
616.523 1035.93
617.488 1031.73
618.449 1027.57
618.507 1023.33
618.505 1019.09
619.613 1015.04
621.672 1011.34
623.905 1007.74
626.652 1004.48
629.5 1001.22
632.545 998.242
636.377 996.26
639.873 993.692
643.756 991.443
647.295 988.641
650.908 986.058
654.735 983.731
658.386 981.21
661.953 978.568
665.235 975.587
668.463 972.511
671.838 969.588
674.63 965.962
677.756 962.706
681.006 959.542
683.65 956.086
686.199 952.601
688.591 948.945
691.064 945.345
692.979 941.528
694.809 937.755
696.484 933.94
697.528 929.955
698.517 925.93
698.534 921.776
698.508 917.639
698.544 913.536
700.386 909.694
700.525 905.533
701.458 901.542
702.465 897.606
702.54 893.566
703.489 889.608
703.504 885.58
703.655 881.567
705.495 877.864
706.743 873.979
707.515 869.987
707.549 865.881
708.505 861.898
709.336 857.925
709.509 853.898
709.64 849.863
711.05 845.987
711.518 841.987
711.509 837.94
711.538 833.915
712.492 829.919
712.588 825.839
713.77 821.93
715.486 818.166
716.536 814.205
717.51 810.176
717.91 806.05
719.359 802.252
721.018 798.577
724.363 796.315
727.654 794.018
731.255 792.395
735.276 792.473
739.264 792.517
743.229 792.437
747.212 791.552
751.2 791.506
755.193 791.508
759.179 791.467
763.142 790.534
767.153 790.451
771.15 789.53
775.199 789.511
779.235 789.507
783.263 789.347
787.267 788.537
791.31 788.512
795.327 788.511
799.331 788.33
803.339 787.51
807.171 787.716
807.512 791.522
805.066 794.845
802.423 798.066
799.108 800.633
795.831 803.481
792.608 806.461
789.637 809.655
786.568 812.728
783.554 815.887
780.357 819.056
777.247 822.332
773.991 825.462
770.835 828.497
768.209 831.982
765.391 835.348
762.403 838.597
759.536 841.958
756.783 845.463
753.779 848.861
752.063 853.061
749.594 856.778
747.857 860.805
747.031 865.059
747.467 869.437
747.59 873.805
748.622 878.086
750.367 882.209
751.522 886.528
753.078 890.709
754.502 894.903
756.471 898.788
759.203 902.2
761.116 905.995
762.832 909.794
764.14 913.705
765.391 917.596
766.479 921.514
767.528 925.432
769.34 929.138
770.471 933.039
770.514 937.16
771.52 941.165
772.581 945.171
773.499 949.286
774.66 953.33
774.777 957.508
774.484 961.691
774.496 965.867
775.37 969.998
775.504 974.126
776.406 978.146
776.58 982.204
777.443 986.232
777.024 990.4
777.486 994.48
777.464 998.552
776.498 1002.64
776.475 1006.79
776.479 1010.94
775.509 1015.02
774.526 1019.08
773.541 1023.11
773.432 1027.31
771.831 1031.24
770.551 1035.14
769.499 1039.14
768.464 1043.11
767.331 1047.12
766.495 1051.11
766.683 1055.19
767.653 1059.15
769.531 1062.87
771.762 1066.44
773.861 1070.1
776.239 1073.64
779.133 1076.82
782.232 1079.74
786.185 1081.72
789.246 1084.67
792.242 1087.72
795.654 1090.36
799.883 1091.5
803.332 1094.05
806.805 1096.57
811.029 1097.65
814.824 1099.6
818.564 1101.48
822.638 1102.44
826.509 1104.05
830.736 1104.53
834.825 1105.7
839.011 1106.53
843.272 1106.55
847.308 1108.11
851.607 1107.55
855.647 1109.07
859.876 1108.64
863.965 1109.39
868.139 1109.56
872.269 1109.55
876.152 1111.21
880.301 1110.47
884.323 1111.44
888.407 1111.52
892.42 1111.68
896.411 1112.78
900.553 1112.57
904.583 1113.48
908.71 1113.53
912.717 1114.48
916.844 1114.7
920.893 1115.24
924.804 1116.63
928.964 1116.33
932.961 1117.33
937.043 1117.23
941.095 1116.88
944.839 1119.21
949.074 1118.5
953.065 1119.46
957.043 1120.36
961.048 1121.13
964.708 1123.06
968.81 1123.3
972.951 1123.56
976.728 1125.45
980.859 1125.44
984.917 1126.16
989.022 1126.11
993.141 1125.76
997.199 1124.79
1001.32 1124.4
1005.39 1123.54
1009.47 1123.59
1013.5 1124.79
1017.68 1124.69
1021.42 1126.51
1025.41 1127.51
1029.3 1128.75
1033.14 1130.28
1037.25 1130.99
1041.18 1132.43
1045.22 1132.56
1049 1131.43
1051.61 1128.48
1052.51 1124.52
1052.52 1120.38
1052.32 1116.24
1051.44 1112.19
1049.38 1108.57
1047.03 1105.13
1044.79 1101.69
1042.27 1098.42
1039.85 1095.07
1039.95 1091.29
1043.63 1089.43
1047.5 1087.8
1051.31 1086.07
1054.25 1083.27
1055.23 1079.17
1057 1075.49
1060.34 1073.38
1064.31 1073.63
1068.17 1075.23
1072.31 1075.75
1076.12 1077.45
1080.07 1078.81
1083.91 1080.38
1087.9 1081.51
1091.76 1083
1095.68 1084.32
1099.65 1085.49
1103.73 1086.53
1107.28 1088.67
1109.83 1092.02
1112.53 1095.41
1116.33 1097.5
1120.19 1099.46
1124.45 1099.43
1128.87 1098.62
1132.09 1101.57
1135.26 1104.73
1137.99 1108.21
1141.18 1111.23
1144.57 1113.93
1147.66 1117.08
1151.16 1119.5
1154.72 1121.94
1158.5 1124.02
1162.54 1125.57
1166.58 1127.23
1170.85 1127.54
1175.13 1127.37
1178.52 1125.03
1180.92 1121.55
1181.52 1117.4
1180.6 1113.35
1177.57 1110.49
1173.73 1108.49
1170.18 1105.98
1166.78 1103.33
1163.85 1100.09
1161.13 1096.58
1158.05 1093.33
1155.38 1089.81
1152.5 1086.54
1150.54 1082.71
1151.47 1078.32
1151.51 1073.91
1150.53 1069.57
1149.54 1065.25
1147.83 1061.17
1146.41 1056.93
1143.36 1053.78
1140.3 1050.74
1136.71 1048.24
1133.66 1045.23
1131.49 1041.55
1130.58 1037.48
1131.98 1033.57
1135.02 1030.48
1138.77 1028.46
1142.95 1027.52
1147.24 1027.51
1151.49 1028.41
1155.65 1029.52
1159.59 1031.31
1163.46 1033.17
1167.03 1035.58
1170.15 1038.61
1173.54 1041.37
1177.31 1043.5
1181.17 1045.49
1185.33 1046.58
1189.57 1047.5
1193.93 1047.54
1198.33 1047.52
1202.59 1046.7
1206.33 1044.4
1209.92 1041.76
1214.1 1041.52
1218.31 1042.58
1222.45 1044.04
1226.58 1045.49
1230.68 1047.03
1234.87 1048.41
1239.17 1049.53
1243.3 1051.12
1247.36 1052.88
1251.31 1054.77
1255.45 1056.07
1259.13 1058.4
1263.29 1059.8
1267.28 1061.54
1271.43 1062.69
1275.66 1061.93
1279.05 1059.4
1278.94 1055.35
1277.01 1051.52
1273.88 1048.32
1270.74 1045.15
1267.59 1042.05
1264 1039.41
1260.8 1036.46
1257.3 1033.77
1253.41 1031.72
1249.84 1029.4
1246.38 1026.83
1242.58 1025
1238.71 1023.38
1235.28 1020.75
1231.32 1019.18
1227.51 1017.13
1223.57 1015.27
1219.59 1013.44
1215.91 1011.21
1213.65 1007.49
1210.88 1004.14
1207.73 1001.17
1204.17 998.609
1200.26 996.647
1196.01 995.48
1191.79 994.168
1187.55 993.481
1183.37 992.511
1179.23 991.654
1175.05 991.481
1170.96 990.577
1166.99 989.311
1164.11 986.501
1161.69 983.204
1160.76 979.248
1160.52 975.219
1161.61 971.365
1164.31 968.279
1167.3 965.351
1170.6 962.831
1173.59 959.936
1176.65 957.061
1180.07 954.647
1184.12 953.49
1188.22 952.398
1192.34 951.471
1196.15 949.669
1199.9 947.651
1203.74 945.684
1207.31 943.269
1209.87 939.745
1212.13 936.025
1213.49 931.898
1214.87 927.812
1218.91 926.562
1223.04 925.523
1227.15 924.503
1231.26 923.467
1235.44 922.508
1239.64 921.58
1243.88 921.509
1248.12 921.517
1252.37 921.54
1256.61 921.497
1260 919.284
1261.51 915.514
1261.52 911.412
1260.13 907.567
1257.32 904.471
1253.68 902.241
1249.79 900.51
1245.7 899.437
1241.49 898.497
1237.19 898.478
1232.89 898.478
1228.59 898.505
1224.38 899.482
1220.16 900.119
1215.92 900.534
1211.71 901.495
1207.52 902.323
1203.37 901.498
1199.24 900.272
1194.98 900.493
1190.79 901.628
1186.82 903.436
1182.69 904.619
1178.9 906.521
1175.8 909.463
1172.11 911.54
1168.52 913.802
1165.3 916.577
1162.05 919.276
1158.49 921.584
1155.02 924.116
1150.66 924.865
1147.07 927.292
1143.48 929.619
1139.34 930.508
1135.18 931.575
1131.29 933.561
1127.03 934.491
1122.78 935.481
1118.63 936.762
1114.69 938.464
1110.4 938.516
1106.28 939.45
1102.23 940.452
1098.18 941.43
1094 941.514
1089.92 942.475
1085.8 941.963
1081.64 941.501
1077.61 940.443
1073.78 938.645
1070.07 936.634
1066.06 935.303
1062.3 933.249
1058.55 930.956
1054.31 929.655
1050.38 927.653
1046.18 926.458
1043.03 923.509
1039.39 921.057
1036.29 917.785
1032.43 915.437
1029.04 912.473
1025.42 909.761
1023.56 908.468
1021.69 907.176
1018.07 904.506
1014.38 901.866
1010.42 899.72
1006.47 897.66
1002.67 895.487
999.291 892.619
995.443 890.517
991.774 888.193
988.315 885.618
984.748 883.183
981.104 880.775
976.914 879.449
973.395 876.782
969.784 874.395
965.908 872.432
962.425 869.881
958.62 867.967
955.532 865.303
955.342 861.38
957.093 857.494
957.745 853.273
961.05 850.208
962.507 846.314
963.636 842.288
965.618 838.531
967.346 834.629
969.426 830.967
971.293 827.184
971.703 822.917
973.577 819.209
975.221 815.466
975.517 811.424
976.179 807.45
977.555 803.575
978.538 799.572
979.349 795.482
979.682 791.413
979.828 787.249
979.567 783.153
979.562 779.01
980.426 774.993
980.537 770.805
982.153 767.085
985.199 764.41
988.035 761.538
991.36 759.242
994.289 756.392
996.6 752.913
999.972 750.457
1002.14 746.893
1005.71 744.936
1009.76 743.916
1013.76 742.833
1017.73 741.529
1021.65 740.13
1025.56 738.579
1029.26 736.532
1032.88 734.413
1036.61 732.552
1040.57 733.358
1044.37 735.077
1048.31 736.567
1052.06 738.48
1055.86 740.39
1059.98 741.628
1063.81 743.508
1067.66 745.419
1071.7 746.51
1075.78 745.791
1079.6 743.89
1083.47 742.245
1087.59 741.462
1091.68 741.573
1095.79 742.429
1099.92 741.555
1103.94 742.458
1107.99 742.714
1111.92 743.496
1115.96 743.526
1119.89 744.378
1123.97 744.51
1128.04 744.525
1132.06 745.487
1136.09 745.515
1140.11 745.512
1144.11 745.512
1148.11 745.637
1151.89 747.365
1156.01 747.518
1159.99 748.514
1163.97 749.679
1167.75 751.49
1171.8 752.509
1175.78 753.665
1179.49 755.532
1183.53 756.55
1187.48 758.022
1191.61 759.509
1195.71 761.085
1199.57 763.178
1203.58 764.641
1207.15 766.797
1208.99 770.56
1211.28 773.986
1213.12 777.717
1214.87 781.484
1217.68 784.582
1220.38 787.777
1223.66 790.377
1226.57 793.37
1229.68 796.072
1233.35 797.984
1236.63 800.635
1239.82 803.385
1243.43 805.58
1247.16 807.628
1250.87 809.509
1254.64 811.285
1258.64 812.577
1261.6 815.299
1262.49 819.212
1262.47 823.284
1261.63 827.36
1262.48 831.394
1263.49 835.423
1264.73 839.382
1266.37 843.153
1268.88 846.469
1271.93 849.217
1275.77 850.511
1279.9 850.591
1284.08 850.519
1287.7 852.356
1290.19 855.652
1291.67 859.642
1293.35 863.583
1293.5 867.754
1293.47 871.932
1292.51 876.077
1292.4 880.299
1291.49 884.436
1290.53 888.536
1289.48 892.626
1288.63 896.686
1290.03 900.347
1293.8 901.51
1297.78 900.461
1301.23 898.131
1304.44 895.361
1307.23 892.09
1309.33 888.329
1311.2 884.478
1312.54 880.469
1313.51 876.417
1314.48 872.334
1315.27 868.241
1315.49 864.137
1314.68 860.07
1314.45 855.983
1313.49 852.002
1312.6 848.052
1315.32 845.509
1319.06 845.775
1321.29 848.938
1322.52 852.791
1323.56 856.715
1324.72 860.574
1325.48 864.58
1325.49 868.672
1325.5 872.767
1325.49 876.859
1324.69 880.857
1323.43 884.782
1321.51 888.528
1320.52 892.493
1322.87 895.525
1327.11 895.553
1331.31 895.188
1334.74 892.54
1338.29 890.271
1341.37 887.441
1343.81 883.961
1346.34 880.484
1348.17 876.641
1349.5 872.59
1350.48 868.462
1350.72 864.262
1351.48 860.045
1350.86 855.843
1350.49 851.657
1349.51 847.538
1348.51 843.452
1347.25 839.447
1345.57 835.515
1344.09 831.529
1342.36 827.698
1340.36 824.045
1339.45 820.003
1337.77 816.214
1335.54 812.61
1333.45 809.01
1330.27 806.376
1327.19 803.608
1324.2 800.655
1321.15 797.714
1317.76 795.083
1317.51 790.964
1317.43 786.795
1315.6 782.955
1314.41 778.94
1311.58 775.999
1308.61 773.138
1305.36 770.537
1302.23 767.768
1298.45 766.123
1294.78 764.299
1291.45 761.753
1287.94 759.422
1284.47 757.147
1280.75 755.127
1277.25 752.612
1273.7 750.115
1270.2 747.59
1266.94 744.615
1263.72 741.62
1260.72 738.539
1257.34 735.844
1253.51 733.845
1250.67 730.674
1247.88 727.453
1244.58 724.831
1241.51 721.891
1238.15 719.394
1234.43 717.594
1230.2 717.466
1226.5 715.692
1222.92 713.569
1218.87 712.458
1215.06 710.681
1210.98 709.396
1206.75 708.482
1202.53 707.496
1198.3 706.478
1194.02 705.664
1189.9 704.548
1185.77 703.491
1181.57 702.727
1177.48 701.691
1173.61 700.24
1169.91 698.52
1165.99 697.505
1161.92 697.494
1157.9 697.141
1154.13 695.494
1150.19 694.467
1146.22 693.487
1142.66 691.762
1142.61 687.87
1143.82 684.114
1145.47 680.42
1146.56 676.534
1147.59 672.666
1148.64 668.774
1149.58 664.791
1150.75 660.776
1151.52 656.7
1152.51 652.653
1153.11 648.572
1153.51 644.453
1153.55 640.291
1154.5 636.173
1154.51 631.991
1154.52 627.774
1154.48 623.569
1152.47 619.956
1149.04 617.564
1145.22 615.621
1141.37 613.727
1137.59 611.805
1134.01 609.564
1130.2 607.629
1126.33 605.776
1122.58 603.842
1119.68 601.068
1119.5 596.964
1119.51 592.825
1119.51 588.701
1119.51 584.6
1119.5 580.511
1118.94 576.492
1118.48 572.491
1117.56 568.527
1117.43 564.519
1116.49 560.622
1115.47 556.81
1114.1 553.101
1112.89 549.316
1111.53 545.59
1110.41 541.868
1109.52 538.064
1109.49 534.115
1108.57 530.312
1108.34 526.479
1107.48 522.687
1106.48 518.878
1105.51 515.054
1104.71 511.192
1103.58 507.311
1103.49 503.306
1102.75 499.393
1102.46 495.446
1101.48 491.591
1100.51 487.673
1099.69 483.668
1099.45 479.624
1098.92 475.563
1098.7 471.499
1099.52 467.531
1101.43 463.965
1104.38 461.293
1107.96 459.367
1111.56 457.362
1115.32 455.565
1119.38 456.101
1123.42 456.738
1127.38 457.97
1131.38 458.772
1135.42 459.504
1139.41 460.454
1143.48 460.631
1147.53 461.445
1151.63 461.455
1155.66 461.523
1159.68 462.058
1163.7 461.636
1167.7 461.534
1171.72 461.564
1175.74 461.534
1179.72 461.52
1183.7 461.616
1187.74 461.613
1191.77 461.535
1195.78 461.52
1199.79 461.57
1203.8 462.252
1207.8 462.489
1211.82 462.52
1215.76 463.393
1219.76 463.522
1223.77 463.76
1227.72 464.567
1231.7 465.401
1235.71 465.533
1239.66 466.469
1243.68 466.581
1247.63 467.469
1251.63 467.592
1255.57 468.525
1259.53 469.437
1263.56 469.538
1267.54 470.205
1271.47 471.092
1275.47 471.689
1279.47 472.706
1283.55 473.519
1287.59 474.59
1291.61 475.749
1295.54 477.482
1299.51 479.045
1303.61 480.165
1307.63 481.468
1311.58 482.934
1315.53 484.385
1319.39 486.146
1323.33 487.65
1327.22 489.545
1331.3 490.893
1335.42 492.174
1339.49 493.614
1343.45 495.484
1347.7 496.364
1351.87 497.473
1356.05 498.257
1360.27 498.565
1364.45 499.492
1368.66 499.515
1372.9 499.467
1377.13 498.51
1381.4 497.57
1385.78 497.391
1389.73 495.543
1393.62 493.522
1397.53 491.538
1401.25 489.267
1404.51 486.289
1407.53 483.066
1410.24 479.54
1412.78 475.816
1415.1 471.972
1417.4 468.245
1419.84 464.62
1421.47 460.629
1421.55 456.323
1421.41 452.01
1419.44 448.271
1416.05 445.793
1412.1 444.391
1407.96 443.386
1403.86 442.226
1399.73 441.192
1395.81 439.544
1391.77 438.361
1389.51 434.983
1388.52 430.907
1387.85 426.766
1391.16 424.724
1394.25 427.724
1397.42 430.667
1401.33 430.059
1403.42 426.402
1404.68 422.105
1409.35 421.458
1413.17 419.347
1415.8 415.63
1419.44 413.198
1422.71 410.354
1426.27 407.763
1429.43 404.804
1432.31 401.588
1434.48 397.828
1434.95 393.555
1434.18 389.274
1433.18 385.034
1431.56 380.924
1430.4 376.71
1428.5 372.772
1426.57 368.886
1423.69 365.635
1420.84 362.465
1417.81 359.462
1414.5 356.688
1411.05 354.157
1407.59 351.539
1403.77 349.554
1399.92 347.659
1395.88 346.453
1391.79 345.249
1387.88 343.506
1383.79 342.748
1379.59 343.409
1375.54 342.49
1371.49 341.404
1367.56 339.784
1363.46 338.765
1359.63 336.936
1355.69 335.659
1351.73 334.72
1347.7 334.372
1343.7 333.501
1339.54 333.446
1335.93 331.453
1332.19 329.621
1328.39 328.029
1325.02 325.667
1321.09 324.531
1317.51 322.747
1314.48 320.011
1310.88 318.346
1307.34 316.506
1303.61 315.12
1300.38 312.678
1296.75 311.054
1294.41 307.905
1291.8 305.013
1289 302.124
1286.27 299.162
1283.69 295.941
1281.45 292.503
1278.58 289.593
1275.72 286.687
1272.33 284.239
1271.38 280.053
1268.43 277.087
1265.61 274.05
1262.44 271.476
1258.46 270.497
1254.32 270.45
1250.13 270.424
1246.77 268.35
1245.45 264.395
1243.46 260.897
1240.32 258.199
1237.62 255.032
1235.23 251.59
1231.66 249.46
1227.78 247.96
1224.03 246.306
1220.91 243.627
1216.98 242.41
1213.86 239.636
1209.9 238.415
1206.31 236.291
1202.6 234.406
1198.58 233.546
1194.52 234.483
1190.55 235.853
1186.59 237.501
1182.35 238.379
1178.16 239.448
1173.92 239.546
1169.72 240.425
1165.55 239.954
1162.1 237.549
1158.14 236.366
1154.59 234.396
1150.95 232.739
1147.12 231.532
1143.12 232.283
1139.07 232.605
1135.49 234.755
1131.3 234.847
1127.26 235.539
1123.44 236.872
1120.13 239.491
1116.44 241.523
1112.91 243.799
1109.49 246.236
1105.37 246.509
1101.37 247.2
1097.95 249.427
1094.42 251.396
1090.99 253.546
1087.05 253.415
1083.26 251.744
1079.28 250.505
1075.07 250.484
1070.88 250.22
1066.75 249.507
1062.57 249.526
1058.37 250.433
1054.21 249.289
1049.91 249.493
1045.62 249.67
1041.38 250.465
1037.27 252.101
1033.18 253.495
1028.93 254.471
1024.73 255.294
1020.69 256.429
1016.67 257.595
1012.8 259.198
1008.89 260.822
1004.83 262.088
1000.86 263.54
997.158 265.669
993.63 268.382
989.996 270.843
986.056 272.885
983.065 276.288
979.156 278.551
975.416 281.054
971.787 283.532
968.901 286.762
965.703 289.697
962.928 292.94
960.415 296.488
957.595 299.798
955.34 303.443
952.948 306.973
949.679 310.013
948.265 314.203
945.774 317.784
944.485 321.94
942.429 325.663
940.04 329.25
937.662 332.995
936.299 337.2
933.601 340.777
933.167 345.099
933.058 349.259
931.654 353.266
931.176 357.377
929.514 361.247
929.813 365.256
931.552 369.171
930.052 372.85
928.418 376.549
926.558 380.141
925.525 384.011
925.468 388.003
925.265 391.995
924.585 395.948
923.63 399.821
922.516 403.711
922.21 407.722
921.503 411.682
921.836 415.592
923.52 419.425
924.479 423.391
923.156 427.212
920.511 430.496
917.584 433.388
914.189 431.4
911.67 428.08
909.58 424.479
907.521 420.893
905.057 417.553
902.122 414.554
899.219 411.555
896.095 408.79
892.68 406.255
889.714 403.222
887.882 399.431
886.204 395.542
884.429 391.748
883.323 387.696
882.196 383.615
880.504 379.727
878.55 375.98
876.51 372.219
873.863 368.839
871.158 365.615
867.661 363.238
864.272 360.755
860.253 359.298
856.427 357.306
853.636 353.998
851.441 350.193
848.926 346.661
846.589 343.034
844.496 339.128
841.986 335.541
838.712 332.56
835.15 329.973
831.429 327.727
827.419 326.069
823.931 323.564
821.512 320.072
819.424 316.426
816.83 313.081
814.83 309.453
812.537 305.922
810.385 302.327
808.209 298.688
805.773 295.202
803.352 291.703
799.936 289.233
796.163 287.247
792.259 285.522
788.188 284.577
784.019 285.494
779.8 285.502
775.686 284.818
772.232 282.54
769.136 279.685
765.841 277.085
762.934 274.003
759.726 271.252
756.377 268.661
752.439 267.027
748.19 266.507
744.279 268.479
740.626 271.1
736.466 271.493
732.701 269.525
729.689 266.31
726.305 263.706
722.75 261.542
718.803 260.463
714.727 260.475
711.195 262.666
707.507 264.789
703.659 266.747
700.216 269.278
696.311 269.387
692.701 267.494
689.069 265.525
685.397 263.481
681.397 262.489
677.409 262.942
674.435 265.961
671.169 268.432
666.71 268.092
663.707 270.686
661.397 274.12
658.334 276.762
654.693 278.33
650.682 276.349
646.757 276.694
644.068 280.418
640.29 282.264
636.177 283.488
633.426 286.546
631.55 290.287
630.498 294.316
630.457 298.482
629.53 302.544
628.289 306.474
625.908 309.791
622.189 311.56
618.25 312.983
614.099 313.655
610.387 315.571
607.774 318.857
606.552 322.821
606.479 326.992
606.485 331.185
606.507 335.371
607.467 339.498
607.512 343.678
607.345 347.851
605.268 351.288
601.411 352.968
597.562 354.851
593.971 357.282
589.889 358.552
587.509 361.741
586.478 365.676
586.267 369.813
585.51 373.929
585.561 378.089
585.417 382.254
582.806 385.585
580.243 388.923
576.379 390.441
572.517 391.867
571.236 395.746
570.488 399.883
570.465 404.102
570.476 408.355
569.108 412.197
565.764 414.763
562.567 417.528
559.488 420.428
555.559 422.172
553.519 425.724
552.573 429.83
550.776 433.543
548.62 437.118
544.707 438.451
540.925 439.863
539.471 443.526
538.648 447.457
539.345 451.491
539.487 455.499
538.876 459.476
538.128 463.405
535.615 466.556
532.045 468.484
527.811 468.53
523.637 468.891
519.685 470.466
515.617 471.5
511.376 471.603
507.227 471.528
503.238 470.744
499.268 469.524
495.228 469.502
491.218 470.518
487.1 470.453
483.078 469.341
479.121 467.7
474.876 467.474
470.64 467.512
466.787 469.289
463.215 471.597
459.353 473.332
455.446 471.866
452.015 469.374
448.905 466.461
445.691 463.595
441.759 462.267
437.693 461.493
433.599 461.783
429.794 463.518
426.202 465.755
422.471 467.754
418.651 466.449
415.335 463.78
412.152 460.967
408.835 458.282
404.947 456.515
400.766 455.496
396.464 455.416
392.312 456.513
388.193 456.472
384.761 453.978
381.312 451.612
377.315 450.485
373.249 449.497
369.022 449.466
364.912 448.624
361.142 446.945
358.247 443.638
354.694 441.187
350.764 439.433
346.825 437.645
342.449 437.473
338.385 436.189
334.762 434.065
331.641 431.26
328.341 428.633
324.671 426.574
320.938 424.66
316.871 423.495
313.063 421.739
309.364 419.803
305.976 417.398
303.021 414.462
299.588 411.946
296.163 409.481
292.545 407.372
288.977 405.114
285.869 402.267
282.777 399.408
279.467 396.704
276.434 393.67
273.515 390.523
271.323 386.733
268.473 383.497
265.546 380.38
263.542 376.621
261.582 372.823
259.663 369.063
258.316 365.102
256.518 361.351
254.619 357.629
251.888 354.331
251.49 350.242
250.758 346.239
249.342 342.406
248.263 338.435
247.39 334.386
246.524 330.272
246.19 326.061
245.527 321.869
246.499 317.742
247.51 313.627
248.782 309.591
251.11 306.042
253.705 302.704
256.425 299.449
259.676 296.695
263.264 294.271
266.799 291.87
270.844 290.446
274.663 288.622
278.691 287.514
282.727 286.5
286.773 285.495
290.869 284.53
295.056 284.504
299.243 284.499
303.429 284.521
307.543 285.48
311.747 285.523
315.825 286.497
319.904 287.427
324.094 287.522
328.138 288.505
332.156 289.448
336.12 290.525
340.138 291.499
344.165 292.521
348.039 294.002
351.948 295.434
355.806 297.177
359.632 299.063
363.611 300.46
367.654 301.606
371.605 303.072
375.653 304.342
379.461 306.436
383.603 307.481
387.839 308.048
392.063 308.498
396.158 307.683
399.639 305.389
402.256 302.163
402.623 297.956
402.887 293.664
401.314 289.829
397.891 287.189
394.404 284.44
390.662 282.112
387.058 279.608
383.162 277.633
379.251 275.603
375.297 273.661
371.432 271.458
367.616 269.099
363.711 267.247
359.799 265.348
355.914 263.374
352.019 261.348
348.139 259.487
344.139 257.872
340.101 256.275
335.842 255.339
331.97 253.414
327.917 252.066
323.991 250.602
319.924 249.559
315.836 248.506
311.755 247.656
307.656 247.401
303.617 246.687
299.568 246.471
295.504 246.349
291.455 245.553
287.342 246.271
283.25 245.519
279.236 246.256
275.143 246.479
271.035 246.494
266.995 247.071
262.972 247.628
259.23 249.414
255.135 249.52
251.188 250.524
247.371 251.937
243.842 254.48
239.676 255.611
235.834 257.545
232.507 260.344
228.814 262.559
225.831 265.512
223.053 268.647
221.087 272.307
218.537 275.6
216.368 279.124
213.453 282.14
211.449 285.811
208.625 288.934
206.729 292.6
205.637 296.573
205.485 300.727
204.571 304.72
203.315 308.656
202.458 312.745
201.032 316.685
199.859 320.688
199.503 324.815
199.552 328.944
200.4 333.064
199.579 337.124
198.495 341.197
198.511 345.336
199.61 349.473
199.519 353.816
200.35 358.043
200.51 362.308
201.429 366.465
202.469 370.586
203.47 374.707
204.524 378.78
205.557 382.881
206.537 386.955
207.495 391.07
208.609 395.156
209.716 399.219
211.475 403.026
212.532 407.031
213.787 411.018
215.508 414.874
217.102 418.808
218.604 422.723
220.151 426.64
222.527 430.226
224.904 433.785
226.446 437.866
228.838 441.495
231.334 445.032
233.491 448.768
235.741 452.484
239 455.513
241.723 458.965
244.637 462.304
247.747 465.477
249.959 469.267
252.855 472.621
255.637 476.125
259.035 478.943
262.426 481.787
265.772 484.672
269.202 487.425
273.055 489.639
275.729 493.132
279.235 495.649
282.611 498.318
285.768 501.245
289.188 503.833
292.496 506.487
295.72 509.275
299.197 511.799
302.695 514.42
306.346 516.775
309.827 519.33
313.336 521.936
316.882 524.608
320.299 527.441
324.145 529.786
327.732 532.45
331.423 535.024
335.075 537.655
338.646 540.371
342.227 543.074
345.846 545.761
349.236 548.678
352.687 551.498
355.465 554.916
358.462 558.117
361.582 561.09
364.787 563.867
368.128 566.521
371.509 569.24
374.629 572.249
377.765 575.265
380.782 578.331
383.854 581.443
387.3 584.265
391.197 586.607
394.616 589.52
397.091 593.194
399.542 596.856
403.085 599.397
406.474 602.059
409.512 605.148
412.552 608.235
415.605 611.351
419.154 613.888
422.238 616.868
425.313 619.854
427.903 623.312
431.322 626.022
434.763 628.511
437.973 631.342
441.736 633.465
444.802 636.445
447.945 639.439
451.067 642.587
454.235 645.669
457.349 648.838
460.546 651.925
463.663 655.139
466.963 658.031
469.887 661.335
473.368 664.154
477.05 666.758
479.748 670.303
482.788 673.603
486.088 676.599
489.134 679.803
491.679 683.29
495.128 685.916
497.767 689.327
501.219 691.843
503.761 695.242
506.713 698.313
509.686 701.287
513.085 703.709
515.605 707.074
518.434 710.048
521.467 712.896
524.779 715.406
527.653 718.383
530.715 721.228
534.181 723.642
536.987 726.607
538.492 730.468
539.471 734.498
539.505 738.699
540.026 742.858
540.476 746.975
540.501 751.12
541.388 755.136
542.477 759.114
542.412 763.129
541.5 767.16
541.634 771.207
542.608 775.197
544.308 779.026
544.49 783.158
544.501 787.327
545.32 791.452
545.392 795.55
544.504 799.703
545.416 803.728
547.222 807.512
548.385 811.317
546.527 815.156
546.504 819.091
547.472 823.058
547.504 827.124
548.447 831.091
549.545 834.998
550.447 838.928
550.51 842.931
551.453 846.868
551.51 850.913
552.462 854.858
552.484 858.846
552.502 862.836
553.463 866.772
553.801 870.776
554.485 874.77
554.404 878.701
551.192 881.426
548.23 884.455
545.182 887.342
542.249 890.385
539.202 893.327
535.71 895.73
533.17 899.163
530.095 902.182
527.184 905.402
524.313 908.672
521.387 911.97
518.388 915.282
515.184 918.546
512.488 922.105
509.718 925.582
506.893 929.016
504.709 932.787
503.377 936.976
501.002 940.574
499.095 944.323
497.504 948.273
496.774 952.454
496.491 956.638
496.461 960.846
495.591 964.981
494.589 969.036
494.487 973.243
494.486 977.411
494.365 981.562
493.504 985.719
493.485 989.931
493.618 994.141
494.479 998.295
495.513 1002.42
496.423 1006.6
496.567 1010.87
498.367 1014.81
499.496 1018.88
500.542 1023.01
501.697 1026.98
502.593 1031.04
504.363 1034.87
504.935 1038.93
505.505 1043
506.918 1046.92
507.685 1050.95
509.189 1054.78
510.575 1058.75
511.537 1062.87
512.685 1066.94
513.609 1071.1
515.303 1075
515.648 1079.18
516.837 1083.16
517.572 1087.26
518.493 1091.4
519.356 1095.53
519.505 1099.73
520.387 1103.82
521.499 1107.83
522.338 1111.89
522.489 1116.1
523.493 1120.15
524.509 1124.21
525.471 1128.31
525.591 1132.51
526.531 1136.64
528.441 1140.41
531.183 1143.72
533.388 1147.32
535.519 1150.97
538.935 1153.61
542.026 1156.52
545.243 1159.47
547.448 1163.14
549.768 1166.7
553.001 1169.51
555.978 1172.56
559.08 1175.62
561.228 1179.33
562.765 1183.31
565.652 1186.38
568.674 1189.4
571.385 1192.71
574.291 1195.85
576.155 1199.71
578.096 1203.59
580.465 1207.27
583.283 1210.69
585.767 1214.24
588.74 1217.43
591.941 1220.38
595.228 1223.25
598.857 1225.57
602.144 1228.25
606.31 1229.55
610.007 1231.81
613.669 1234.09
618.255 1233.64
621.49 1236.11
623.536 1239.95
625.845 1243.59
628.523 1246.98
631.888 1249.59
634.433 1252.92
636.995 1256.27
639.578 1259.52
643.121 1261.6

