CONTOUR

1

1851

851.292 1374.33
853.37 1371.11
853.53 1367.09
853.526 1363
853.503 1358.93
852.437 1355.01
850.399 1351.45
847.96 1348.08
845.932 1344.58
843.716 1341.26
841.184 1338.17
838.566 1335.13
835.7 1332.21
832.996 1329.1
831.123 1325.42
829.474 1321.64
830.346 1317.75
832.972 1314.71
836.953 1313.79
841.136 1313.69
845.328 1313.68
849.518 1313.89
853.671 1314.54
857.788 1315.3
861.818 1316.43
865.863 1317.39
869.865 1318.48
873.854 1319.59
877.751 1321.11
881.811 1321.49
885.749 1320.55
888.558 1317.83
889.46 1313.96
888.534 1309.9
888.508 1305.83
888.502 1301.74
887.628 1297.78
885.554 1294.28
883.564 1290.73
881.082 1287.49
878.119 1284.49
875.013 1281.55
871.394 1279.17
867.845 1276.67
864.157 1274.39
860.378 1272.39
856.695 1270.19
852.874 1268.22
854.382 1264.41
857.44 1260.98
857.531 1256.79
856.516 1252.6
855.473 1248.43
853.582 1244.64
851.089 1241.19
848.558 1237.82
845.868 1234.61
843.035 1231.55
840.142 1228.52
836.748 1226.08
833.31 1223.69
829.588 1221.75
825.647 1220.25
821.601 1219
817.338 1218.43
813.108 1217.51
808.8 1217.49
804.496 1217.49
800.193 1217.51
795.969 1218.46
791.705 1218.79
787.654 1220.05
783.709 1221.41
779.632 1221.91
775.664 1221.22
771.701 1220.83
767.936 1221.83
764.881 1224.53
761.085 1225.49
757.315 1226.45
753.605 1227.53
749.804 1228.49
745.941 1228.92
742.091 1229.55
738.439 1230.89
735.676 1234.21
731.991 1234.42
728.846 1231.57
725.098 1230.62
721.217 1231.56
717.245 1232.39
713.129 1232.45
709.313 1233.74
705.612 1235.5
701.804 1234.98
699.143 1231.74
695.882 1229.34
692.649 1227.11
689.169 1225.22
687.404 1221.8
686.371 1217.99
685.521 1214.09
685.504 1210.1
685.574 1206.12
686.501 1202.17
687.506 1198.25
690.215 1195.52
694.153 1195.52
698.12 1196.53
702.101 1197.45
706.225 1197.24
710.348 1197.4
714.445 1197.57
718.511 1198.31
722.588 1198.72
726.655 1199.48
730.739 1198.58
734.801 1198.53
738.851 1199.41
742.916 1199.51
746.971 1199.48
751.009 1198.62
755.139 1198.5
759.116 1197.53
763.122 1196.85
767.149 1196.5
771.191 1196.36
775.14 1195.49
779.127 1194.54
783.241 1194.32
786.736 1192.05
790.531 1190.52
794.507 1189.56
798.166 1187.63
802.263 1187.43
805.89 1185.53
809.818 1184.55
813.596 1183.11
817.398 1181.82
821.366 1181.21
825.061 1179.49
829.01 1178.47
832.692 1176.63
836.632 1175.5
840.623 1174.44
844.631 1173.47
848.591 1172.22
852.48 1170.54
856.56 1169.44
860.432 1167.56
864.735 1167.43
868.595 1165.62
872.61 1164.22
876.619 1162.68
880.763 1161.48
884.994 1160.53
889.194 1159.54
893.409 1158.75
897.535 1157.58
901.739 1156.62
905.865 1155.56
910.142 1155.3
914.188 1153.63
918.494 1153.47
922.574 1152.26
926.443 1150.56
930.577 1149.63
934.356 1147.71
938.333 1146.5
942.314 1145.19
946.494 1144.56
950.384 1142.9
954.327 1141.53
958.422 1140.67
962.484 1139.64
966.619 1139.12
970.567 1137.72
974.532 1136.51
978.512 1135.29
982.32 1133.52
985.703 1131.18
986.554 1127.15
987.489 1123.11
987.513 1119.04
986.517 1115.08
985.122 1111.24
982.551 1107.91
979.589 1104.93
976.378 1102.22
973.007 1099.74
969.562 1097.35
966.341 1094.62
962.395 1093.33
958.379 1092.23
954.27 1091.47
950.164 1090.57
945.947 1090.33
941.802 1089.79
938.887 1087.09
938.557 1083.29
941.511 1080.66
945.428 1079.53
949.559 1079.5
953.72 1079.35
957.824 1078.6
961.947 1078.51
966.068 1078.51
970.189 1078.51
974.152 1077.57
977.348 1075.38
977.537 1071.45
977.52 1067.46
977.174 1063.49
976.491 1059.53
975.308 1055.71
973.173 1052.31
970.659 1049.15
967.992 1046.09
965 1043.44
961.82 1041.06
958.494 1038.88
954.792 1037.47
950.954 1036.38
947.011 1035.47
943.037 1034.5
938.943 1034.48
934.841 1034.48
930.737 1034.48
926.634 1034.55
922.548 1035.49
918.465 1035.37
914.429 1033.97
910.173 1033.5
905.799 1033.51
902.787 1030.52
900.044 1027.18
897.373 1023.92
894.107 1021.53
890.529 1019.47
886.602 1018.2
882.498 1017.5
878.301 1017.48
874.101 1017.51
869.982 1018.48
865.882 1019.56
862.067 1021.4
858.401 1023.5
854.877 1025.88
851.647 1028.65
848.342 1031.3
844.123 1031.51
840.088 1032.45
836.131 1033.57
832.549 1035.57
829.095 1037.78
825.523 1039.83
822.018 1042.21
818.078 1043.57
814.016 1044.48
810.602 1042.72
811.399 1038.78
812.558 1034.79
813.489 1030.73
813.454 1026.67
812.452 1022.65
811.513 1018.6
811.527 1014.45
811.528 1010.29
811.507 1006.17
811.506 1002.05
811.516 997.93
811.523 993.809
811.523 989.682
811.489 985.548
811.265 981.417
811.504 977.322
811.541 973.204
811.542 969.047
811.523 964.882
811.523 960.736
811.524 956.571
811.52 952.388
811.51 948.211
812.529 944.229
814.664 940.621
816.391 936.848
818.462 933.275
820.538 929.711
821.831 925.732
823.94 922.137
826.562 918.729
828.626 914.894
830.835 911.129
833.23 907.493
835.548 903.792
837.578 899.933
839.49 895.976
841.546 892.083
843.492 888.072
845.419 884.031
846.781 879.752
849.353 876.225
851.341 872.461
852.533 868.437
853.534 864.351
854.5 860.203
855.565 856.088
856.643 851.998
857.441 847.759
857.556 843.419
860.15 840.103
863.774 837.856
867.601 836.041
871.073 833.595
874.676 831.182
878.112 828.503
881.726 826.15
885.526 824.002
889.198 821.587
893.046 819.56
896.891 817.547
900.704 815.467
904.438 813.198
908.114 810.77
911.91 808.692
915.907 806.656
919.914 804.513
923.941 802.478
927.613 799.916
931.529 797.974
935.203 795.63
939.039 793.664
942.879 791.827
946.477 789.797
949.98 787.661
953.424 785.488
956.924 783.426
960.483 781.377
964.124 779.382
967.568 777.069
971.346 775.174
974.896 772.756
978.652 770.729
982.285 768.439
985.979 766.293
989.395 763.745
993.033 761.521
996.768 759.461
1000.54 757.387
1004.17 755.056
1007.76 752.84
1011.87 751.395
1015.66 749.187
1019.69 747.526
1023.69 745.911
1027.49 747.037
1028.59 751.122
1029.5 755.244
1030.48 759.348
1031.45 763.431
1032.32 767.451
1032.5 771.504
1033.48 775.458
1034.44 779.393
1034.57 783.419
1035.58 787.328
1037.43 791.079
1037.49 795.161
1037.66 799.229
1039.48 802.991
1039.59 807.275
1041.4 811.193
1041.66 815.393
1042.7 819.467
1043.52 823.613
1043.59 827.934
1044.48 832.113
1045.46 836.26
1045.49 840.487
1045.62 844.649
1047.17 848.605
1048.73 852.462
1049.49 856.598
1050.64 860.629
1052.45 864.457
1053.44 868.537
1056.11 871.927
1056.69 876.166
1058.41 879.991
1060.34 883.864
1061.59 888.036
1063.5 891.98
1066.1 895.562
1068.35 899.249
1070.92 902.677
1074.11 905.382
1077.68 907.447
1081.63 908.536
1085.64 909.541
1089.69 910.493
1093.87 910.526
1097.97 911.431
1102.12 911.502
1106.24 911.656
1110.36 912.486
1114.52 912.564
1118.44 914.059
1122.42 915.464
1126.58 915.515
1130.76 915.517
1134.93 915.536
1138.98 916.506
1142.99 917.489
1147.07 917.509
1151.15 917.507
1155.23 917.494
1159.34 917.461
1163.37 917.512
1167.4 917.513
1171.42 917.444
1175.45 917.044
1179.45 916.479
1183.41 915.527
1187.46 915.459
1191.44 914.525
1195.51 914.483
1199.47 913.521
1203.37 912.412
1207.52 912.467
1211.59 911.519
1215.77 911.435
1219.85 910.501
1223.96 909.702
1228.17 910.121
1232.33 909.528
1236.48 909.508
1240.63 909.505
1244.78 909.507
1248.94 909.51
1253.11 909.507
1257.28 909.511
1261.37 910.293
1265.43 911.511
1269.49 912.904
1273.61 914.267
1277.06 916.754
1279.53 920.433
1282.58 923.632
1285.56 927.047
1288.98 929.77
1291.62 933.24
1294.57 936.374
1297.58 939.497
1300.86 942.279
1304.37 944.8
1307.7 947.55
1311.31 949.881
1314.78 952.419
1317.89 955.389
1320.5 958.793
1322.46 962.504
1323.54 966.611
1325.48 970.332
1327.58 973.997
1330.09 977.545
1332.57 981.243
1335.6 984.442
1338.94 987.452
1342.85 989.444
1347.09 990.511
1351.46 990.687
1355.75 989.86
1359.97 988.595
1363.94 990.41
1367.82 992.649
1371.24 995.632
1374.73 998.492
1378.15 1001.36
1382.27 1002.5
1386.46 1001.52
1390.23 999.449
1392.58 995.949
1392.42 991.642
1390.76 987.568
1388.54 983.695
1385.91 980.144
1383.19 976.637
1379.69 973.832
1376.49 970.657
1373.6 967.271
1372.19 963.067
1370.52 958.955
1367.96 955.262
1365.35 951.751
1362.32 948.632
1359.29 945.542
1355.96 942.651
1353.56 939.071
1351.48 935.347
1349.54 931.523
1349.5 927.315
1349.94 923.082
1351.55 919.195
1354.54 916.169
1358.37 914.603
1362.48 915.488
1366.35 917.187
1369.87 919.481
1373.89 920.536
1377.97 921.469
1382.08 920.94
1386.16 920.489
1390.22 919.414
1394.12 917.603
1398.25 916.397
1401.36 913.572
1404.21 910.474
1406.48 906.859
1409.91 904.508
1414 903.529
1418.23 903.504
1422.46 903.462
1426.67 902.592
1430.91 902.502
1435.13 902.513
1439.26 903.438
1443.19 904.979
1447.26 905.384
1450.57 902.995
1453.18 899.764
1454.55 895.917
1454.31 891.851
1451.93 888.423
1448.98 885.507
1445.49 883.185
1441.67 881.366
1437.81 879.57
1433.61 879.442
1429.51 878.489
1425.39 877.546
1421.21 877.458
1417.08 876.592
1412.94 876.495
1408.8 876.495
1404.81 875.719
1401.68 873.085
1398.54 870.474
1394.53 869.422
1390.38 868.524
1386.17 868.48
1381.96 868.508
1377.82 869.472
1373.76 870.467
1369.73 871.404
1365.75 872.5
1361.75 873.575
1357.71 874.524
1353.55 874.576
1349.54 873.789
1346.47 871
1343.82 867.655
1342.57 863.74
1342.47 859.631
1342.52 855.517
1342.58 851.38
1343.47 847.262
1343.55 843.006
1345.39 839.183
1347.32 835.363
1350.15 832.149
1352.66 828.762
1355.29 825.433
1357.45 821.827
1358.62 817.803
1359.63 813.682
1360.61 809.493
1361.5 805.209
1362.5 800.94
1364.52 797.052
1366.39 793.074
1367.9 788.962
1369.52 784.778
1370.5 780.398
1370.34 776.032
1367.88 772.592
1363.83 771.495
1359.68 772.665
1356.13 775.277
1352.75 778.091
1349.63 781.138
1346.05 783.504
1341.79 784.468
1337.64 785.623
1333.86 787.583
1330.49 790.149
1327.39 793.041
1324.4 795.944
1322.54 799.642
1321.36 803.641
1320.45 807.762
1319.49 811.913
1317.66 815.747
1315.67 819.505
1313.49 823.083
1310.89 826.344
1307.58 828.899
1304.65 831.932
1302.08 835.437
1299.06 838.49
1295.91 841.5
1292.9 844.505
1289.98 847.569
1286.66 850.193
1283.16 852.463
1280.1 855.355
1277.23 858.356
1273.79 860.383
1269.68 859.517
1265.58 859.495
1261.47 859.498
1257.38 859.571
1253.24 860.169
1249.09 859.507
1244.9 859.496
1240.71 859.49
1236.6 858.775
1232.66 857.486
1228.67 856.473
1224.67 855.5
1220.63 854.684
1216.65 853.475
1212.58 852.477
1208.5 851.521
1204.3 851.477
1200.16 850.565
1195.99 850.49
1191.86 850.207
1188.11 848.59
1184.26 847.558
1180.46 846.474
1176.67 845.415
1173.11 843.559
1169.18 843.456
1165.36 842.539
1161.51 842.384
1157.68 841.496
1153.75 841.334
1149.87 840.546
1146.08 839.486
1142.23 838.473
1138.33 837.479
1134.41 836.593
1130.41 836.485
1126.52 835.889
1123.53 833.564
1122.56 829.868
1122.51 825.994
1122.55 822.118
1122.49 818.167
1121.52 814.251
1121.5 810.28
1121.51 806.3
1121.51 802.317
1121.5 798.332
1121.5 794.35
1121.51 790.365
1121.49 786.38
1120.54 782.504
1119.53 778.594
1119.43 774.51
1117.52 770.912
1115.76 767.26
1114.49 763.357
1113.45 759.404
1111.54 755.708
1109.63 752.057
1108.45 748.005
1106.65 744.124
1106.5 739.965
1106.71 735.812
1108.47 732.19
1111.44 729.497
1115.5 729.515
1119.61 730.483
1123.75 730.941
1127.69 732.361
1131.69 733.66
1135.58 735.24
1138.35 738.324
1139.74 742.367
1141.86 746.046
1144.84 749.059
1148.42 751.537
1152.11 753.913
1156.09 755.415
1160.4 755.501
1164.37 756.697
1167.06 759.692
1167.52 763.942
1168.44 768.129
1168.48 772.321
1168.53 776.517
1169.48 780.701
1169.49 784.905
1168.77 789.073
1168.18 793.224
1167.52 797.375
1169.38 800.865
1173.18 801.365
1176.39 798.888
1179.06 795.559
1181.49 792.089
1183.37 788.28
1184.58 784.22
1185.83 780.268
1187.2 776.32
1187.51 772.192
1187.53 768.008
1188.24 763.987
1191.18 761.779
1193.95 764.618
1196.39 767.919
1197.51 771.909
1198.52 775.992
1199.49 780.123
1199.47 784.341
1198.55 788.486
1197.64 792.576
1196.47 796.559
1195.5 800.595
1196.77 804.307
1200.51 805.501
1204.35 804.214
1207.45 801.316
1210.42 798.22
1212.91 794.638
1215.44 791.127
1217.51 787.266
1219.32 783.258
1220.34 778.947
1221.23 774.654
1221.51 770.277
1221.5 765.899
1220.53 761.65
1219.36 757.496
1217.56 753.553
1215.42 749.828
1212.89 746.338
1209.84 743.198
1207.13 739.657
1203.6 736.827
1200.12 733.945
1196.56 731.385
1193.48 728.181
1190.54 724.972
1186.98 722.477
1183.47 719.856
1179.64 717.867
1175.63 716.359
1172.21 713.681
1168.4 711.52
1164.5 709.5
1160.67 707.378
1156.67 705.467
1152.86 703.155
1148.97 700.915
1144.68 699.38
1140.99 696.769
1138.77 693.17
1141.6 689.704
1144.44 686.172
1147.12 682.473
1150.39 679.331
1151.87 677.585
1153.34 675.84
1155.68 671.878
1158.12 668.068
1159.69 663.851
1161.76 659.96
1163.89 656.066
1165.69 651.971
1167.53 647.969
1169.48 644.007
1170.68 639.74
1172.15 635.537
1173.45 631.307
1174.51 627.087
1175.48 622.833
1176.4 618.593
1176.95 614.32
1177.5 610.009
1177.55 605.632
1178.27 601.246
1177.62 596.848
1177.59 592.426
1177.45 588.023
1175.55 583.971
1173.56 579.984
1171.46 576.091
1168.79 572.697
1165.63 569.698
1162.49 566.688
1158.9 564.186
1155.61 561.351
1151.77 559.493
1147.59 558.494
1143.41 557.659
1139.18 557.462
1135.05 556.505
1131.38 554.631
1129.48 550.954
1127.64 547.208
1125.91 543.432
1124.68 539.577
1125.4 535.526
1125.51 531.551
1125.51 527.571
1125.51 523.579
1125.51 519.585
1125.51 515.588
1125.49 511.592
1124.55 507.648
1124.35 503.655
1123.54 499.67
1123.51 495.648
1123.51 491.627
1123.51 487.609
1123.52 483.568
1123.5 479.498
1123.19 475.439
1122.58 471.395
1122.52 467.306
1122.35 463.232
1122.47 459.138
1122.75 455.068
1123.47 450.98
1124.36 446.966
1125.45 442.952
1126.48 438.935
1127.99 435.109
1130.15 431.44
1131.86 427.556
1133.84 423.793
1136.44 420.351
1139.4 417.212
1142.62 414.312
1145.69 411.265
1148.77 408.229
1151.72 405.085
1155.15 402.48
1158.33 399.64
1161.53 396.892
1164.74 394.042
1168.62 392.498
1172.83 392.165
1177.1 392.327
1181.26 391.466
1185.45 390.519
1189.76 390.45
1194.01 389.546
1198.33 389.445
1202.36 387.708
1206.55 387.504
1210.76 387.489
1214.9 386.536
1219.02 385.651
1223.24 385.244
1227.18 383.688
1231.13 382.436
1235.13 381.499
1239.13 380.516
1242.92 378.911
1246.84 377.464
1250.76 375.916
1254.78 374.735
1258.74 373.232
1262.69 371.543
1266.82 370.538
1270.89 369.413
1274.69 367.567
1278.7 366.514
1282.62 365.417
1286.39 363.717
1290.33 362.586
1294.28 361.544
1298.36 361.437
1302.31 360.352
1306.29 359.453
1310.25 358.37
1314.29 357.469
1318.35 356.502
1322.41 355.513
1326.44 354.552
1330.43 353.547
1334.51 353.391
1338.41 352.225
1342.39 351.487
1346.33 350.517
1350.23 349.588
1354.2 349.499
1358.18 349.361
1362.11 348.516
1366.12 348.223
1370.1 347.527
1374.14 347.507
1378.18 347.502
1382.22 347.505
1386.26 347.424
1390.28 346.523
1394.37 346.513
1398.48 346.558
1402.59 346.539
1406.71 346.582
1410.78 347.467
1414.86 347.516
1418.98 347.455
1423.13 347.363
1427.24 346.926
1431.35 346.538
1435.47 346.483
1439.54 345.578
1443.65 345.429
1447.58 344.076
1451.58 342.843
1455.49 341.455
1459.17 339.449
1462.82 337.383
1466.3 334.99
1469.46 332.178
1472.39 329.127
1475.36 326.084
1477.78 322.55
1480.47 319.162
1482.5 315.271
1484.37 311.261
1485.49 306.994
1485.54 302.55
1486.48 298.189
1486.36 293.905
1483.99 290.269
1481.01 287.122
1477.67 284.281
1473.61 282.807
1469.29 282.502
1464.94 282.35
1462.48 279.172
1463.79 275.313
1467.18 272.631
1471.38 271.031
1475.17 268.433
1478.69 265.556
1482.19 262.749
1486.02 260.424
1489.24 257.47
1492.46 254.515
1495.37 251.235
1497.92 247.66
1500.06 243.849
1501.49 239.716
1501.51 235.402
1500.6 231.124
1499.55 226.897
1497.73 222.961
1496.19 218.87
1493.76 215.28
1491.12 211.911
1487.76 209.292
1484.43 206.611
1481.07 203.893
1477.25 201.936
1473.25 200.358
1469.38 198.497
1465.43 196.791
1461.37 195.581
1457.12 195.243
1453.13 193.581
1448.92 193.472
1444.7 193.412
1440.53 192.531
1436.36 192.717
1432.24 193.52
1428.23 194.68
1424.14 195.485
1419.97 195.48
1415.81 195.493
1411.62 195.584
1407.43 195.52
1403.32 194.974
1399.23 194.53
1395.15 194.5
1391.08 194.505
1387.01 194.675
1382.96 195.48
1378.9 195.504
1374.84 195.502
1370.77 195.467
1366.73 194.5
1362.55 194.218
1358.63 192.685
1354.57 192.353
1350.47 192.495
1346.4 192.412
1342.42 191.483
1338.56 189.986
1334.7 188.432
1330.61 187.324
1326.76 185.424
1322.93 183.506
1319.48 180.924
1315.56 179.321
1311.77 177.373
1308.49 174.81
1305.01 172.524
1300.86 171.247
1297.28 168.837
1293.08 168.488
1288.91 168.474
1284.92 169.497
1280.99 170.777
1277.4 173.042
1273.5 174.325
1269.64 173.088
1266.28 170.523
1263.2 167.555
1260.01 164.782
1255.98 163.511
1251.67 163.261
1247.46 162.301
1243.51 160.512
1239.48 158.974
1235.5 157.492
1231.37 156.489
1227.16 155.781
1222.92 155.507
1218.69 155.494
1214.45 155.559
1210.27 156.497
1206.11 157.481
1201.96 158.461
1198.34 160.713
1194.57 162.764
1190.62 164.579
1188.1 168.29
1184.31 170.25
1180.6 172.315
1176.39 172.561
1172.19 172.495
1167.99 172.577
1163.75 173.421
1159.85 171.557
1155.83 170.647
1151.78 172.233
1147.52 172.512
1143.59 173.818
1141.04 177.419
1137.68 180.132
1134.55 183.073
1131.28 185.739
1128.71 188.923
1127.52 192.871
1126.45 196.841
1125.52 200.862
1125.49 204.983
1125.15 209.035
1122.61 212.208
1119.41 214.717
1115.72 216.426
1111.81 217.437
1107.78 217.527
1103.75 217.58
1099.73 218.333
1095.69 218.631
1091.77 219.78
1087.84 220.979
1084.05 222.429
1080.28 223.839
1076.54 225.318
1072.56 226.047
1068.83 227.506
1065 228.646
1061.49 230.491
1058.02 232.444
1054.6 234.386
1051.43 236.553
1048.66 239.269
1045.77 241.688
1043.11 244.377
1039.32 244.673
1035.58 245.305
1033.12 248.116
1030.04 249.869
1026.93 251.502
1026.37 255.173
1024.49 258.121
1021.98 260.499
1019.16 262.667
1016.19 264.461
1012.56 264.64
1009.68 266.334
1007.77 268.907
1009.64 271.68
1011.77 274.477
1012.27 277.773
1011.59 281.072
1009.59 283.888
1007.76 286.807
1005.65 289.389
1003.04 291.375
999.948 291.394
998.834 288.809
1000.31 285.579
999.306 282.115
1001.04 278.734
998.182 279.821
994.579 280.153
992.456 282.722
991.198 286.033
989.525 289.188
988.817 292.701
987.64 296.295
983.292 296.066
980.691 298.707
978.615 301.881
976.528 305.102
975.511 308.841
974.667 312.626
972.852 316.008
970.344 318.963
967.543 321.695
965.614 325.1
963.541 328.432
962.397 332.237
960.692 335.862
959.645 339.7
959.5 343.66
959.442 347.621
957.368 350.991
954.542 353.803
953.553 357.519
953.388 361.462
952.473 365.312
951.536 369.177
951.495 373.124
951.509 377.072
951.477 381.061
950.514 384.974
949.632 388.9
949.493 392.894
949.515 396.884
950.464 400.802
950.497 404.759
949.829 408.668
948.536 412.45
947.525 416.282
947.493 420.204
947.493 424.131
947.533 428.071
947.506 432.036
947.498 435.957
947.474 439.879
947.223 443.834
947.243 447.808
946.565 451.778
947.452 455.725
947.534 459.671
946.493 463.346
942.864 462.299
939.374 460.404
935.787 458.709
932.073 457.373
928.22 456.352
924.34 455.511
920.332 455.489
916.467 454.657
913.181 452.481
910.672 449.299
907.799 446.406
904.583 443.912
901.189 441.565
897.402 439.691
893.704 437.53
890.441 434.718
887.996 431.143
886.668 426.938
885.333 422.739
883.395 418.824
880.92 415.215
878.285 411.637
875.087 408.556
871.564 405.752
867.741 403.532
863.505 402.168
859.096 401.498
854.636 401.188
850.32 400.109
846.474 397.789
843.177 394.703
839.59 391.976
836.536 388.692
833.349 385.66
829.548 383.474
825.335 382.062
821.119 380.661
816.8 379.739
812.693 378.371
809.661 375.219
806.658 371.9
803.455 368.825
800.098 365.902
796.979 362.766
793.651 359.831
790.106 357.244
786.402 354.804
782.192 353.473
777.852 352.504
773.443 352.465
769.047 352.659
764.864 354.22
760.612 355.539
756.312 356.497
751.977 356.46
747.911 354.659
743.717 353.225
739.683 351.49
735.656 349.748
731.572 348.557
727.367 348.32
723.094 348.481
719.044 349.635
715.509 352.154
711.853 354.506
708.019 356.509
703.85 357.479
699.621 356.538
695.412 355.455
691.156 354.496
686.81 354.451
682.666 355.361
679.613 358.463
676.647 361.612
673.489 364.531
670.251 367.4
666.807 369.875
662.899 371.498
658.782 372.336
654.627 372.493
650.469 372.493
646.312 372.361
642.162 371.507
638.01 371.54
633.984 372.681
630.788 375.401
629.098 379.468
625.614 381.641
621.863 383.398
617.753 384.465
617.431 388.973
615.213 392.393
612.154 395.151
607.92 395.711
604.062 397.459
599.931 397.745
595.922 398.805
592.036 400.502
588.473 402.831
584.771 404.829
582.4 408.392
579.401 411.422
576.747 414.675
575.465 418.71
573.966 422.681
573.186 426.74
572.447 430.826
571.465 434.823
569.643 438.449
565.916 440.229
562.057 441.552
558.531 443.561
555.472 446.19
553.638 449.833
551.432 453.264
547.864 455.449
546.235 459.055
544.943 462.883
544.408 466.906
543.506 470.923
543.474 475.015
543.481 479.12
543.488 483.207
543.277 487.278
542.267 491.175
539.854 494.394
535.802 495.748
532.722 498.451
529.927 501.464
527.086 504.464
523.975 507.241
520.669 509.807
518.82 513.512
517.258 517.393
516.415 521.545
515.567 525.762
516.43 530.051
515.53 534.235
514.523 538.338
512.138 541.727
508.93 544.45
505.642 546.906
502.549 549.679
499.514 552.584
497.799 556.327
497.402 560.479
497.254 564.695
497.277 568.926
496.442 573.017
493.921 576.451
490.836 579.434
487.072 581.578
483.796 584.429
480.803 587.489
478.802 591.204
477.448 595.225
476.559 599.426
475.711 603.574
473.194 606.97
469.817 609.662
466.731 612.597
463.676 615.549
462.091 619.363
461.493 623.513
461.542 627.711
462.382 631.963
461.622 636.15
460.527 640.251
459.079 644.316
456.077 647.397
452.146 649.487
448.281 651.639
444.722 654.269
440.99 656.563
437.022 658.485
433.338 660.802
429.742 663.382
425.857 665.444
421.596 666.42
417.228 666.54
412.964 667.46
408.934 668.92
405.613 671.693
401.812 673.399
397.561 673.341
393.349 673.473
389.173 673.529
385.188 674.762
381.577 676.891
378.811 680.176
375.546 682.888
372.117 685.295
368.077 685.464
364.283 683.6
360.345 682.384
356.378 681.499
352.335 681.516
348.381 682.542
344.795 684.52
341.846 687.352
339.026 690.314
336.016 693.042
332.226 694.54
328.329 695.445
324.852 693.373
321.619 690.855
317.794 689.506
313.76 689.498
309.856 690.615
306.281 692.702
302.615 694.575
298.537 694.633
294.48 693.506
290.352 693.463
286.231 693.5
282.198 694.509
278.166 695.518
274.045 695.297
270.403 692.771
266.376 691.501
262.133 691.465
257.878 691.488
253.739 692.435
249.656 693.476
245.751 692.395
242.34 689.872
238.548 688.441
234.567 687.506
230.474 687.487
226.382 687.49
222.295 687.499
218.223 687.336
214.609 685.172
210.863 683.331
207.074 681.533
202.999 680.435
198.847 679.461
194.644 678.44
190.378 677.505
186.181 676.535
182.133 675.163
178.504 672.803
174.593 670.948
170.907 668.461
166.998 666.27
163.323 663.742
159.472 661.691
155.635 659.707
151.875 657.522
148.047 655.535
143.939 654.333
140.384 652.245
137 649.744
133.638 647.223
131.166 643.738
127.617 641.318
123.819 639.176
121.576 635.485
119.327 631.818
115.912 629.138
113.135 625.839
109.58 623.523
105.497 622.023
103.357 618.199
100.624 614.745
97.9834 611.224
95.5808 607.56
94.4357 603.273
92.5018 599.384
89.2822 596.27
86.5399 592.833
85.4051 588.572
83.5453 584.55
82.511 580.327
81.5199 576.128
82.4911 572.015
84.6732 568.449
88.4736 566.623
92.6253 565.557
96.8317 564.821
101.084 564.479
105.3 563.595
109.498 564.467
113.692 564.498
117.912 564.317
122.143 564.39
126.319 564.536
130.424 565.484
134.602 565.523
138.825 565.538
142.962 566.49
147.179 566.544
151.36 566.474
155.433 565.487
159.19 563.648
161.906 560.555
163.48 556.695
164.479 552.729
163.497 548.839
161.181 545.526
157.71 543.246
154.297 540.737
150.425 539.069
146.537 537.575
142.527 536.49
138.451 535.502
134.408 534.446
130.384 533.316
126.479 531.619
122.218 531.308
118.255 529.511
114.061 528.485
109.856 527.515
105.564 527.495
101.271 527.409
97.014 526.64
92.7254 526.475
88.4428 526.452
84.1822 526.49
79.9588 526.667
75.7946 527.674
71.737 529.253
67.7472 530.916
64.0947 533.355
59.8234 534.646
56.6287 537.912
52.8006 540.164
49.1409 542.608
46.0899 545.748
43.4284 549.255
40.6238 552.635
37.1921 555.372
34.5033 558.783
32.522 562.616
32.3116 567.084
30.5506 571.252
30.5032 575.643
30.485 580.02
29.831 584.341
28.843 588.615
29.6894 592.968
30.4976 597.347
31.4619 601.667
32.7134 605.829
34.4508 609.845
34.8517 614.176
36.3575 618.195
37.5079 622.267
39.3607 625.999
41.4072 629.617
41.8781 633.769
43.83 637.381
46.4605 640.719
47.4974 644.745
47.779 649.015
49.4873 652.909
51.9421 656.399
54.7347 659.694
56.77 663.549
59.3305 667.063
61.6837 670.713
64.2379 674.276
67.2116 677.498
71.1094 679.782
73.4663 683.424
75.6155 687.194
78.4731 690.411
81.5392 693.426
84.3311 696.656
87.2068 699.75
89.6366 703.257
92.5067 706.378
95.5279 709.409
98.5774 712.417
101.415 715.643
104.041 719.059
107.306 722.027
110.189 725.376
113.221 728.622
116.627 731.474
120.127 734.26
123.063 737.545
126.281 740.496
129.543 743.418
133.098 745.896
136.329 748.83
139.799 751.424
143.71 753.499
146.908 756.527
150.341 759.283
154.051 761.607
157.478 764.332
160.72 767.243
164.344 769.496
168.155 771.488
171.885 773.789
175.726 775.866
179.791 777.582
183.444 780.023
187.427 781.82
191.446 783.634
195.3 785.826
199.255 787.839
203.329 789.52
207.441 791.162
211.362 793.089
215.336 794.731
219.275 796.438
223.391 797.654
227.352 799.519
231.379 801.329
235.404 802.914
239.436 804.545
243.517 806.084
247.484 808.049
251.563 809.675
255.429 811.862
259.443 813.731
263.359 815.971
267.15 818.475
271.2 820.639
274.865 823.244
278.797 825.14
282.455 827.404
286.443 828.937
290.092 831.224
293.976 832.73
297.77 834.489
301.534 836.286
305.485 837.534
309.308 839.194
313.171 840.593
316.943 842.332
320.583 844.299
324.399 845.814
328.204 847.492
331.879 849.427
335.614 851.273
339.542 852.628
343.475 854.052
347.024 856.478
350.816 858.462
355.077 859.533
359.032 861.46
363.033 863.331
367.252 864.208
371.473 864.606
375.385 866.369
379.138 868.495
383.24 869.814
387.188 871.571
391.253 873.205
395.355 874.346
399.322 875.847
403.056 877.934
407.056 879.496
411.147 880.828
414.736 883.313
418.83 884.449
422.892 885.535
426.663 887.474
430.682 888.539
434.748 889.509
438.501 891.374
442.436 892.655
446.283 894.235
450.222 895.507
454.247 896.491
458.179 897.668
461.874 899.498
465.868 900.507
469.749 901.86
473.484 903.566
477.348 905.005
481.299 906.175
485.207 907.461
489.174 908.504
493.174 909.44
497.196 909.979
500.985 911.531
504.882 912.899
508.686 914.399
512.589 915.472
516.676 915.571
520.659 916.471
524.593 917.517
528.552 918.529
532.548 919.485
536.651 919.601
540.643 920.603
544.683 921.522
548.742 922.451
552.863 922.523
556.873 923.472
560.887 923.98
564.939 924.529
568.97 925.461
573.061 925.556
577.076 926.51
581.114 927.365
585.142 927.499
589.131 927.644
593.091 928.53
597.105 929.243
601.142 929.57
605.172 930.512
609.211 931.251
613.268 931.657
617.157 932.803
620.023 935.624
621.495 939.535
622.498 943.644
623.594 947.725
625.521 951.507
627.604 955.213
629.293 959.113
630.568 963.123
631.936 967.119
632.565 971.246
631.933 975.409
631.037 979.49
630.46 983.698
630.048 987.961
629.522 992.252
630.452 996.528
631.393 1000.79
632.52 1004.95
634.522 1008.8
636.511 1012.7
638.668 1016.49
641.19 1020.13
643.367 1023.89
643.433 1028.13
641.09 1031.83
638.122 1035.19
634.508 1037.88
631.656 1041.36
628.599 1044.56
625.409 1047.63
621.907 1050.42
618.711 1053.55
615.946 1057.2
612.624 1060.27
609.695 1063.67
606.551 1066.92
603.778 1070.5
601.562 1074.45
598.456 1077.67
594.847 1080.39
591.668 1083.63
589.007 1087.36
585.487 1089.96
582.297 1092.95
578.83 1095.6
575.522 1098.51
572.156 1101.31
568.321 1103.5
565.323 1106.6
562.619 1110.05
559.609 1113.27
556.743 1116.52
553.734 1119.66
550.87 1123.06
547.852 1126.38
545.582 1130.15
543.766 1134.15
542.55 1138.33
540.405 1142.09
539.54 1146.26
540.461 1150.6
540.45 1154.93
540.483 1159.26
540.496 1163.54
541.386 1167.72
542.412 1171.82
542.507 1176
543.538 1180.01
545.899 1183.57
547.479 1187.41
548.147 1191.51
548.506 1195.64
549.529 1199.71
550.49 1203.82
551.51 1207.94
553.369 1211.79
554.426 1215.85
555.48 1219.86
557.311 1223.6
558.625 1227.49
559.811 1231.41
561.429 1235.33
562.155 1239.46
563.719 1243.38
565.612 1247.23
567.321 1251.07
567.581 1255.23
568.482 1259.33
569.159 1263.46
569.656 1267.55
571.365 1271.45
571.531 1275.58
571.65 1279.71
571.493 1283.92
571.488 1288.11
571.492 1292.29
571.389 1296.47
570.511 1300.66
571.464 1304.85
571.498 1309.06
571.47 1313.27
571.508 1317.49
572.7 1321.47
575.199 1324.99
576.721 1328.91
579.385 1332.07
582.46 1334.98
585.821 1337.51
589.535 1339.57
593.375 1341.47
597.524 1342.46
601.733 1343.17
605.992 1343.49
610.276 1343.52
614.423 1344.46
618.518 1345.47
622.565 1346.47
626.641 1347.22
630.758 1347.49
634.918 1346.61
638.996 1347.49
643.048 1348.49
647.097 1349.38
651.068 1350.5
655.064 1351.5
659.079 1352.25
663.055 1353.33
667.007 1354.46
671.107 1354
675.165 1353.56
679.154 1354.68
683.136 1355.51
687.049 1356.61
690.787 1358.21
694.592 1359.47
698.626 1359.47
702.58 1359.78
706.547 1360.52
710.545 1360.69
714.531 1361.34
718.531 1361.54
722.411 1362.5
726.253 1363.61
730.114 1364.59
734.02 1365.52
737.931 1366.49
741.895 1367.27
745.847 1368.25
749.912 1367.62
753.978 1367.74
757.965 1368.54
761.908 1369.5
765.963 1369.54
770.031 1369.58
774.092 1369.37
777.903 1367.64
781.997 1367.28
786.059 1366.56
790.182 1366.25
794.042 1365.15
796.541 1362.09
797.719 1358.1
799.657 1354.7
803.509 1355.1
807.294 1356.61
810.976 1358.39
814.863 1359.58
818.461 1361.37
822.106 1363.03
825.693 1364.84
829.231 1366.78
832.846 1368.62
836.46 1370.51
840.057 1372.47
843.85 1374.04
847.671 1375.45

