CONTOUR

1

1281

911.319 1451.17
915.419 1450.5
919.477 1449.44
923.613 1448.52
927.719 1447.53
931.51 1445.55
935.611 1444.64
939.514 1443.26
943.323 1441.57
947.35 1440.5
951.416 1439.46
955.241 1437.58
959.279 1436.47
963.319 1435.34
967.185 1433.6
971.288 1432.74
975.425 1432.09
979.471 1431.05
983.617 1430.28
987.562 1428.62
991.638 1427.54
995.935 1427.39
999.577 1424.95
1003.54 1423.64
1007.63 1422.91
1011.6 1421.54
1015.7 1420.78
1019.87 1420.39
1023.67 1418.59
1027.71 1417.51
1031.61 1415.95
1035.61 1415.02
1039.63 1414.1
1043.56 1412.61
1047.58 1411.52
1051.66 1410.56
1055.68 1409.52
1059.73 1408.5
1063.82 1407.54
1067.92 1406.77
1071.88 1405.56
1075.78 1404.25
1079.52 1402.63
1083.24 1400.9
1087.07 1399.45
1090.69 1397.62
1094.39 1396.04
1097.26 1393.14
1100.56 1390.79
1103.69 1388.13
1107.45 1386.45
1111.04 1384.54
1112.71 1380.91
1113.36 1376.76
1113.49 1372.49
1115.34 1368.93
1119.2 1367.65
1123.39 1367.51
1127.59 1367.53
1131.8 1367.49
1136 1367.52
1140.2 1367.64
1144.36 1368.27
1148.56 1368.63
1152.77 1368.79
1156.88 1368.21
1159.53 1365.06
1160.5 1360.89
1160.55 1356.53
1160.41 1352.17
1158.16 1348.52
1155.44 1345.09
1152.43 1341.94
1148.96 1339.31
1145.89 1336.37
1142.72 1333.51
1139.35 1330.82
1135.56 1328.97
1131.71 1327.25
1127.84 1325.56
1123.77 1324.34
1119.52 1323.48
1115.9 1321.49
1115.96 1317.52
1117.48 1313.39
1117.51 1309.06
1117.49 1304.72
1116.53 1300.48
1115.46 1296.25
1113.46 1292.45
1110.82 1288.99
1108.24 1285.6
1104.65 1283.23
1101.03 1280.93
1097.08 1279.61
1092.9 1279.32
1088.72 1278.5
1084.48 1278.5
1080.3 1279.21
1076.1 1279.54
1071.99 1280.58
1067.89 1281.32
1063.94 1279.53
1059.79 1279.44
1055.59 1279.22
1051.49 1279.5
1047.7 1281.07
1044.33 1283.34
1040.48 1284.54
1036.97 1286.4
1033.63 1288.58
1030.63 1286.55
1030.5 1282.59
1030.53 1278.57
1030.12 1274.61
1028.05 1271.23
1025.6 1268.09
1022.77 1265.28
1019.56 1262.83
1016.14 1260.51
1012.48 1258.6
1008.5 1257.47
1004.46 1256.52
1000.33 1257.42
996.429 1257.4
995.673 1253.5
997.716 1249.74
1000.33 1246.33
1002.52 1242.59
1005.28 1239.21
1007.54 1235.5
1009.77 1231.77
1011.96 1227.98
1014.85 1224.57
1016.56 1220.58
1019.15 1217.08
1021.25 1213.39
1023.01 1209.59
1025.38 1206.18
1026.78 1202.28
1029.4 1199.02
1031.7 1195.32
1033.96 1191.56
1035.55 1187.51
1037.75 1183.74
1040.46 1180.24
1042.47 1176.32
1043.66 1171.99
1046.63 1168.78
1049.24 1165.34
1050.32 1161.27
1050.77 1157
1053.45 1153.78
1056.02 1150.47
1057.56 1146.65
1059.38 1142.92
1059.51 1138.72
1059.54 1134.52
1061.34 1130.67
1062.56 1126.63
1064.03 1122.63
1067.03 1119.34
1067.53 1115.12
1069.32 1111.31
1070.5 1107.39
1071.5 1103.4
1071.58 1099.21
1073.24 1095.41
1074.46 1091.52
1074.55 1087.48
1074.54 1083.36
1075.25 1079.33
1075.5 1075.26
1074.73 1071.22
1074.55 1067.06
1074.66 1062.85
1074.44 1058.7
1073.52 1054.55
1073.43 1050.3
1072.53 1046.09
1072.49 1041.8
1071.58 1037.61
1071.45 1033.34
1069.82 1029.29
1069.5 1025.03
1068.52 1020.93
1067.46 1016.85
1065.78 1012.96
1065.52 1008.87
1065.48 1004.76
1063.73 1000.94
1062.74 997.005
1061.49 993.12
1060.52 989.126
1059.55 985.098
1059.09 981.036
1057.56 977.143
1057.54 973.056
1057.47 969.009
1055.56 965.318
1054.54 961.359
1053.54 957.406
1053.15 953.373
1052.29 949.387
1050.55 945.643
1049.5 941.756
1048.45 937.855
1047.03 934.029
1045.49 930.23
1043.58 926.546
1042.94 922.525
1043.43 918.348
1042.52 914.233
1042.52 910.078
1042.52 905.857
1041.54 901.698
1042.39 897.504
1042.23 893.423
1040.85 889.461
1040.53 885.346
1040.52 881.184
1039.56 877.14
1038.54 873.119
1038.51 868.917
1037.58 864.856
1036.37 860.946
1036.47 856.784
1035.51 852.755
1034.63 848.73
1034.37 844.674
1034.53 840.67
1034.55 836.607
1034.25 832.615
1032.55 828.78
1032.26 824.706
1030.78 820.901
1029.59 816.999
1028.92 812.983
1028.5 808.939
1027.54 804.99
1026.61 801.105
1025.44 797.289
1023.55 793.693
1023.6 789.889
1025.58 786.355
1027.63 782.813
1029.53 779.212
1031.54 775.615
1033.58 772.023
1035.52 768.281
1036.66 764.116
1039.13 760.518
1041.42 756.989
1043.51 753.392
1045.5 749.688
1047.61 746.036
1049.97 742.477
1052.33 738.896
1054.37 735.184
1055.56 731.011
1058.24 727.517
1060.62 723.901
1062.65 720.076
1064.53 716.262
1067.47 713.126
1070.56 710.017
1073.59 706.926
1076.27 703.534
1079.58 700.799
1083.68 699.794
1087.91 699.439
1092.09 698.522
1095.97 699.619
1098.49 703.103
1101.48 705.965
1105.05 708.217
1107.43 711.683
1110.65 714.373
1114.31 716.539
1117.49 719.393
1120.61 722.264
1123.65 725.256
1126.51 728.444
1129.16 731.895
1131.72 735.404
1134.67 738.612
1136.83 742.418
1139.95 745.436
1142.54 748.914
1144.8 752.57
1146.75 756.363
1149.31 759.801
1151.69 763.465
1153.74 767.393
1155.79 771.335
1158.92 774.622
1161.19 778.353
1162.67 782.443
1164.72 786.258
1167.48 789.586
1169.79 793.263
1172.86 796.479
1176.01 799.623
1178.59 803.272
1180.63 807.293
1183.34 810.783
1186.45 813.928
1188.99 817.526
1191.61 821.032
1194.61 824.254
1198.2 826.886
1200.92 830.477
1204.45 833.174
1207.96 835.852
1211.62 838.248
1215.76 839.502
1219.95 840.491
1224.13 840.503
1228.19 839.494
1232.04 837.682
1236.1 836.63
1240.12 835.754
1244.11 834.696
1248 833.366
1251.91 831.993
1255.86 830.609
1259.62 828.522
1263.56 826.622
1267.28 824.38
1270.67 821.652
1273.84 818.669
1276.96 815.64
1280.5 813.006
1283.55 809.776
1286.93 807.017
1290.35 804.348
1293.66 801.538
1297.33 799.262
1300.87 796.71
1304.85 795.534
1308.35 797.909
1311.41 801.12
1314.69 804.033
1317.8 807.271
1321.67 809.466
1325.62 811.476
1329.57 813.494
1333.27 815.892
1334.29 820.102
1334.49 824.511
1335.49 828.834
1337.31 832.905
1339.87 836.466
1343.11 839.568
1344.69 843.606
1344.57 848.119
1346.9 851.47
1350.96 852.552
1355.28 852.524
1359.61 852.471
1363.83 851.461
1367.8 849.646
1371.69 847.528
1375.24 844.911
1378.26 841.807
1380.67 838.274
1382.49 834.389
1382.43 830.18
1380.59 826.162
1379.49 821.904
1377.52 818
1374.98 814.437
1372.59 810.705
1370.63 806.773
1367.5 803.633
1363.87 801.073
1361.55 797.552
1359.23 794.027
1356.38 790.696
1353.58 787.34
1351.96 783.402
1351.31 779.09
1350.55 774.728
1352.56 770.887
1355.69 767.782
1358.49 764.477
1361.31 761.199
1364.38 758.095
1367.44 755.073
1370.06 751.621
1371.61 747.65
1373.05 743.566
1372.54 739.235
1372.51 734.964
1372.52 730.7
1371.81 726.54
1369.07 723.612
1364.8 723.468
1360.49 723.49
1356.2 723.42
1351.92 722.492
1347.62 722.507
1343.37 723.517
1339.3 725.243
1335.32 727.217
1331.34 729.199
1327.68 731.671
1324.62 734.853
1321.91 738.414
1318.49 736.047
1315.7 732.894
1313.55 729.304
1311.65 725.615
1309.52 722.149
1307.57 718.607
1306.33 714.705
1305.48 710.688
1304.45 706.652
1303.51 702.551
1303.5 698.352
1303.51 694.143
1303.51 689.921
1303.52 685.694
1303.5 681.449
1302.26 677.351
1301.42 673.11
1299.18 669.443
1296.54 665.895
1293.14 663.043
1290.3 659.516
1287.43 656.01
1283.57 653.938
1280 651.467
1275.84 650.259
1271.58 649.49
1267.32 649.783
1263.27 651.333
1259.36 653.174
1255.82 655.612
1252.75 658.565
1249.75 661.604
1246.73 664.641
1243.69 667.713
1241.86 671.436
1242.72 675.32
1246.12 677.496
1250.27 677.257
1254.34 675.75
1258.37 675.551
1260.57 678.873
1260.5 683.059
1260.44 687.267
1260.35 691.519
1261.31 695.539
1263.35 699.139
1265.49 702.649
1268.21 705.627
1271.26 708.31
1272.36 711.953
1272.56 715.938
1272.5 720.005
1272.5 724.037
1273.23 728.048
1273.48 732.071
1273.48 736.103
1273.51 740.11
1274.55 744.037
1275.55 747.953
1274.42 751.522
1270.56 752.53
1266.63 753.489
1262.7 754.466
1258.77 755.457
1254.77 755.49
1250.75 755.469
1246.74 755.555
1242.8 756.531
1238.79 757.466
1234.67 757.507
1230.69 758.602
1226.76 759.557
1222.76 759.766
1220.48 756.667
1219.22 752.757
1216.55 749.708
1214.13 746.48
1211.2 743.628
1208.56 740.472
1207.44 736.403
1205.56 732.634
1205.49 728.485
1204.51 724.538
1202.63 720.887
1201.21 717.053
1198.88 713.564
1197.25 709.768
1194.4 706.71
1191.87 703.426
1189.58 699.955
1187.15 696.541
1184.16 693.57
1181.29 690.6
1178.86 687.259
1178.47 682.977
1177.19 678.844
1177.49 674.532
1177.46 670.307
1175.56 666.48
1173.6 662.68
1174.46 658.35
1173.47 654.359
1171.54 650.56
1170.6 646.469
1169.4 642.519
1166.75 639.131
1165.5 635.054
1163.62 631.243
1162.51 627.195
1160.53 623.484
1159.46 619.35
1157.26 615.7
1154.21 612.575
1151.68 608.974
1149.23 605.362
1145.96 602.342
1143.5 598.727
1140.31 595.707
1136.92 593.068
1133.04 591.495
1128.96 590.297
1126.63 586.956
1126.47 582.644
1125.56 578.417
1125.53 574.198
1126.5 570.003
1127.41 565.851
1127.51 561.712
1127.46 557.557
1127.49 553.298
1127.54 549.078
1128.49 544.89
1128.13 540.822
1126.07 537.388
1122.66 535.115
1119.05 533.014
1117.52 529.424
1117.47 525.325
1116.54 521.309
1115.76 517.308
1115.36 513.278
1114.31 509.306
1113.44 505.267
1111.63 501.471
1110.39 497.538
1108.93 493.66
1106.71 490.14
1104.91 486.463
1103.27 482.705
1100.6 479.508
1097.88 476.376
1096.41 472.573
1095.54 468.559
1095.52 464.44
1095.17 460.363
1094.48 456.277
1094.36 452.093
1094.52 447.969
1095.45 443.877
1095.51 439.781
1095.5 435.69
1095.52 431.605
1096.22 427.575
1096.92 423.552
1097.69 419.547
1098.55 415.521
1099.48 411.471
1099.55 407.347
1100.49 403.316
1101.36 399.292
1101.6 395.184
1102.57 391.138
1103.52 387.039
1104.52 382.939
1105.52 378.856
1106.87 374.841
1108.53 370.927
1110.39 367.087
1111.54 362.871
1113.44 358.921
1114.94 354.755
1116.45 350.593
1117.68 346.349
1119.58 342.343
1122.48 338.95
1125.64 335.788
1129.72 334.143
1133.75 332.419
1137.25 329.742
1141.14 327.685
1144.26 324.63
1147.73 321.971
1151.34 319.581
1155.11 317.4
1158.22 314.456
1161.47 311.665
1164.33 308.571
1167.22 305.511
1170.34 302.599
1173.17 299.414
1175.54 295.908
1177.62 292.198
1179.91 288.625
1182.48 285.157
1184.94 281.549
1187.55 278.066
1190.11 274.536
1193.11 271.407
1196.09 268.325
1199.32 265.383
1202.05 261.931
1205.52 259.144
1208.87 256.21
1211.76 252.855
1215.36 250.405
1218.69 247.555
1222.01 244.841
1225.65 242.446
1229.42 240.283
1232.86 237.671
1236.71 236.027
1240.57 234.551
1244.49 233.321
1248.26 231.516
1252.01 229.639
1255.63 227.458
1259.3 225.29
1263.12 223.323
1266.23 220.504
1269.15 217.45
1271.44 213.894
1273.99 210.541
1276.45 207.051
1278.61 203.314
1280.37 199.373
1281.57 195.231
1283.43 191.263
1283.52 186.986
1283.51 182.707
1282.61 178.547
1280.56 174.817
1277.91 171.347
1275.44 167.854
1275.91 163.852
1278.78 160.466
1280.86 156.673
1283.22 153.128
1284.6 149.11
1286.35 145.252
1287.53 141.172
1288.52 137.013
1289.48 132.833
1289.53 128.593
1289.56 124.308
1289.55 120.025
1289.5 115.763
1288.58 111.562
1287.5 107.443
1286.01 103.433
1284.35 99.51
1281.67 96.1
1279.11 92.5664
1275.75 89.7648
1272.01 87.4315
1268.15 85.487
1264.3 83.5982
1260.19 82.5852
1255.96 82.307
1251.8 81.4939
1247.59 81.4673
1243.36 81.4735
1239.16 81.4982
1234.97 82.2607
1230.78 82.372
1226.55 82.0541
1222.62 83.441
1218.63 84.7932
1215.19 87.284
1211.39 89.1141
1207.68 90.967
1204.55 93.8077
1200.93 96.0315
1197.65 98.7363
1194.24 101.265
1190.06 101.507
1185.84 101.498
1181.65 101.823
1177.72 103.48
1173.53 103.511
1169.36 103.473
1165.43 101.94
1161.61 100.169
1158.05 97.8424
1154.28 95.7757
1150.2 94.6671
1146.11 93.5305
1142.03 94.3311
1138.05 95.6048
1134.58 97.8611
1132.58 101.713
1129.58 104.649
1125.7 105.468
1122.15 102.763
1118.17 101.509
1113.94 101.19
1110.01 99.6159
1105.97 98.5087
1101.79 98.4909
1097.6 98.5108
1093.52 99.4982
1089.44 100.482
1085.36 101.129
1081.57 102.617
1078.28 105.237
1074.79 107.618
1072.59 111.175
1071.53 115.265
1070.51 119.27
1070.46 123.599
1067.56 126.497
1063.92 128.527
1059.79 129.562
1056.34 132.252
1052.28 133.427
1048.79 135.544
1046.4 138.905
1044.49 142.585
1044.49 146.91
1043.41 150.964
1041.28 154.637
1039.51 158.472
1039.45 162.782
1038.47 166.977
1038.26 171.314
1037.42 175.55
1036.43 179.824
1034.33 183.715
1031.81 187.402
1029.38 190.996
1026.61 194.256
1023.36 197.073
1020.28 200.133
1016.88 202.967
1014.47 206.561
1012.18 210.21
1009.04 213.295
1006.16 216.508
1003.55 219.953
1001.12 223.503
998.717 226.995
996.854 230.774
996.417 234.946
995.498 238.994
993.666 242.711
991.356 246.207
989.442 249.886
988.365 253.901
987.61 257.984
985.904 261.657
982.73 264.547
981.125 268.282
980.482 272.443
978.786 276.211
978.689 280.272
978.223 284.237
975.382 287.129
973.406 290.421
972.49 294.21
971.679 298.02
971.455 301.867
970.345 305.604
970.718 309.611
969.361 313.27
966.411 316.103
965.469 319.956
964.057 323.651
963.611 327.412
964.452 331.285
964.167 335.118
962.513 338.774
963.215 342.75
962.909 346.562
962.072 350.161
958.566 352.33
957.07 355.754
955.794 359.341
955.49 363.135
955.276 366.911
956.393 370.793
954.519 374.416
953.915 378.237
953.751 382.097
953.504 385.907
953.5 389.723
953.513 393.54
953.509 397.359
952.599 401.093
951.854 404.799
951.301 408.615
950.324 412.318
948.457 415.873
948.386 419.752
948.295 423.645
947.749 427.547
948.41 431.398
949.301 435.18
949.464 438.944
947.586 441.868
944.423 439.941
942.252 436.646
939.847 433.53
937.117 430.782
933.506 429.534
929.618 429.483
925.711 429.476
922.447 427.528
920.075 424.329
917.26 421.58
913.921 419.54
910.107 418.52
906.096 418.185
903.588 415.171
901.559 411.69
899.13 408.46
896.241 405.554
892.819 403.479
888.947 402.399
884.959 401.488
880.819 401.468
876.702 401.499
872.749 402.515
869.577 405.067
866.907 408.314
863.097 409.656
858.955 409.452
854.756 408.847
850.532 409.439
846.53 410.794
843.498 413.58
841.46 417.38
838.537 420.483
836.01 423.908
832.02 425.484
827.787 426.443
823.68 427.657
820.613 430.571
818.622 434.303
817.497 438.407
816.366 442.504
814.473 446.283
811.83 449.616
809.313 453.007
805.774 455.286
802.035 457.11
797.821 457.484
793.898 458.629
791.016 461.626
788.43 464.964
786.474 468.724
784.483 472.42
782.394 476.109
781.447 480.242
780.38 484.385
779.549 488.594
777.302 492.1
774.245 494.99
770.854 497.31
767.594 499.78
765.3 503.232
763.347 506.725
761.295 510.112
759.182 513.449
756.672 516.744
755.47 520.669
754.506 524.735
753.59 528.762
753.486 532.862
753.431 536.995
752.526 541.112
752.385 545.271
750.359 548.852
747.567 552.049
745.555 555.867
743.632 559.699
741.292 563.327
738.541 566.625
736.655 570.376
735.503 574.418
734.556 578.475
734.48 582.573
734.478 586.702
734.511 590.83
735.449 594.961
735.49 599.123
735.532 603.274
736.485 607.399
736.479 611.53
734.981 615.442
732.55 618.927
730.604 622.789
728.299 626.463
725.646 629.937
723.557 633.72
722.346 637.802
721.492 642.004
721.478 646.308
721.504 650.624
722.402 654.877
722.47 659.141
721.929 663.421
721.763 667.689
720.059 671.441
717.719 674.722
715.437 678.06
713.055 681.393
710.648 684.732
709.456 688.684
707.42 692.217
704.422 695.124
701.49 698.044
698.95 701.416
696.45 704.813
694.338 708.475
691.624 711.76
689.43 715.417
687.513 719.289
685.544 722.963
684.431 726.965
681.995 730.411
680.698 734.328
679.276 738.143
677.015 741.505
675.512 745.273
674.699 749.269
673.483 753.126
672.579 757.1
671.617 761.022
670.555 764.82
670.309 768.758
669.507 772.675
669.384 776.675
668.506 780.617
668.33 784.629
667.593 788.625
667.467 792.629
666.516 796.543
665.438 800.444
664.499 804.423
664.48 808.485
664.475 812.559
664.05 816.612
663.5 820.675
663.488 824.761
663.466 828.859
662.501 832.916
662.158 837.019
661.491 841.134
660.521 845.19
660.476 849.316
659.634 853.336
658.216 857.149
655.35 860.19
651.83 862.639
649.471 866.07
647.441 869.777
645.171 873.365
642.554 876.734
639.529 879.733
636.605 882.943
634.657 886.93
631.747 890.035
628.471 892.712
624.59 894.301
620.544 895.536
616.712 897.444
612.612 898.48
608.526 899.482
604.396 899.476
600.23 898.552
596.051 899.44
591.93 899.479
587.897 898.54
583.912 897.396
580.178 895.533
576.245 894.296
572.656 892.528
568.79 891.432
565.191 889.598
561.357 888.507
557.576 887.336
554.016 885.403
550.337 883.607
546.422 882.387
543.181 879.761
539.278 878.499
535.369 877.22
531.776 875.042
527.922 873.441
524.232 871.401
520.65 869.168
517.195 866.819
513.3 865.305
509.793 863.088
506.447 860.367
502.648 858.293
499.339 855.465
495.854 852.938
491.871 851.273
488.728 848.327
485.364 845.794
481.567 844.072
477.783 842.305
474.71 839.502
471.064 837.378
467.357 835.448
463.803 833.296
460.249 831.367
456.783 829.172
453.506 826.689
449.929 824.555
446.216 822.586
442.552 820.464
438.385 819.366
434.648 816.993
430.557 815.388
426.819 812.943
422.766 811.215
418.867 809.228
414.975 807.158
411.271 804.66
407.42 802.296
403.728 799.686
399.479 798.534
395.234 797.49
390.913 797.487
386.67 798.525
382.54 799.878
379.775 803.307
377.344 807.116
374.68 810.801
374.471 815.326
374.473 819.834
374.591 824.319
376.65 828.359
377.669 830.387
378.688 832.415
380.658 836.439
383.466 839.903
386.386 843.283
388.699 847.124
391.815 850.118
395.069 853.056
397.782 856.411
400.89 859.476
403.653 862.894
407.289 865.236
409.609 868.732
412.733 871.317
416.056 873.71
418.872 876.711
421.829 879.52
425.199 881.962
427.839 885.242
431.337 887.574
434.586 890.272
437.433 893.518
441.144 895.746
444.585 898.369
447.652 901.398
450.539 904.626
453.906 907.362
457.227 910.083
459.757 913.516
463.179 916.064
465.855 919.415
468.925 922.5
472.561 924.989
475.79 927.917
479.102 930.647
482.312 933.305
485.664 935.673
489.219 937.851
491.872 941.258
495.499 943.574
498.817 946.336
501.912 949.393
504.941 952.592
508.228 955.544
511.446 958.671
514.688 961.572
518.175 964.16
521.21 967.261
524.445 970.056
527.53 973.036
530.907 975.678
534.444 978.224
537.631 981.169
541.13 983.546
544.526 986.233
547.992 988.846
551.32 991.782
554.495 994.863
557.964 997.674
561.177 1000.65
564.649 1003.28
568.269 1005.64
571.658 1008.48
575.146 1011.17
578.851 1013.39
582.651 1015.4
586.318 1017.53
589.979 1019.71
592.792 1022.92
595.646 1026.04
598.731 1028.96
602.022 1031.6
605.379 1034.01
608.921 1036.18
612.48 1038.29
616.327 1039.81
620.112 1041.69
623.972 1043.45
627.842 1045.22
631.839 1046.49
635.625 1048.27
639.585 1049.55
643.527 1050.87
647.497 1052.09
651.472 1053.29
655.563 1053.51
659.664 1053.53
663.695 1054.29
667.781 1054.53
671.806 1055.47
675.905 1055.54
679.923 1056.46
683.921 1056.53
687.864 1057.39
691.853 1057.53
695.785 1058.29
699.773 1058.51
703.772 1058.51
707.546 1059.37
709.471 1062.53
708.941 1066.52
708.458 1070.5
706.521 1074.01
705.495 1077.84
705.494 1081.89
705.484 1085.9
705.488 1089.94
705.491 1093.98
705.432 1098.04
704.575 1102.14
705.471 1106.25
705.492 1110.39
705.484 1114.55
705.523 1118.7
706.502 1122.79
707.475 1126.94
707.517 1131.3
708.726 1135.47
710.629 1139.43
713.21 1142.95
714.599 1147.06
716.552 1150.85
719.378 1154.09
721.552 1157.71
723.694 1161.35
725.521 1165.19
727.311 1169.06
727.497 1173.18
727.489 1177.31
727.551 1181.45
729.367 1185.4
729.49 1189.48
728.713 1193.61
728.89 1197.66
730.384 1201.57
730.509 1205.65
731.455 1209.63
731.648 1213.66
732.494 1217.68
733.359 1221.7
734.334 1225.66
734.626 1229.79
735.455 1233.85
735.5 1237.94
735.49 1242.05
735.567 1246.16
736.597 1250.25
737.487 1254.41
737.496 1258.65
737.504 1262.9
738.44 1267.06
739.562 1271.15
741.431 1275.05
742.68 1279.1
744.498 1282.81
746.342 1286.45
747.539 1290.35
749.393 1294
751.498 1297.45
753.643 1300.88
756.371 1303.95
758.87 1307.37
761.747 1310.33
765.304 1312.5
769.401 1313.57
773.628 1314.41
777.917 1314.56
782.206 1314.36
786.225 1312.86
790.424 1312.24
794.651 1311.48
798.868 1310.44
803.105 1309.52
807.26 1308.28
811.557 1307.53
815.398 1305.61
819.167 1303.53
823.291 1302.44
827.386 1301.25
830.677 1298.51
833.934 1295.77
837.516 1297.12
839.466 1300.86
841.278 1304.67
842.53 1308.6
843.503 1312.66
844.848 1316.61
847.36 1319.92
849.989 1323.23
852.718 1326.42
855.736 1329.33
859.16 1331.73
862.386 1334.39
865.907 1336.58
869.348 1338.83
869.517 1342.82
869.513 1346.9
869.532 1350.97
869.852 1355.08
869.5 1359.19
869.493 1363.29
869.494 1367.4
869.502 1371.51
869.578 1375.64
870.401 1379.75
869.554 1383.85
869.478 1387.89
869.279 1391.98
868.486 1395.99
867.506 1399.97
867.494 1404.03
867.527 1408.17
867.471 1412.23
866.541 1416.28
866.493 1420.34
867.452 1424.28
869.464 1427.85
871.685 1431.28
874.765 1433.97
877.732 1436.88
880.767 1439.61
883.797 1442.42
887.323 1444.6
891.088 1446.39
895.094 1447.7
898.948 1449.46
903.127 1449.72
907.189 1450.72

