CONTOUR

1

1287

1270.42 1400.8
1274.43 1400.85
1278.45 1400.56
1282.48 1400.45
1286.46 1399.53
1290.51 1399.51
1294.55 1399.36
1298.18 1397.53
1301.76 1395.53
1305.4 1393.56
1308.52 1390.84
1311.6 1387.96
1314.43 1384.95
1315.53 1381.06
1315.61 1376.68
1318.44 1373.2
1319.71 1369.05
1320.6 1364.63
1321.62 1360.55
1324.81 1357.66
1327.36 1354.36
1329.8 1351.01
1333.08 1348.37
1335.55 1344.91
1338.38 1341.68
1340.04 1337.75
1340.85 1333.73
1343.15 1330.48
1345.43 1327.32
1347.73 1324.15
1350.04 1321.02
1351.87 1317.52
1352.59 1313.27
1355.53 1310.18
1358.16 1306.86
1360.54 1303.32
1362.85 1299.63
1365.35 1296.11
1366.63 1291.95
1369.48 1288.85
1371.96 1285.44
1374.43 1281.94
1376.36 1278.12
1376.52 1273.72
1377.45 1269.49
1379.21 1265.48
1379.52 1261.23
1379.47 1256.97
1377.69 1252.94
1377.38 1248.67
1377.3 1244.34
1377.5 1240.07
1377.52 1235.82
1377.24 1231.61
1375.56 1227.78
1373.06 1224.42
1370.37 1221.12
1367.3 1218.09
1363.77 1215.63
1359.74 1214.34
1355.61 1213.59
1351.51 1214.64
1347.49 1216.28
1343.55 1218.07
1339.62 1218.17
1339.54 1214.39
1341.43 1210.64
1342.44 1206.65
1343.47 1202.7
1345.4 1199.08
1346.49 1195.1
1347.39 1191.11
1348.45 1187.14
1348.52 1183.05
1349.68 1179.17
1351.52 1175.5
1352.52 1171.53
1353.83 1167.62
1355.38 1163.81
1355.74 1159.78
1356.49 1155.89
1356.58 1151.92
1357.7 1148.05
1358.47 1143.98
1358.5 1139.84
1358.44 1135.74
1358.25 1131.56
1359.46 1127.6
1359.52 1123.52
1360.46 1119.56
1360.47 1115.6
1359.87 1111.59
1360.5 1107.57
1360.41 1103.61
1359.49 1099.63
1358.57 1095.61
1359.27 1091.49
1358.51 1087.45
1357.94 1083.41
1357.45 1079.41
1356.43 1075.43
1355.51 1071.39
1354.9 1067.29
1353.74 1063.37
1352.52 1059.49
1351.52 1055.51
1350.37 1051.59
1347.84 1048.2
1347.38 1044.08
1346.43 1040.01
1345.43 1036.03
1344.5 1031.95
1343.52 1027.86
1342.41 1023.86
1340.6 1020.14
1339.5 1016.18
1339.47 1011.96
1338.45 1007.89
1336.47 1004.21
1334.48 1000.54
1334.42 996.28
1333.55 992.217
1331.64 988.465
1331.46 984.379
1330.61 980.344
1329.85 976.341
1328.52 972.361
1328.1 968.259
1327.52 964.19
1327.5 960.124
1327.66 956.043
1328.5 951.94
1328.51 947.775
1328.55 943.611
1329.48 939.471
1329.51 935.332
1329.49 931.183
1328.58 927.057
1328.41 922.887
1327.36 918.849
1325.55 914.991
1323.46 911.295
1321.5 907.439
1319.59 903.541
1318.18 899.506
1316.23 895.747
1313.54 892.464
1311.52 888.804
1311.26 884.588
1310.48 880.426
1309.51 876.276
1308.53 872.145
1307.53 868.038
1307.32 863.835
1305.68 859.947
1305.45 855.79
1304.52 851.683
1304.48 847.489
1303.56 843.383
1302.61 839.324
1301.52 835.352
1300.47 831.37
1299.49 827.346
1297.87 823.484
1296.49 819.619
1295.51 815.62
1294.7 811.588
1293.38 807.72
1292.25 803.789
1291.46 799.739
1289.62 796.01
1287.53 792.346
1286.16 788.314
1284.14 784.536
1281.2 781.247
1279.48 777.288
1277.69 773.298
1276.47 769.136
1275.53 764.83
1274.6 760.586
1273.6 756.449
1272.49 752.405
1271.49 748.375
1270.47 744.321
1269.11 740.412
1267.36 736.594
1264.21 733.656
1261.54 730.425
1259.5 726.784
1257.32 723.142
1255.23 719.453
1253.26 715.637
1250.64 712.24
1247.63 709.243
1244.71 706.311
1242.33 702.916
1239.6 699.647
1237.45 695.996
1234.6 693.11
1231.37 690.638
1228.04 688.129
1225.37 684.883
1222.18 682.252
1219.17 679.413
1215.6 677.279
1212.15 674.87
1208.71 672.262
1205.3 669.718
1201.59 667.511
1199.4 663.848
1197.65 659.929
1196.21 655.938
1193.47 652.771
1191.17 649.322
1189 645.749
1186.56 642.231
1183.63 639.132
1180.41 636.217
1177.06 633.511
1173.39 631.167
1169.65 628.965
1166.39 626.07
1162.92 623.575
1159.07 621.571
1156.6 618.069
1155.51 613.83
1154.38 609.619
1152.49 605.689
1151.07 601.578
1149.28 597.559
1147.5 593.531
1145.46 589.613
1143.37 585.707
1141.14 581.911
1137.77 579.148
1135.32 575.678
1132.3 572.717
1129.32 569.745
1125.91 567.254
1123.32 563.893
1119.9 561.481
1116.28 559.382
1113.11 556.606
1109.48 554.502
1105.86 552.386
1102.16 550.429
1099.42 547.393
1098.31 543.254
1096.27 539.415
1095.51 535.285
1095.51 531.06
1095.49 526.833
1094.54 522.695
1093.51 518.593
1092.41 514.515
1090.46 510.78
1087.94 507.335
1086.14 503.605
1085.5 499.603
1085.48 495.517
1085.02 491.4
1085.47 487.308
1085.5 483.221
1085.49 479.122
1085.37 474.997
1084.52 470.979
1083.15 467.147
1080.74 463.83
1077.49 461.258
1075.3 457.854
1074.51 453.836
1074.5 449.707
1074.49 445.582
1074.39 441.443
1073.51 437.398
1072.29 433.451
1070.48 429.834
1067.11 427.574
1063.58 425.565
1062.57 421.718
1062.5 417.649
1062.54 413.591
1062.52 409.514
1062.56 405.426
1062.55 401.355
1061.65 397.314
1061.7 393.275
1062.48 389.229
1062.51 385.136
1062.52 381.039
1062.53 376.942
1062.51 372.842
1062.33 368.794
1061.4 364.798
1060.5 360.742
1061.22 356.6
1060.56 352.524
1060.26 348.466
1059.49 344.442
1058.52 340.427
1057.5 336.424
1056.47 332.425
1055.58 328.431
1057.03 324.5
1057.5 320.436
1057.51 316.311
1057.5 312.176
1057.36 308.048
1056.51 303.958
1055.53 299.888
1054.48 295.876
1054.55 291.758
1054.33 287.637
1053.42 283.587
1051.82 279.668
1051.42 275.507
1049.86 271.689
1047.67 268.138
1046.61 264.348
1047.83 260.534
1049.49 256.808
1051.14 253.126
1051.49 249.199
1051.66 245.207
1052.49 241.187
1052.49 237.148
1051.62 233.115
1051.42 229.063
1050.27 225.152
1049.49 221.109
1047.79 217.348
1046.38 213.602
1045.14 209.778
1044.54 205.735
1043.23 201.933
1041.46 198.159
1039.6 194.385
1037.55 190.73
1036.1 186.828
1034.44 183.078
1033.5 178.977
1031.67 175.228
1029.83 171.458
1029.59 167.279
1029.48 163.145
1029.51 159.016
1028.91 154.965
1027.53 151.002
1027.5 146.849
1027.04 142.763
1025.42 138.891
1023.48 135.107
1021.78 131.193
1020.54 127.142
1019.63 123.056
1018.24 119.091
1016.6 115.15
1016.25 110.969
1016.5 106.749
1015.55 102.676
1014.4 98.6027
1012.03 95.17
1008.87 92.5099
1004.93 91.5373
1000.87 92.4971
996.805 93.4663
992.602 92.5895
988.469 94.4424
985.419 92.0952
983.504 88.3336
980.861 85.2134
977.724 82.6229
973.812 81.4383
969.696 81.3455
965.603 82.488
961.491 83.1769
957.502 84.1244
953.592 85.0235
950.053 83.2221
947.016 80.6098
944.071 77.8784
941.252 75.1715
938.516 72.3309
935.427 69.7943
932.116 67.5381
928.658 65.4502
925.069 63.4936
921.024 62.4872
916.991 61.4837
912.889 60.4712
908.697 59.6208
904.462 59.4824
900.172 59.5036
895.953 60.1641
891.757 60.8533
887.558 61.612
883.556 63.4117
879.484 64.7744
875.745 66.8352
872.386 69.4419
869.437 72.5476
866.261 75.4179
864.381 79.2585
861.983 82.8235
860.518 86.7457
859.142 90.6958
857.593 94.604
855.574 98.3189
855.511 102.447
855.433 106.577
854.5 110.673
854.293 114.855
854.419 119.038
854.459 123.204
854.61 127.361
855.463 131.454
856.601 135.467
857.506 139.537
858.528 143.605
859.5 147.634
860.892 151.511
863.326 154.775
866.385 157.405
869.655 159.753
871.534 163.281
872.528 167.202
872.165 171.247
871.518 175.248
871.764 179.281
871.649 183.373
871.502 187.418
871.579 191.461
872.432 195.486
871.507 199.486
871.484 203.527
871.968 207.527
873.452 211.494
873.453 215.71
874.383 219.736
876.064 223.403
879.733 225.268
882.334 228.112
883.518 231.853
884.461 235.688
884.548 239.645
885.602 243.445
886.646 247.32
887.703 251.227
888.463 255.241
888.642 259.4
889.737 263.441
890.49 267.571
891.391 271.649
892.346 275.661
894.584 279.199
895.672 283.168
897.507 286.842
899.434 290.512
900.584 294.515
903.163 297.835
904.732 301.56
906.697 305.091
909.388 308.181
911.529 311.642
913.673 315.096
916.433 318.132
918.464 321.687
919.182 325.662
918.61 329.766
918.49 333.856
918.506 337.924
918.49 341.979
918.494 346.028
918.493 350.075
918.661 354.122
919.457 358.175
919.471 362.308
919.349 366.425
918.504 370.463
918.533 374.532
919.453 378.601
919.502 382.702
919.499 386.798
919.5 390.891
919.504 394.978
919.45 399.059
918.51 403.077
918.495 407.163
918.493 411.259
918.254 415.346
917.541 419.419
918.259 423.523
918.268 427.622
917.873 431.742
918.332 435.824
918.558 439.911
919.508 443.865
921.564 447.421
924.148 450.544
925.532 454.307
927.489 457.775
928.337 461.44
925.976 464.5
923.238 467.337
920.425 470.114
918.056 473.35
915.552 476.415
913.607 479.888
911.856 483.52
911.446 487.532
910.338 491.411
908.496 495.147
907.525 499.221
906.654 503.277
906.178 507.302
905.498 511.353
905.09 515.449
903.745 519.389
903.394 523.44
902.438 527.45
901.501 531.524
901.07 535.681
899.559 539.613
898.565 543.605
897.784 547.6
897.497 551.629
897.328 555.687
896.432 559.703
895.497 563.782
894.556 567.841
893.499 571.85
891.737 575.538
888.045 577.421
883.952 578.47
879.921 579.609
876.293 581.595
873.091 584.361
869.66 586.856
867.05 590.162
864.376 593.404
862.353 597.018
859.53 600.185
857.529 603.974
855.601 607.774
853.655 611.625
851.312 615.295
849.533 619.186
847.848 623.081
846.494 626.998
845.511 631.042
843.558 634.768
843.411 638.922
842.508 642.981
842.466 647.136
841.5 651.193
841.532 655.284
842.455 659.414
841.545 663.608
842.354 667.629
843.451 671.583
842.551 675.716
843.474 679.836
842.545 683.843
841.606 687.812
840.511 691.724
839.494 695.682
837.812 699.43
836.522 703.203
836.464 707.235
835.391 711.099
833.644 714.797
833.488 718.828
833.128 722.856
832.356 726.755
831.019 730.405
829.509 734.074
828.446 737.874
826.78 741.468
825.24 745.176
823.519 748.847
820.747 751.444
816.988 750.375
813.27 748.609
809.543 746.804
805.585 745.394
801.763 743.518
797.671 742.527
793.57 741.748
789.892 739.555
785.835 738.391
781.653 737.506
777.374 737.301
773.061 736.527
768.767 737.482
764.521 738.502
760.299 739.528
756.067 740.63
752.407 743.144
748.523 744.775
744.456 745.946
740.39 747.058
736.567 748.786
733.465 751.615
730.713 754.856
727.703 757.805
725.242 761.375
722.356 764.672
719.433 767.9
716.3 770.972
712.76 773.489
709.522 776.375
707.122 780.126
703.699 782.977
701.096 786.508
698.027 789.548
694.826 792.333
691.797 795.242
688.564 797.903
685.556 800.894
682.364 803.473
678.905 805.598
675.698 808.115
672.971 811.266
669.767 813.815
666.68 816.546
663.159 818.72
659.649 820.893
656.759 823.838
654.004 827.046
650.673 829.695
649.366 833.768
647.579 837.733
648.453 842.02
648.162 846.217
647.419 850.408
646.502 854.662
646.479 859.016
646.51 863.378
647.494 867.672
648.501 871.977
649.639 876.229
651.676 880.155
652.985 881.948
654.293 883.74
657.056 887.253
659.936 890.543
663.421 893.274
667.239 895.523
671.154 897.537
675.171 899.419
679.474 899.513
683.49 898.182
685.468 894.648
684.463 890.546
682.564 886.64
680.439 882.816
677.838 879.289
676.521 875.19
674.755 871.305
673.513 867.183
673.491 862.912
673.806 858.725
677.2 856.232
681.025 854.376
684.082 851.526
686.698 848.168
689.449 844.989
691.146 841.162
691.863 836.844
695.186 834.891
697.632 838.251
699.48 842.217
701.337 846.152
703.299 849.971
705.452 853.584
707.69 857.155
710.566 860.264
713.49 863.306
716.514 866.106
720.25 867.467
723.342 865.243
723.541 861.176
723.099 857.15
721.51 853.381
720.013 849.585
719.501 845.602
719.499 841.558
719.499 837.505
719.495 833.434
719.491 829.35
719.598 825.303
723.331 823.342
727.296 821.443
731.132 819.322
734.44 816.428
738.339 814.44
742.23 812.404
745.754 809.864
749.127 807.325
752.292 804.428
755.669 801.846
759.09 799.417
761.985 796.543
764.979 793.707
768.449 791.52
772.492 790.501
776.663 790.509
780.457 791.933
782.494 795.58
784.078 799.536
785.776 803.567
787.504 807.62
789.43 811.603
791.126 815.646
792.896 819.441
796.655 819.834
799.404 817.08
799.696 812.892
800.67 808.919
804.42 808.493
808.134 810.035
811.713 811.976
815.43 813.716
819.192 815.624
823.014 817.565
826.804 819.49
830.604 821.361
834.659 822.512
838.789 823.481
842.82 824.596
846.897 825.49
851.102 825.617
855.25 826.498
859.472 826.54
863.689 826.442
867.471 824.649
871.14 822.624
874.466 820.138
876.476 816.461
878.288 812.662
879.503 808.691
880.491 804.662
881.458 800.686
883.388 797.064
884.66 793.16
885.5 789.124
886.474 785.136
887.947 781.3
889.306 777.405
889.516 773.244
891.184 769.448
892.416 765.704
892.524 761.74
893.871 758.052
895.464 754.473
897.365 751.071
898.69 747.219
900.124 743.344
900.512 739.169
901.527 735.092
903.535 731.368
905.462 727.634
905.517 723.44
906.236 719.36
907.388 715.331
908.482 711.344
908.876 707.257
909.91 703.285
912.023 699.502
913.552 695.522
915.159 691.594
918.357 689.456
920.743 692.68
922.816 696.264
925.565 699.33
927.987 702.61
931.021 705.594
933.594 708.721
934.363 712.507
931.765 715.866
929.854 719.544
928.458 723.429
927.489 727.469
926.53 731.485
927.69 735.346
930.069 738.659
933.069 741.636
934.45 745.389
933.475 749.372
931.505 753.16
929.882 757.04
928.415 760.911
927.344 764.968
924.968 768.561
923.146 772.406
921.244 776.223
918.974 779.898
917.4 783.908
915.535 787.741
913.735 791.548
911.4 795.125
909.466 798.948
907.756 802.831
906.475 806.88
904.695 810.626
903.53 814.546
902.503 818.447
902.392 822.411
902.442 826.411
903.482 830.187
905.533 833.68
902.104 835.494
898.169 836.763
895.408 839.608
893.69 843.347
892.468 847.256
891.743 851.319
891.298 855.409
889.942 859.347
889.201 863.375
888.46 867.414
887.906 871.517
887.486 875.657
886.694 879.739
886.482 883.855
885.726 887.909
885.195 891.958
883.737 895.833
882.624 899.865
881.248 903.789
879.353 907.568
877.736 911.542
876.534 915.603
875.502 919.665
874.528 923.732
873.505 927.755
872.507 931.754
872.485 935.814
872.572 939.87
873.355 943.926
872.984 947.987
872.489 952.033
871.595 956.064
871.484 960.143
870.531 964.084
870.492 968.035
870.497 971.992
870.495 975.945
870.568 979.901
871.454 983.841
871.491 987.874
872.256 991.72
873.476 995.585
872.396 999.48
871.465 1003.44
870.513 1007.47
869.564 1011.42
869.459 1015.43
869.637 1019.49
869.905 1023.6
869.646 1027.74
871.479 1031.43
873.422 1035.08
873.769 1039.25
875.502 1043.11
876.456 1047.21
876.49 1051.4
876.467 1055.62
876.461 1059.76
875.504 1063.88
875.618 1067.99
876.504 1072.09
877.462 1076.21
877.517 1080.42
878.688 1084.42
881.23 1087.91
882.428 1091.89
883.441 1095.89
885.026 1099.61
887.212 1103.06
889.488 1106.48
891.539 1110.06
894.001 1113.46
895.586 1117.22
899.017 1119.76
900.55 1123.54
902.002 1127.38
904.347 1130.81
906.396 1134.42
906.518 1138.6
907.405 1142.68
907.499 1146.77
907.495 1150.85
907.499 1154.92
907.687 1159
908.521 1162.96
909.453 1166.96
908.501 1171.09
908.662 1175.25
909.782 1179.32
910.814 1183.38
906.957 1183.52
903.623 1181.12
900.612 1178.22
897.601 1175.24
893.841 1173.16
891.165 1169.79
887.648 1167.45
884.375 1164.81
880.376 1163.49
876.244 1162.45
872.071 1161.48
867.894 1160.44
863.53 1160.03
859.201 1159.54
855.185 1157.97
850.919 1157.45
846.651 1156.5
842.31 1156.49
837.973 1156.5
833.804 1157.54
830.114 1159.8
826.906 1162.78
824.23 1166.29
821.651 1169.81
819.749 1173.68
819.468 1178.01
819.459 1182.4
818.59 1186.75
819.452 1190.88
822.132 1194.16
825.775 1196.51
828.789 1199.4
830.18 1203.11
826.654 1204.46
822.787 1203.37
819.102 1201.52
815.371 1199.94
811.294 1199.41
807.392 1197.95
803.373 1196.83
799.223 1196.49
795.054 1196.49
790.898 1196.52
786.805 1197.48
782.757 1198.49
779.075 1200.4
775.698 1202.88
773.366 1206.35
771.007 1209.84
769.567 1213.66
769.487 1217.7
769.495 1221.75
769.547 1225.79
770.379 1229.72
771.681 1233.35
774.932 1235.2
778.823 1235.5
782.761 1235.51
786.588 1236.3
790.023 1238.03
790.836 1241.29
788.625 1244.52
790.18 1247.66
792.183 1250.78
795.904 1252.62
797.561 1256.26
799.483 1259.89
801.446 1263.45
803.501 1266.84
805.384 1270.38
806.102 1274.29
807.498 1278.05
809.362 1281.57
811.979 1284.47
815.591 1286.4
819.078 1288.55
822.004 1291.45
825.584 1293.33
828.961 1295.5
832.574 1297.18
836.428 1298.53
840.218 1300.11
844.004 1301.85
847.699 1303.71
851.576 1305.21
855.4 1306.79
859.387 1307.68
863.024 1309.76
866.863 1311.32
870.473 1313.29
874.299 1314.67
877.932 1316.68
882.039 1317.5
885.723 1319.37
889.365 1321.23
893.17 1322.49
897.036 1323.52
900.895 1324.8
904.575 1326.56
908.238 1328.48
912.251 1329.33
916.14 1330.6
919.732 1332.61
923.478 1334.53
927.435 1335.96
931.405 1337.51
935.365 1338.99
939.215 1340.51
942.875 1342.45
946.912 1343.59
950.546 1345.61
954.232 1347.53
957.978 1349.39
962.238 1349.71
965.785 1352.38
970.072 1352.83
973.83 1354.74
977.904 1355.54
981.751 1357.23
985.83 1357.65
989.818 1358.61
993.832 1359.53
997.84 1360.5
1001.97 1360.55
1006.09 1360.44
1010.15 1360.54
1014.2 1360.51
1018.09 1359.53
1021.57 1357.5
1025.12 1355.59
1028.49 1353.39
1031.74 1350.99
1035.47 1349.37
1038.2 1346.45
1040.52 1343.13
1043.6 1340.46
1047.07 1338.21
1047.7 1334.21
1049.25 1330.56
1047.6 1326.99
1046.37 1323.2
1046.03 1319.2
1045.28 1315.3
1044.47 1311.3
1044.53 1307.24
1044.45 1303.2
1043.51 1299.22
1043.48 1295.17
1044.49 1291.18
1044.54 1287.18
1043.53 1283.16
1043.26 1278.99
1041.65 1275.18
1040.55 1271.32
1040.49 1267.3
1039.82 1263.36
1038.81 1259.43
1038.26 1255.45
1037.47 1251.45
1036.5 1247.46
1035.64 1243.45
1035.34 1239.44
1036.36 1235.63
1039.58 1233
1042.47 1229.91
1044.77 1226.3
1047.43 1222.96
1049.44 1219.08
1051.51 1215.2
1053.38 1211.22
1054.49 1207
1054.53 1202.58
1055.46 1198.3
1057.36 1194.4
1058.51 1190.31
1058.45 1186.06
1057.28 1181.97
1054.44 1178.74
1050.93 1176.16
1047.34 1173.69
1043.43 1171.89
1039.71 1170.06
1036.66 1167.18
1033.66 1164.21
1030.86 1161.08
1027.81 1158.14
1026.52 1154.19
1025.53 1150.15
1025.11 1146.02
1024.28 1142
1023.57 1137.94
1023.32 1133.84
1021.63 1129.99
1021.48 1125.86
1020.8 1121.82
1020.5 1117.78
1019.54 1113.81
1019.03 1109.82
1018.53 1105.83
1018.4 1101.85
1017.51 1097.91
1017.49 1093.85
1016.55 1089.92
1016.41 1085.95
1015.49 1082.1
1013.83 1078.45
1011.58 1075.07
1011.49 1071.05
1010.46 1067.22
1009.07 1063.48
1007.99 1059.62
1007.1 1055.76
1005.5 1052.03
1004.46 1048.07
1003.5 1044.07
1002.33 1040.1
1000.6 1036.4
999.535 1032.62
1001.64 1029.57
1005.75 1029.48
1009.69 1028.53
1013.61 1027.58
1017.61 1027.49
1021.53 1026.52
1025.4 1025.51
1029.25 1024.49
1033.13 1023.49
1037.04 1022.43
1040.65 1020.51
1044.29 1018.59
1048.26 1017.46
1052.27 1016.51
1055.62 1018.49
1057.51 1022.24
1059.47 1025.95
1061.62 1029.55
1063.69 1033.2
1066.37 1036.45
1069.03 1039.67
1071.6 1043.01
1074.72 1045.57
1078.12 1047.77
1081.67 1050.03
1084.96 1052.65
1088.16 1055.42
1092.36 1056.43
1096.38 1057.83
1100.19 1059.51
1103.89 1061.31
1107.91 1062.45
1112 1063.49
1115.76 1065.36
1119.53 1067.26
1123.19 1069.29
1127.05 1070.53
1131.05 1071.5
1135.18 1071.62
1139.23 1072.49
1143.32 1072.52
1147.44 1072.53
1151.57 1072.52
1155.68 1072.52
1159.8 1072.52
1163.9 1072.51
1168 1072.51
1172.07 1072.34
1176.03 1071.51
1179.94 1070.56
1183.78 1069.49
1187.51 1068.03
1191.21 1066.47
1194.69 1064.48
1198.1 1062.4
1201.63 1060.47
1205.19 1058.61
1208.96 1057.18
1212.64 1055.53
1216.4 1055.45
1218.33 1058.63
1218.49 1062.58
1218.49 1066.52
1218.8 1070.39
1219.71 1074.21
1220.56 1078.04
1222.15 1081.66
1223.42 1085.32
1222.48 1089.18
1222.43 1093.18
1222.52 1097.1
1223.48 1101.01
1223.5 1105.04
1223.51 1109.08
1224.5 1113.01
1225.48 1116.97
1225.52 1121.07
1225.93 1125.07
1226.5 1129.03
1227.53 1132.95
1228.35 1136.88
1227.23 1140.8
1226.5 1144.81
1226.5 1148.92
1226.55 1153.09
1225.53 1157.09
1225.49 1161.16
1225.5 1165.23
1225.57 1169.31
1225.49 1173.47
1225 1177.57
1224.53 1181.75
1225.48 1185.95
1225.49 1190.17
1224.52 1194.33
1223.52 1198.48
1223.5 1202.7
1224.53 1206.84
1225.49 1210.92
1225.33 1215.06
1223.52 1218.9
1222.53 1223
1221.21 1226.97
1217.48 1227.25
1214.35 1224.24
1210.99 1221.58
1207.42 1219.12
1203.93 1216.44
1200.04 1214.31
1196.09 1212.6
1191.97 1211.53
1187.78 1211.56
1183.72 1212.74
1180.75 1215.68
1179.48 1219.69
1178.47 1223.81
1177.51 1227.94
1177.49 1232.18
1177.5 1236.42
1177.97 1240.62
1178.78 1244.81
1179.48 1249.03
1178.53 1253.23
1178.25 1257.58
1177.49 1261.9
1177.18 1266.3
1177.5 1270.46
1178.48 1274.53
1179.51 1278.55
1181.06 1282.46
1183.36 1286.01
1185.37 1289.7
1187.66 1293.2
1191.23 1295.79
1193.79 1299.32
1196.25 1302.94
1198.5 1306.61
1200.61 1310.34
1203.74 1313.29
1206.67 1316.39
1210.12 1318.77
1213.21 1321.59
1216.04 1324.72
1219.31 1327.46
1221.49 1330.96
1222.37 1335
1222.42 1339.17
1222.79 1343.31
1223.48 1347.28
1223.24 1351.3
1223.48 1355.01
1223.58 1358.74
1226.14 1361.83
1226.62 1365.71
1228.25 1369.12
1229.66 1372.54
1232.52 1375.2
1234.6 1378.45
1237.14 1381.49
1239.51 1384.68
1241.82 1388.01
1244.4 1391.28
1248.33 1392.92
1250.95 1396.28
1254.73 1397.54
1258.63 1398.58
1262.57 1399.49
1266.46 1400.45

