CONTOUR

1

1552

1035.6 1324.36
1039.6 1323.56
1043.67 1324.35
1047.66 1323.5
1051.76 1323.48
1055.8 1322.64
1059.86 1322.52
1063.92 1322.48
1067.94 1321.54
1072.07 1321.6
1076.08 1320.93
1080.13 1321.41
1084.13 1320.7
1088.14 1320.56
1092.14 1320.48
1095.93 1319.24
1099.99 1319.47
1103.95 1318.53
1107.95 1318.49
1111.93 1318.03
1115.94 1317.51
1120.01 1317.56
1123.91 1316.56
1127.95 1317.42
1131.71 1315.77
1135.61 1315.63
1139.56 1315.46
1143.44 1314.61
1147.45 1315.35
1151.37 1314.34
1155.39 1314.37
1159.39 1314.16
1163.33 1313.53
1167.33 1313.45
1171.24 1312.51
1175.3 1312.49
1179.27 1311.54
1183.29 1311.51
1187.34 1311.43
1191.37 1310.57
1195.53 1310.93
1199.47 1309.61
1203.54 1309.56
1207.57 1308.64
1211.62 1308.53
1215.68 1307.75
1219.72 1307.5
1223.69 1306.74
1227.62 1305.54
1231.73 1305.5
1235.65 1304.31
1239.69 1303.49
1243.65 1302.15
1247.77 1301.5
1251.61 1299.96
1255.19 1297.57
1259.07 1295.75
1261.46 1292.33
1264.51 1289.47
1266.49 1285.92
1266.56 1281.79
1266.69 1277.68
1265.59 1273.78
1264.41 1269.92
1262.76 1266.21
1261.5 1262.38
1260.38 1258.48
1259.42 1254.54
1257.6 1250.83
1256.56 1246.95
1256.49 1242.9
1255.51 1238.97
1254.33 1235.06
1252.8 1231.24
1252.48 1227.1
1252.49 1222.92
1251.7 1218.82
1251.47 1214.69
1250.57 1210.62
1250.49 1206.5
1249.6 1202.46
1249.51 1198.44
1250.53 1194.46
1251.11 1190.43
1250.67 1186.34
1251.49 1182.3
1251.5 1178.22
1251.52 1174.14
1252.46 1170.15
1253.49 1166.2
1254.41 1162.26
1254.65 1158.19
1255.99 1154.44
1258.68 1151.56
1262.63 1151.51
1266.59 1152.49
1270.51 1153.58
1274.4 1154.63
1278.08 1156.31
1281.38 1158.47
1281.51 1162.58
1282.27 1166.51
1284.25 1169.99
1286.45 1173.35
1288.81 1176.62
1291.62 1179.42
1295.57 1180.69
1298.96 1182.87
1302.03 1185.5
1304.97 1188.26
1309.25 1188.88
1312.44 1191.79
1316.3 1193.28
1320.42 1194.05
1324.42 1195.15
1328.23 1196.78
1332.31 1197.49
1336.3 1198.45
1340.27 1199.5
1344.36 1199.55
1348.47 1199.53
1352.57 1199.6
1356.61 1200.31
1360.72 1200.38
1364.81 1200.61
1368.83 1201.38
1372.9 1201.71
1376.93 1202.44
1380.99 1202.84
1385.06 1202.9
1389.08 1203.49
1393.04 1204.38
1396.81 1206
1400.88 1206.51
1404.89 1207.13
1408.35 1209.21
1411.54 1211.78
1415.63 1212.41
1419.45 1213.76
1422.4 1216.43
1423.85 1220.56
1427.24 1222.55
1431.51 1222.87
1434.97 1225.24
1438.87 1226.51
1443.08 1226.57
1447.08 1227.75
1450.92 1229.48
1455.08 1229.57
1459.17 1230.47
1463.33 1229.67
1467.5 1230.43
1471.62 1229.67
1475.73 1229.51
1479.75 1228.8
1483.73 1227.45
1487.9 1226.47
1491.34 1223.83
1495.12 1221.94
1498.53 1219.54
1501.66 1216.83
1503.5 1213.03
1505.53 1209.37
1507.38 1205.61
1507.61 1201.5
1507.51 1197.32
1507.62 1193.16
1508.54 1188.97
1508.54 1184.74
1508.51 1180.53
1508.58 1176.34
1509.49 1172.24
1509.52 1168.08
1509.51 1163.93
1508.94 1159.8
1508.73 1155.76
1509.5 1151.7
1509.56 1147.56
1510.83 1143.59
1511.43 1139.57
1511.51 1135.41
1511.63 1131.24
1513.19 1127.37
1514.35 1123.46
1515.49 1119.55
1515.62 1115.42
1517.44 1111.66
1518.12 1107.61
1519.47 1103.77
1519.78 1099.74
1520.6 1095.73
1521.52 1091.7
1522.57 1087.68
1523.52 1083.64
1524.5 1079.56
1525.52 1075.55
1526.49 1071.5
1526.49 1067.36
1526.45 1063.16
1527.48 1059.06
1527.52 1054.89
1527.49 1050.71
1526.53 1046.62
1525.54 1042.54
1525.52 1038.36
1525.48 1034.2
1523.78 1030.32
1522.52 1026.44
1522.46 1022.3
1521.52 1018.3
1520.53 1014.3
1519.53 1010.28
1518.51 1006.32
1517.15 1002.5
1515.54 998.78
1515.29 994.782
1514.41 990.853
1513.47 986.851
1511.66 983.066
1510.56 978.964
1509.45 974.874
1507.56 971.024
1505.72 967.173
1504.56 963.002
1503.52 958.843
1501.93 954.898
1499.74 951.234
1499.47 946.965
1497.67 943.136
1495.55 939.353
1493.25 935.693
1491.51 931.821
1491.77 927.839
1495.49 925.869
1499.61 924.547
1503.6 922.928
1507.66 921.559
1511.75 920.488
1515.63 918.93
1519.6 917.507
1523.59 916.122
1527.63 914.844
1531.67 913.581
1535.57 912.001
1539.59 910.897
1543.53 909.57
1547.52 908.406
1551.48 907.197
1555.35 905.655
1559.48 905.452
1563.52 904.449
1567.49 903.105
1571.41 901.427
1575.21 899.458
1579.08 897.552
1582.94 895.675
1586.79 893.755
1590.44 891.598
1594.18 889.627
1597.86 887.573
1601.45 885.422
1604.95 883.045
1608.7 881.229
1612.38 879.249
1616.04 877.229
1619.57 874.901
1623.5 873.088
1627.33 870.925
1631.13 868.517
1635.08 866.459
1638.69 863.94
1642.56 862.156
1646 859.696
1649.66 857.507
1653.32 855.287
1656.78 852.631
1660.41 850.155
1663.83 847.459
1667.08 844.595
1670.84 842.327
1674.21 839.53
1677.58 836.765
1680.98 833.918
1684.69 831.494
1688.45 829.129
1692.1 826.542
1695.66 823.828
1699.44 821.496
1703.33 819.29
1706.57 816.161
1710.37 813.958
1714.11 811.616
1718.01 809.54
1721.83 807.215
1725.8 805.163
1729.43 802.527
1733.3 800.314
1737.28 798.256
1740.86 795.55
1744.82 793.502
1748.55 791.018
1752.28 788.524
1756.25 786.415
1759.67 783.635
1762.93 780.602
1766.55 778.107
1770.25 775.607
1774.05 773.416
1777.55 770.914
1780.71 767.875
1784.27 765.421
1787.38 762.379
1790.73 759.678
1793.91 756.822
1797.4 754.25
1800.68 751.471
1803.87 748.607
1807.42 746.13
1810.78 743.383
1814.06 740.566
1817.16 737.589
1820.76 735.25
1823.6 731.93
1826.59 728.842
1829.35 725.534
1832.33 722.36
1835.34 719.211
1837.83 715.625
1839.95 711.775
1842.92 708.471
1845.5 704.942
1848.37 701.537
1851.23 698.127
1853.95 694.607
1856.7 691.078
1859.21 687.397
1861.16 683.51
1861.52 679.241
1861.6 674.917
1862.49 670.574
1861.61 666.222
1861.51 661.876
1861.5 657.543
1861.5 653.158
1860.53 648.917
1858.55 645.032
1856.08 641.304
1853.41 637.838
1850.45 634.654
1847.34 631.679
1843.62 629.502
1839.59 627.924
1835.55 626.502
1831.44 625.438
1827.31 624.323
1823.07 624.5
1818.89 625.493
1814.73 626.708
1810.81 628.463
1806.67 629.514
1802.98 631.692
1799.41 634.287
1795.2 635.553
1791.45 637.824
1787.42 639.562
1783.63 641.896
1779.61 643.581
1775.66 645.535
1771.74 647.641
1767.74 649.512
1763.77 651.418
1759.93 653.635
1755.9 655.51
1751.9 657.543
1748.02 659.714
1743.95 661.566
1739.95 663.595
1736.27 666.182
1731.98 667.598
1728.64 670.548
1724.59 672.259
1720.9 674.545
1717.39 677.013
1713.85 679.364
1710.11 681.467
1705.94 682.653
1702.29 684.911
1698.79 687.421
1695.09 689.593
1691.18 691.452
1686.96 690.448
1682.7 689.507
1678.41 690.183
1674.26 691.381
1670.49 693.282
1667.36 696.198
1663.92 698.466
1659.85 698.475
1655.74 697.506
1651.58 697.492
1647.44 698.18
1643.46 699.449
1639.83 701.597
1636.14 703.482
1632.12 703.345
1628.28 701.52
1624.16 701.402
1620 701.465
1615.91 701.727
1612.49 703.879
1609.5 706.826
1606.48 709.758
1602.77 711.476
1598.84 710.3
1595.4 707.848
1591.91 705.561
1588.37 703.421
1584.75 701.458
1580.79 700.496
1576.69 700.484
1572.58 700.639
1568.6 701.802
1564.79 703.686
1561.16 706.133
1557 706.319
1553.24 704.015
1549.47 701.949
1545.5 700.536
1541.44 699.493
1537.35 698.572
1533.21 698.286
1529.08 697.516
1524.84 697.411
1521.27 694.867
1517.31 693.497
1513.19 692.588
1509.14 691.642
1505.13 690.618
1501.2 689.363
1497.52 687.46
1493.9 685.347
1490.24 683.377
1486.69 681.172
1482.97 679.349
1479.14 677.542
1475.26 675.816
1471.49 673.926
1468.46 670.777
1465.28 667.755
1462.32 664.645
1461.51 660.472
1461.51 656.137
1461.47 651.784
1460.33 647.554
1458.54 643.461
1456.22 639.666
1453.04 636.536
1449.38 633.848
1445.75 631.296
1443.52 627.588
1442.46 623.293
1440.75 619.262
1438.34 615.6
1435.37 612.475
1431.68 610.093
1428.22 607.45
1424.67 604.959
1422.25 601.438
1421.52 597.126
1421.5 592.68
1420.54 588.335
1419.55 584.078
1417.8 580.152
1415.59 576.48
1412.69 573.462
1409.43 570.707
1405.82 568.244
1402.78 565.217
1401.43 561.127
1400.55 556.844
1400.51 552.44
1399.67 548.142
1399.48 543.846
1398.34 539.751
1396.45 535.957
1394.13 532.483
1391.19 529.479
1388.15 526.495
1384.97 523.651
1381.22 521.583
1377.71 519.193
1374.72 516.096
1373.5 511.91
1372.6 507.639
1372.51 503.325
1372.52 499.033
1372.54 494.702
1372.52 490.389
1372.48 486.063
1371.38 481.852
1369.51 477.97
1367.09 474.398
1363.94 471.353
1360.59 468.463
1356.8 466.142
1353.3 463.482
1349.54 461.09
1346.25 458.144
1344.52 454.112
1343.7 449.781
1343.47 445.403
1342.51 441.117
1341.33 436.877
1339.6 432.892
1337.64 429.109
1335.43 425.449
1333 421.895
1329.7 419.176
1326.27 416.713
1322.38 415.079
1318.32 413.623
1314.18 412.375
1310.52 410.123
1307.51 407.053
1305.03 403.523
1303.24 399.6
1301.3 395.741
1299.27 391.981
1296.47 388.725
1293.41 385.74
1289.83 383.507
1285.76 382.497
1281.51 382.488
1277.28 382.414
1273.08 381.62
1268.85 381.458
1265.09 379.716
1261.99 376.933
1259.76 373.413
1257.55 369.9
1255.27 366.48
1252.35 363.496
1249.27 360.68
1245.37 359.484
1241.22 359.41
1237.12 359.505
1232.97 359.471
1229.03 358.512
1225.12 357.597
1221.2 356.541
1218.22 353.745
1214.89 351.508
1211.29 349.524
1207.38 348.505
1203.32 348.493
1199.32 349.241
1195.41 350.475
1191.45 351.603
1187.72 353.525
1183.66 354.384
1179.82 353.435
1175.98 351.672
1171.95 353.3
1167.97 352.474
1163.94 351.543
1159.99 352.504
1156.42 354.692
1153.06 357.247
1148.77 358.022
1145.81 360.876
1143.2 364.231
1140.34 367.462
1137.58 370.758
1135.08 374.282
1131.3 376.174
1126.94 376.499
1122.78 377.604
1118.96 379.703
1115.44 382.381
1112.32 385.496
1109.27 388.637
1106 391.471
1101.86 392.482
1097.51 392.503
1093.33 393.474
1089.46 395.391
1085.79 397.593
1082.83 400.637
1080.32 404.11
1077.81 407.585
1076.43 411.576
1074.9 415.502
1073.91 419.565
1072.19 423.342
1069.81 426.577
1066.97 429.386
1063.4 431.298
1059.99 433.459
1057.09 436.302
1054.2 439.263
1051.46 442.339
1048.05 444.473
1044.13 444.502
1040.63 442.841
1039.51 439.182
1039.34 435.214
1039.55 431.279
1039.55 427.278
1039.52 423.308
1039.39 419.334
1038.07 415.474
1037.5 411.483
1037.52 407.459
1038.23 403.413
1037.53 399.392
1037.5 395.369
1037.41 391.357
1036.51 387.36
1035.4 383.379
1033.59 379.539
1034.48 375.41
1034.5 371.332
1033.67 367.26
1033.48 363.141
1032.53 359.101
1031.51 355.087
1029.7 351.331
1027.58 347.678
1028.48 343.558
1028.5 339.472
1027.55 335.438
1026.51 331.454
1025.26 327.515
1023.4 323.777
1021.01 320.246
1019.51 316.343
1019.5 312.096
1019.08 307.914
1018.28 303.837
1016.36 300.163
1014.59 296.433
1012.56 292.851
1010.13 289.446
1007.41 286.384
1004.74 283.228
1005.41 278.844
1004.45 274.697
1002.57 270.765
1000.57 266.783
998.287 262.955
995.281 259.71
991.551 257.076
989.997 252.802
987.728 248.984
985.122 245.518
982.053 242.411
978.864 239.458
975.359 236.847
970.868 236.189
968.613 232.604
967.491 228.307
965.34 224.558
962.347 221.438
958.883 218.848
955.045 216.859
950.94 215.33
948.448 211.859
946.514 207.904
943.817 204.524
940.845 201.45
937.885 198.359
934.634 195.551
931.326 192.798
927.269 191.331
922.875 190.505
919.378 187.892
916.224 184.875
913.154 181.763
908.984 180.617
904.812 179.537
900.517 179.474
896.347 178.446
892.168 177.423
888.039 176.331
886.965 172.158
885.496 168.135
883.516 164.303
881.491 160.432
879.638 156.513
877.547 152.778
875.512 149.032
873.088 145.508
870.84 141.942
867.024 140.387
862.861 139.532
858.693 138.951
855.459 135.998
851.947 133.528
848.199 131.406
844.317 129.578
840.216 128.352
836.032 127.507
831.77 128.254
827.563 127.532
823.277 127.47
819.449 125.6
815.463 124.539
811.356 124.511
807.209 124.503
803.38 122.933
799.564 121.418
795.565 121.373
791.915 123.354
788.006 124.46
783.96 124.552
780.037 125.497
776.504 127.549
772.942 129.53
768.994 130.659
765.269 132.426
761.35 132.854
757.493 131.748
754.11 129.453
750.501 127.569
746.655 126.478
742.762 125.636
738.906 126.494
735.114 127.708
731.91 130.459
728.014 131.534
724.277 133.079
720.539 134.604
716.922 136.364
713.322 138.044
709.934 140.213
706.546 142.301
703.147 144.383
699.019 144.068
695.114 145.488
691.102 145.501
687.064 145.554
683.026 146.354
678.923 146.552
674.814 146.469
670.748 147.184
666.614 146.758
662.458 147.317
658.493 145.723
654.445 146.041
650.461 145.529
646.448 145.467
642.464 145.493
638.469 145.409
634.614 144.067
630.663 143.439
626.723 142.447
622.789 141.528
618.683 141.407
614.695 140.689
610.644 140.593
606.591 140.495
602.563 140.485
598.544 140.53
594.537 140.932
590.509 141.488
586.462 141.508
582.489 142.118
578.693 143.478
574.803 144.485
571.307 146.324
567.632 147.592
564.32 149.783
560.942 151.948
557.613 154.135
555.491 157.648
551.843 159.853
551.463 163.926
550.578 167.906
549.49 171.874
548.901 175.935
549.459 180.101
549.492 184.26
549.742 188.373
551.472 192.142
553.386 195.813
555.492 199.357
557.578 202.926
559.575 206.386
562.506 209.158
565.281 211.957
567.659 215.192
570.494 217.954
573.207 220.76
575.92 223.598
577.566 226.886
575.458 229.992
572.006 232.443
568.98 235.294
567.449 239.28
565.85 243.275
564.506 247.374
564.509 251.639
565.484 255.851
567.255 259.831
569.066 263.818
571.209 267.559
573.537 271.111
576.239 274.319
579.577 276.938
582.961 279.46
586.663 281.55
590.394 283.553
594.128 285.544
597.91 287.421
601.984 288.446
606.106 289.496
610.17 290.518
614.275 291.489
618.352 292.281
622.466 292.481
626.608 292.504
630.756 292.613
634.855 293.496
638.988 293.513
643.143 293.551
647.244 294.493
651.317 295.458
655.485 295.572
659.57 296.502
663.66 297.377
667.787 297.514
671.823 298.348
675.908 299.175
680.107 299.577
684.003 301.345
688.055 302.442
692.196 303.431
696.234 304.601
700.024 306.342
703.815 308.022
707.792 309.418
711.572 311.232
715.498 312.471
719.424 313.739
723.288 315.402
727.221 316.779
730.457 319.449
734.08 321.445
737.637 323.514
741.167 325.693
744.86 327.606
748.53 329.608
752.216 331.558
755.834 333.671
759.475 335.751
763.307 337.482
767.358 338.659
771.357 339.912
775.28 341.735
779.203 343.53
783.183 345.266
787.243 346.49
791.293 347.523
795.221 348.884
799.055 350.476
803.033 351.474
807.167 351.556
811.143 352.737
815.165 353.561
819.124 354.814
822.943 356.439
826.719 358.36
829.568 361.516
832.348 364.766
835.697 367.407
839.319 369.808
843.029 372.048
846.69 374.507
849.831 377.542
852.559 380.94
854.97 384.552
856.293 388.557
857.494 392.579
858.507 396.629
859.543 400.663
860.361 404.778
860.311 408.997
860.511 413.101
861.71 417.124
862.465 421.215
862.593 425.357
863.44 429.434
863.501 433.553
863.498 437.667
863.498 441.773
863.5 445.873
863.477 449.968
862.94 454.008
862.49 458.114
861.734 462.199
861.499 466.292
861.501 470.398
861.394 474.499
860.517 478.604
860.378 482.772
859.531 486.891
859.482 491.012
859.491 495.138
859.77 499.232
861.447 503.045
863.303 506.827
864.349 510.747
863.446 514.697
861.535 518.386
859.593 522.017
858.551 526.103
857.409 530.162
855.615 534.038
854.59 538.165
853.229 542.159
849.569 544.387
845.83 546.524
842.272 548.917
838.874 551.447
835.307 553.887
831.782 556.464
828.651 559.426
825.633 562.316
823.549 565.883
822.344 569.842
821.501 573.825
821.697 577.902
822.497 581.933
823.486 585.928
824.485 589.894
825.494 593.823
826.559 597.735
827.501 601.685
828.495 605.687
829.472 609.7
830.517 613.687
831.924 617.543
833.514 621.353
835.534 624.942
837.422 628.629
838.729 632.54
839.848 636.495
841.454 640.373
839.568 643.607
835.972 642.422
833.04 639.651
829.554 637.502
825.669 636.005
821.908 634.387
818.228 632.516
814.27 631.51
810.151 631.44
806.016 630.509
802.028 631.502
798.198 633.425
794.011 633.482
789.817 633.497
785.741 634.457
781.738 635.478
777.769 636.483
773.887 637.702
770.276 639.576
767.127 642.295
763.573 644.557
760.748 647.623
758.195 650.979
755.515 654.222
753.348 657.792
751.044 661.371
748.63 664.976
747.486 669.125
746.521 673.309
746.458 677.61
746.57 681.894
747.52 686.017
750.583 689.025
754.239 691.426
753.274 695.34
751.212 699.047
748.689 702.541
747.434 706.657
745.554 710.582
745.469 714.842
745.576 719.078
747.936 722.238
751.75 722.421
754.778 719.721
757.505 716.673
759.991 713.394
762.575 709.925
765.589 706.925
768.698 703.992
772.07 701.575
775.788 699.733
779.834 698.739
783.985 698.506
788.148 698.501
792.31 698.517
796.316 699.52
799.471 702.114
801.301 705.87
803.648 709.244
807.114 711.607
810.21 714.412
814.139 715.52
818.136 716.364
822.16 716.496
826.115 715.585
830.027 714.53
833.897 713.423
837.297 711.295
840.195 708.403
842.989 705.413
846.493 703.606
850.609 704.477
854.68 703.825
858.766 704.429
862.769 703.52
866.674 703.533
869.433 706.138
869.51 709.957
867.759 713.503
865.393 716.786
863.535 720.364
862.484 724.336
861.409 728.304
858.889 731.626
856.436 735.013
853.575 737.945
851.207 741.314
849.31 744.929
847.332 748.538
844.885 751.995
843.235 755.894
841.099 759.503
839.433 763.433
837.904 767.471
837.475 771.718
837.512 775.957
839.759 779.339
843.742 779.454
847.273 777.234
849.721 773.756
852.315 770.361
855.247 767.19
857.501 763.431
860.424 760.22
863.35 757.036
866.053 753.7
868.877 750.535
871.814 747.544
875.677 746.549
879.484 747.532
881.607 751.106
883.289 754.928
883.566 759.099
884.476 763.231
884.639 767.434
884.502 771.554
885.484 775.566
886.491 779.541
887.702 783.431
888.714 787.296
888.261 791.183
885.546 794.273
884.497 797.881
885.895 801.48
888.295 804.874
885.611 807.481
881.664 808.468
877.739 809.468
873.851 810.435
870.002 811.287
866.088 811.36
862.079 811.478
858.092 811.487
854.111 811.584
850.17 812.488
846.129 812.522
842.198 813.488
838.282 814.547
834.285 815.468
830.153 815.488
826.033 815.489
821.896 815.486
817.75 815.484
813.603 815.633
809.556 816.767
805.525 818.047
801.483 819.204
797.291 818.354
793.018 818.43
788.917 819.445
784.994 821.248
780.659 821.503
776.448 822.422
772.318 823.435
768.213 824.462
764.153 825.529
760.449 827.463
756.798 829.367
753.237 831.409
749.245 832.262
745.519 833.938
741.869 836.084
737.847 837.539
733.972 839.391
730.247 841.275
726.495 843.112
722.607 844.582
718.835 846.421
714.698 847.49
710.628 848.69
706.735 850.467
702.621 851.47
698.622 852.72
695.356 855.334
692.341 858.395
689.555 861.701
686.29 864.562
683.766 868.048
682.459 872.175
681.493 876.444
681.477 880.793
681.876 885.103
682.43 889.352
680.298 892.944
676.819 895.465
673.414 898.001
669.968 900.483
666.323 902.633
663.012 905.355
659.287 907.404
655.779 909.683
653.279 913.076
651.232 916.809
649.414 920.776
647.677 924.846
645.62 928.827
644.536 933.087
643.43 937.309
641.578 941.404
641.45 945.847
640.476 950.167
639.511 954.505
639.488 958.913
639.501 963.345
640.435 967.679
641.38 971.943
643.216 975.828
645.352 979.615
647.741 983.175
651.264 985.545
655.069 987.51
659.008 989.19
662.427 991.568
663.496 995.626
663.66 999.957
664.49 1004.26
665.464 1008.54
666.548 1012.78
668.483 1016.64
671.243 1019.99
674.036 1023.4
677.798 1025.61
681.705 1027.47
685.812 1028.49
690.027 1028.53
694.234 1028.45
697.553 1026.08
699.468 1022.48
698.543 1018.53
695.772 1015.23
693.435 1011.71
691.357 1008.01
689.381 1004.29
687.668 1000.46
687.504 996.293
687.491 992.125
687.56 987.975
690.878 985.761
695.285 985.287
698.37 982.348
701.327 979.224
703.52 975.496
705.464 971.612
707.052 967.554
707.522 963.279
708.438 959.068
709.706 954.939
711.733 951.152
714.266 947.695
717.989 945.652
721.651 943.56
725.19 941.283
727.845 937.899
730.716 934.734
734.225 932.373
737.591 929.813
740.536 926.778
743.71 923.852
747.2 921.465
750.482 918.767
754.062 916.465
757.054 913.441
760.047 910.474
762.537 907.007
765.007 903.499
767.4 900.018
769.51 896.427
771.556 892.872
773.788 889.396
775.845 885.761
778.274 882.326
780.22 878.547
783.167 875.649
786.836 873.658
790.876 872.558
794.774 870.89
798.992 870.487
803.113 869.523
807.248 869.056
811.123 867.528
815.199 867.517
819.266 867.494
823.31 866.561
827.327 867.438
831.339 867.272
835.222 867.764
839.168 868.499
843.188 868.496
847.231 868.525
851.288 868.594
855.259 868.523
859.172 869.388
863.164 869.53
867.159 869.516
871.15 869.514
875.129 869.514
879.114 869.515
883.097 869.482
887.067 868.431
891.177 868.397
895.166 867.568
899.141 867.549
903.179 868.378
907.187 867.402
911.326 867.356
915.42 866.531
919.589 866.495
923.646 865.52
927.694 864.622
931.701 863.522
935.882 863.495
939.883 862.525
943.674 860.908
947.625 859.589
951.728 859.238
955.797 858.315
959.386 856.167
962.368 853.315
965.231 850.382
966.464 846.647
966.508 842.597
966.524 838.539
967.468 834.503
967.508 830.454
967.509 826.408
967.496 822.363
966.525 818.422
965.617 814.465
966.47 810.351
965.533 806.37
964.572 802.431
964.422 798.372
963.808 794.45
963.505 790.56
963.498 786.661
963.626 782.764
964.499 778.923
965.401 775.119
965.959 771.214
965.501 767.25
964.827 763.26
965.485 759.19
964.574 755.157
965.306 751.192
965.467 747.176
964.567 743.084
965.437 739.022
965.5 734.94
967.184 731.574
970.989 732.343
974.81 733.398
978.624 734.527
982.498 735.578
986.116 737.365
989.973 738.631
993.661 740.314
997.404 741.916
1001.09 743.615
1004.75 745.523
1008.39 747.51
1012.1 749.534
1015.53 752.166
1018.89 754.943
1022.27 757.749
1025.26 760.961
1028.37 764.024
1031.54 767.083
1034.84 769.891
1037.74 773.169
1041.32 775.475
1044.78 777.906
1047.84 780.998
1051.43 783.453
1054.71 786.238
1057.76 789.248
1061.35 791.544
1064.89 793.978
1068.3 796.748
1071.81 799.296
1075.71 801.256
1079.46 803.492
1082.79 806.297
1086.51 808.496
1090.13 810.764
1093.6 813.27
1097.3 815.49
1101.01 817.68
1104.42 820.195
1106.41 823.79
1105.56 827.946
1104.54 832.02
1101.94 835.457
1099.39 838.935
1096.61 842.297
1093.84 845.609
1091.45 849.133
1089.29 852.86
1086.83 856.469
1084.46 860.245
1081.95 863.934
1080.72 865.821
1079.5 867.707
1077 871.391
1074.43 875.085
1071.51 878.452
1069.14 882.216
1066.2 885.547
1063.97 889.238
1061.43 892.728
1058.94 896.262
1056.35 899.821
1053.87 903.461
1051.41 906.957
1049.36 910.676
1046.69 914.044
1044.53 917.741
1042.49 921.536
1040.35 925.262
1038.12 928.989
1035.48 932.603
1033.41 936.567
1031.55 940.607
1030.37 944.868
1028.52 948.875
1027.46 953.137
1026.41 957.468
1024.64 961.607
1023.51 965.863
1024.38 970.219
1025.36 974.535
1024.55 978.932
1025.52 983.168
1027.63 987.054
1030.36 990.591
1031.52 994.826
1032.47 999.166
1033.54 1003.41
1035.62 1007.24
1038.44 1010.69
1039.51 1015.01
1041.39 1018.97
1043.77 1022.71
1046.41 1026.28
1049.06 1029.8
1051.75 1033.09
1055.08 1035.69
1057.37 1039.08
1059.33 1042.74
1060.52 1046.68
1062.47 1050.24
1064.87 1053.48
1067.8 1056.28
1070.24 1059.53
1071.81 1063.39
1074.37 1066.77
1076.26 1070.59
1079.32 1073.7
1081.43 1077.36
1083.57 1081.05
1086.88 1083.82
1089.54 1087.23
1092.3 1090.6
1095.21 1093.8
1097.55 1097.41
1100.36 1100.72
1103.32 1103.88
1104.67 1108.14
1107.11 1111.76
1109.3 1115.55
1111.59 1119.25
1113.52 1123.05
1115.36 1126.94
1116.84 1130.94
1118.5 1134.83
1119.56 1138.84
1120.5 1142.92
1121.42 1147.02
1121.49 1151.16
1121.49 1155.29
1121.44 1159.42
1120.5 1163.47
1119.28 1167.43
1117.52 1171.14
1117.44 1175.2
1116.66 1179.17
1115.5 1182.94
1113.58 1186.33
1110.54 1188.62
1106.71 1189.51
1102.82 1190.44
1099.02 1189.44
1095.3 1187.69
1091.21 1187.47
1087.37 1186.17
1083.6 1184.51
1079.62 1183.5
1075.48 1183.46
1071.48 1182.49
1067.54 1181.37
1063.34 1181.44
1059.34 1180.49
1055.48 1178.94
1051.38 1178.48
1047.22 1178.49
1043.08 1178.49
1038.95 1178.51
1035.08 1180.2
1031.08 1181.51
1027.19 1183.21
1023.11 1183.35
1019.54 1181.05
1015.77 1179.46
1012.04 1177.72
1008.14 1176.46
1004.08 1175.5
999.889 1175.43
995.663 1175.45
991.517 1175.85
987.481 1177.06
983.571 1178.68
979.771 1180.61
976.759 1183.6
973.624 1186.54
970.789 1189.65
968.696 1193.31
966.496 1196.88
963.401 1199.44
959.205 1199.57
955.144 1200.5
951.059 1201.41
946.888 1201.52
942.807 1202.5
938.672 1203.56
934.563 1204.74
930.58 1206.49
926.581 1208.09
922.652 1209.84
919.032 1212.28
915.464 1215.02
911.978 1217.59
908.889 1220.48
906.459 1224.01
904 1227.47
902.134 1231.14
900.533 1234.79
900.469 1238.75
900.203 1242.68
899.551 1246.65
900.426 1250.55
901.614 1254.27
905.18 1255.52
909.128 1255.55
913.106 1255.51
917.042 1255.46
921.001 1254.68
924.912 1254.5
928.842 1254.36
932.721 1253.49
936.418 1253.6
936.083 1257.28
932.431 1259.07
928.905 1261.32
924.937 1262.64
921.931 1265.03
922.794 1269.41
920.704 1272.76
918.538 1276.05
916.771 1279.59
916.475 1283.51
916.45 1287.49
916.441 1291.51
915.545 1295.48
916.599 1299.16
919.491 1301.56
923.426 1301.65
927.353 1301.49
931.171 1300.41
935.002 1299.41
938.714 1297.71
942.537 1296.5
946.402 1295.39
950.367 1294.47
954.363 1293.52
958.322 1293.6
962.272 1295.19
966.388 1293.68
970.339 1294.23
974.178 1295.62
977.316 1298.52
980.734 1300.75
983.425 1303.88
986.89 1306.26
990.12 1309.03
993.634 1311.39
997.487 1313.03
1001.36 1314.62
1005.32 1315.81
1008.46 1318.41
1011.42 1321.26
1015.52 1321.65
1019.44 1322.74
1023.32 1324.07
1027.5 1323.68
1031.56 1324.3

