CONTOUR

1

1627

1067.65 1211.51
1071.54 1210.86
1075.32 1209.58
1079.28 1209.23
1082.97 1207.72
1086.71 1206.72
1090.45 1205.58
1094.37 1205.43
1097.99 1203.77
1101.86 1203.5
1105.53 1201.74
1109.46 1201.34
1113.1 1199.6
1117.04 1199.45
1120.59 1197.58
1124.55 1197.5
1128.22 1195.92
1132.01 1195.25
1135.61 1193.59
1139.57 1193.36
1143.23 1191.53
1147.31 1191.37
1151.07 1189.77
1155.07 1189.05
1158.71 1187.15
1162.49 1185.51
1166.46 1184.51
1170.64 1184.24
1174.63 1182.58
1178.81 1181.77
1182.91 1180.47
1187.03 1179.15
1190.97 1177.51
1195.03 1176.2
1199.2 1175.53
1203.52 1175.25
1207.74 1174.38
1211.64 1172.28
1215.87 1171.21
1220.06 1169.88
1223.88 1167.71
1228.02 1166.49
1231.99 1164.75
1236.19 1163.51
1240.03 1161.5
1243.52 1158.82
1247.57 1157.19
1251.03 1154.77
1253.48 1151.27
1255.29 1147.41
1257.3 1143.69
1257.51 1139.64
1257.51 1135.56
1257.24 1131.49
1255.39 1127.79
1253.56 1124.04
1253.26 1119.85
1251.59 1116.14
1249.6 1112.54
1248.57 1108.66
1248.49 1104.63
1247.59 1100.71
1247.5 1096.79
1247.51 1092.85
1247.42 1088.95
1245.74 1085.23
1245.51 1081.34
1246.32 1077.45
1246.32 1073.54
1245.55 1069.58
1247.15 1065.93
1248.53 1062.28
1251.15 1059.62
1254.99 1059.5
1258.94 1059.47
1262.85 1059.46
1266.74 1058.61
1270.64 1059.35
1274.5 1059.44
1278.41 1058.61
1282.27 1059.34
1286.17 1059.61
1290.11 1059.48
1294 1059.71
1297.87 1060.7
1301.78 1060.86
1305.59 1061.8
1309.41 1062.91
1313.48 1062.55
1317.36 1063.46
1321.21 1064.62
1325.09 1065.73
1329.2 1065.94
1333.22 1067.1
1337.38 1067.44
1341.42 1068.48
1345.49 1069.15
1349.62 1068.97
1353.74 1069.54
1357.82 1070.36
1361.94 1069.53
1366.03 1069.56
1370.18 1070.4
1374.37 1069.54
1378.59 1069.45
1382.83 1069.25
1387.08 1068.96
1391.13 1067.51
1394.96 1065.47
1398.67 1063.27
1401.69 1060.14
1404.38 1056.66
1407.18 1053.32
1408.34 1049.28
1409.47 1045.22
1409.52 1041.12
1409.35 1037.03
1409.53 1032.95
1410.45 1028.92
1409.54 1024.9
1409.5 1020.85
1409.51 1016.8
1409.51 1012.76
1409.51 1008.72
1409.51 1004.69
1409.51 1000.65
1409.86 996.644
1410.52 992.63
1411.5 988.66
1411.94 984.629
1412.54 980.603
1413.74 976.718
1415.5 972.928
1416.56 968.889
1417.76 964.843
1419.48 960.941
1420.41 956.84
1421.49 952.8
1423.36 949.005
1423.7 944.836
1425.16 940.871
1426.46 936.873
1427.44 932.797
1427.58 928.607
1428.5 924.488
1429.46 920.41
1430.59 916.417
1431.52 912.362
1432.5 908.288
1433.46 904.249
1433.51 900.143
1433.51 896.03
1433.51 891.916
1433.51 887.8
1433.51 883.676
1433.22 879.584
1431.48 875.744
1430.5 871.649
1429.34 867.634
1427.46 863.906
1424.55 860.896
1422.23 857.491
1420.66 853.69
1419.47 849.74
1417.5 846.126
1415.35 842.603
1413.06 839.137
1411 835.52
1408.91 831.931
1407.1 828.083
1403.81 825.133
1401.82 821.348
1399.4 817.954
1396.51 814.922
1394.08 811.562
1391.73 808.128
1391.67 804.281
1395.4 802.612
1399.43 801.456
1403.4 800
1407.34 798.525
1411.37 797.505
1415.35 796.28
1419.31 795.2
1423.36 794.345
1427.41 793.24
1431.32 791.666
1435.32 790.494
1439.31 789.366
1443.38 788.432
1447.44 787.217
1451.43 785.521
1455.54 784.201
1459.57 782.581
1463.58 781.006
1467.61 779.355
1471.49 777.225
1475.55 775.577
1479.77 774.49
1483.77 772.901
1487.66 771.16
1491.6 769.418
1495.5 767.516
1499.36 765.51
1503.37 763.874
1507.16 761.682
1511.3 760.274
1515.25 758.489
1519.34 757.075
1523.1 754.694
1527.33 753.309
1531.35 751.457
1535.32 749.433
1539.37 747.59
1543.37 745.652
1547.49 744.018
1551.93 743.454
1555.88 741.47
1559.52 739.01
1563.22 736.459
1567.2 734.404
1570.72 731.793
1574.36 729.355
1578.31 727.42
1581.81 724.675
1585.41 722.078
1588.6 718.86
1590.56 717.72
1592.52 716.58
1596.19 713.992
1599.53 711.062
1603.14 708.614
1606.99 706.503
1610.35 703.675
1614 701.533
1617.5 699.187
1621.16 697.105
1624.51 694.425
1627.88 691.707
1631.5 689.225
1634.99 686.51
1638.39 683.618
1641.9 680.939
1645.18 678.072
1647.98 674.753
1651.46 672.224
1654.47 669.19
1657.1 665.744
1660.76 663.426
1663.94 660.485
1667.52 657.973
1671.03 655.36
1673.61 651.945
1676.97 649.337
1679.58 645.997
1682.96 643.44
1686.43 641.042
1689.89 638.57
1692.87 635.557
1696.47 633.473
1699.77 630.852
1703.26 628.442
1706.66 625.945
1709.86 623.084
1713.53 621.002
1717.03 618.516
1720.13 615.501
1723.78 613.074
1727.32 610.535
1730.29 607.387
1733.33 604.376
1736.65 601.808
1740.03 599.304
1743.48 596.747
1746.67 593.75
1750.23 591.264
1753.45 588.326
1756.47 585.252
1759.59 582.263
1762.99 579.505
1766.13 576.533
1769.58 573.924
1772.61 570.687
1775.8 567.686
1779.38 565.157
1782.87 562.528
1786.08 559.694
1789.43 557.137
1792.08 553.819
1795.52 551.218
1798.55 548.156
1801.84 545.378
1804.79 542.278
1807.75 539.16
1810.66 535.965
1813.58 532.893
1816.45 529.785
1819.97 527.422
1822.97 524.495
1826.1 521.884
1829.25 519.341
1831.79 516.102
1834.86 513.359
1837.4 510.135
1839.43 506.541
1841.7 503.139
1844.55 500.117
1846.72 496.64
1847.63 492.557
1849.49 488.665
1849.38 484.515
1847.66 480.438
1847.91 476.113
1847.42 471.964
1844.88 468.562
1842.41 465.171
1839.14 462.59
1835.34 460.732
1831.09 459.937
1827.45 457.48
1823.46 456.112
1819.39 456.6
1815.58 458.387
1811.97 460.709
1807.75 461.888
1803.32 461.691
1800.48 465.043
1796.92 467.322
1792.94 468.682
1789.35 470.934
1785.63 472.896
1782.34 475.441
1779.22 478.193
1775.19 479.48
1772.12 482.285
1768.66 484.393
1764.41 484.691
1760.64 486.496
1756.92 488.4
1753.26 490.343
1749.35 491.761
1745.85 494.137
1742.22 496.255
1738.41 498.036
1735.09 500.707
1731.46 503.13
1727.77 505.407
1723.88 507.084
1719.68 507.497
1715.58 508.306
1711.64 509.633
1707.8 511.128
1704.34 513.334
1700.96 515.536
1698.07 518.322
1695.29 521.233
1692.05 523.54
1687.93 523.5
1683.8 523.486
1679.71 524.116
1675.9 525.604
1672.52 527.99
1669.63 531.048
1667.2 534.585
1663.57 536.474
1659.44 535.451
1655.24 534.51
1651.07 535.467
1647.14 537.201
1643.67 539.683
1640.77 542.867
1638.04 546.152
1633.95 546.468
1629.71 546.439
1625.57 546.735
1621.6 547.774
1618.22 550.055
1615.19 553.049
1611.18 553.567
1607.1 552.713
1603.01 552.497
1598.98 553.398
1595.05 554.667
1591.95 557.467
1589.13 560.536
1586.23 563.543
1582.58 565.177
1578.73 563.991
1575.28 561.607
1571.66 559.39
1567.67 557.847
1563.52 557.495
1559.36 557.975
1555.34 559.459
1551.51 561.339
1547.85 563.523
1544.1 565.48
1539.99 565.469
1536.09 563.538
1532.16 561.856
1527.96 561.499
1523.72 561.492
1519.49 561.509
1515.32 562.392
1511.16 562.55
1507.49 560.425
1503.47 559.504
1499.33 559.473
1495.16 559.363
1491.07 558.486
1486.98 557.559
1482.96 556.39
1479.13 554.558
1475.11 553.227
1471.14 551.502
1466.92 550.476
1462.68 549.47
1459.03 547.251
1456.29 544.005
1455.5 539.788
1455.5 535.442
1455.49 531.096
1454.54 526.865
1453.1 522.793
1450.42 519.439
1447.07 516.644
1443.22 514.498
1439.73 511.895
1438.47 507.706
1437.02 503.57
1434.49 499.877
1431.3 496.77
1427.42 494.558
1423.74 492.105
1420.68 489.017
1419.52 484.756
1419.49 480.209
1418.56 475.799
1417.51 471.46
1415.31 467.645
1412.23 464.576
1408.39 462.396
1404.76 459.96
1401.65 457.004
1400.51 452.906
1400.51 448.578
1400.49 444.269
1399.51 440.026
1398.27 435.85
1396.38 431.937
1393.48 428.713
1390.3 425.716
1386.64 423.254
1382.72 421.173
1378.86 419.099
1375.71 416.207
1374.5 412.127
1373.58 407.984
1373.51 403.784
1373.49 399.579
1372.68 395.426
1372.5 391.247
1371.54 387.206
1370.14 383.338
1367.64 380.034
1364.46 377.355
1360.89 375.146
1357.03 373.288
1353.08 371.489
1349.32 369.354
1346.54 366.136
1345.5 361.931
1344.53 357.664
1343.5 353.437
1341.94 349.383
1340.1 345.428
1337.73 341.721
1334.91 338.331
1331.61 335.391
1327.73 333.17
1323.64 331.506
1319.34 330.492
1315.02 329.554
1310.91 328.124
1307.68 325.246
1305.01 321.801
1302.54 318.11
1299.69 314.801
1296.61 311.682
1293.22 309.034
1289.27 307.432
1285.04 306.491
1280.72 306.518
1276.4 307.391
1272.06 307.496
1267.7 307.495
1263.5 306.517
1260 304.127
1257.32 300.746
1254.3 297.683
1251.3 294.608
1247.69 292.198
1243.81 290.519
1239.65 290.484
1235.62 291.651
1232 293.843
1228.46 296.234
1224.44 294.896
1220.56 293.513
1216.83 291.74
1213.3 289.68
1209.51 288.241
1205.51 287.485
1201.43 287.483
1197.6 288.723
1194.56 291.519
1191.04 293.44
1187.12 294.493
1183.11 295.212
1178.99 295.481
1174.89 295.494
1170.8 295.426
1166.76 294.483
1162.71 293.505
1158.64 293.509
1154.76 294.746
1151.61 297.72
1147.83 299.574
1144.07 301.525
1140.41 303.553
1137.19 306.277
1133.65 308.664
1130.61 311.643
1127.87 314.891
1126.37 319.085
1122.27 320.497
1117.9 321.304
1114.73 324.573
1110.83 326.553
1107.16 328.99
1103.41 331.117
1100.03 333.859
1097.03 337.149
1093.47 339.643
1089.16 340.473
1084.88 341.432
1080.93 343.34
1077.09 345.361
1073.3 347.431
1069.48 349.431
1065.83 351.672
1063.16 355.028
1060.96 358.844
1059.13 362.788
1057.55 366.832
1056.44 371.008
1054.02 374.617
1051.98 378.322
1048.5 380.711
1044.63 382.534
1040.97 384.69
1037.83 387.517
1034.92 390.526
1031.91 393.458
1028.3 395.47
1024.3 396.302
1020.21 396.564
1016.24 397.548
1012.62 399.441
1009.02 401.261
1005.54 399.942
1005.5 396.042
1006.46 392.067
1006.51 388.042
1006.52 384.016
1006.52 379.983
1006.49 375.954
1005.61 371.972
1006.49 367.984
1006.52 363.974
1005.97 359.981
1005.49 355.902
1004.5 351.887
1003.08 348.017
1001.61 344.155
1002.48 340.034
1002.52 335.9
1002.47 331.77
1001.52 327.698
1000.59 323.632
999.269 319.674
997.699 315.811
997.49 311.67
996.599 307.644
995.512 303.697
994.482 299.735
993.341 295.799
991.05 292.297
989.529 288.471
989.156 284.335
987.8 280.44
986.438 276.556
985.093 272.657
983.334 268.864
981.143 265.242
978.578 261.833
975.533 258.777
973.637 254.928
972.431 250.773
970.554 246.906
968.182 243.227
966.084 239.365
963.417 235.912
959.98 233.292
957.871 229.616
956.198 225.655
953.178 222.591
950.254 219.35
946.899 216.479
943.362 213.78
939.563 211.6
936.676 208.341
933.398 205.476
930.134 202.596
926.608 200.026
922.956 197.779
918.867 196.375
915.272 194.039
911.922 191.379
908.839 188.503
905.464 186.003
901.886 183.68
898.221 181.595
894.397 179.874
890.462 178.497
886.389 177.52
882.349 176.524
878.447 175.095
874.613 173.561
870.526 173.173
866.47 172.434
862.4 171.518
858.288 171.767
854.155 172.428
850.206 170.524
845.989 170.478
841.772 170.518
837.583 171.468
833.925 170.056
832.704 166.311
832.373 162.295
831.801 158.265
831.504 154.172
829.643 150.558
827.632 147.033
825.348 143.723
821.872 141.734
818.237 139.898
814.425 138.454
810.514 137.209
806.528 136.259
802.489 135.444
798.404 134.65
794.28 134.511
790.192 134.506
786.126 134.287
782.124 133.268
778.086 132.395
773.982 131.577
769.823 131.5
765.688 131.512
761.533 131.449
757.458 130.46
753.169 130.417
749.154 128.629
744.919 128.497
740.659 128.458
736.556 126.934
732.544 127.261
728.881 128.874
726.014 131.997
722.21 133.616
718.269 135.117
714.704 137.279
711.678 140.26
708.215 142.489
704.179 143.429
700.104 143.452
696.336 141.582
692.413 140.327
688.369 139.472
684.33 138.523
680.313 138.531
676.606 140.391
672.861 142.146
669.937 145.184
666.051 146.532
662.483 148.4
658.615 149.278
654.887 150.521
652.477 154.11
648.814 155.62
645.329 157.475
641.86 159.4
637.751 159.674
633.982 161.443
629.9 161.596
625.899 162.468
621.924 163.385
617.954 164.221
613.866 163.534
609.807 163.709
605.823 164.317
601.907 164.491
597.968 164.51
594.099 165.378
590.207 166.533
586.226 167.479
582.268 168.483
578.226 168.327
574.184 167.624
570.115 167.514
566.067 167.5
562.02 167.502
557.964 167.499
553.911 167.499
549.861 167.49
545.775 167.476
541.705 167.495
537.633 167.539
533.577 168.522
529.423 168.596
525.36 169.419
521.3 169.495
517.213 169.478
513.39 170.517
510.618 173.589
507.095 175.614
503.73 178.009
500.857 181.009
497.498 183.442
495.447 187.026
493.006 190.453
491.399 194.205
490.863 198.333
489.516 202.113
488.501 205.943
488.487 209.892
489.221 213.771
490.838 217.274
493.544 220.122
495.956 223.281
499.578 225.112
502.861 227.372
506.188 229.689
508.477 233.026
510.562 236.503
514.604 237.522
517.918 239.599
519.299 243.571
521.796 246.318
525.951 245.305
529.798 246.378
532.991 248.767
533.464 252.6
530.839 255.475
526.861 255.301
522.954 253.542
518.823 253.474
514.677 253.514
511.041 255.326
508.425 258.551
506.44 262.29
503.782 265.686
502.525 269.541
503.46 273.653
503.676 277.838
505.468 281.629
507.488 285.356
509.623 289.016
512.504 292.168
515.575 295.104
518.996 297.598
522.486 299.742
526.191 301.529
529.789 303.558
533.43 305.455
537.341 306.671
541.4 307.516
545.442 308.487
549.572 308.74
553.694 309.489
557.853 309.504
562.003 309.506
566.141 309.507
570.266 309.505
574.378 309.463
578.43 308.534
582.523 308.507
586.598 308.461
590.65 307.571
594.711 307.504
598.768 307.507
602.825 307.507
606.879 307.512
610.923 307.515
614.963 307.515
619.003 307.515
623.04 307.514
627.067 307.511
631.086 307.628
635.045 308.489
639.083 308.522
643.025 309.415
647.045 309.506
651.082 309.659
655.059 310.584
659.072 311.52
663.092 312.51
667.103 313.473
671.199 313.693
675.134 314.799
679.171 315.518
683.164 316.527
687.164 317.522
691.195 318.524
695.233 319.619
699.267 320.735
703.386 321.628
707.268 323.358
711.294 324.471
715.322 325.519
719.294 326.818
723.331 327.518
727.301 328.576
731.334 329.541
735.316 330.773
739.368 331.524
743.432 332.511
747.469 333.584
751.466 334.894
755.645 335.514
759.793 336.38
763.91 337.483
768.167 337.508
772.435 337.497
776.706 337.517
780.928 338.431
785.198 338.516
789.437 339.035
793.529 340.212
797.141 342.491
800.02 345.659
803.381 348.322
807.043 350.591
810.507 352.991
813.947 355.389
817.422 357.782
820.39 360.82
823.377 363.822
826.344 366.868
828.658 370.467
831.106 373.985
832.78 377.908
834.46 381.847
836.153 385.786
837.397 389.793
837.741 393.978
838.494 398.094
839.284 402.203
839.494 406.341
839.496 410.474
839.496 414.605
839.498 418.738
839.497 422.869
839.493 427.009
839.495 431.153
839.458 435.293
838.507 439.373
838.464 443.525
837.579 447.603
837.472 451.7
836.524 455.688
836.488 459.725
836.458 463.761
835.515 467.715
835.505 471.654
836.485 475.548
837.469 479.445
837.578 483.441
838.383 487.41
838.456 491.398
838.475 495.386
838.437 499.349
837.343 503.088
833.887 504.901
829.75 505.502
825.696 506.451
821.706 507.491
817.703 508.588
813.619 509.484
809.582 510.427
805.745 511.926
802.527 514.745
799.435 517.654
796.737 520.921
794.735 524.595
793.152 528.45
791.456 532.138
790.405 536.049
789.491 540.067
789.494 544.135
789.625 548.244
790.48 552.247
791.434 556.232
791.633 560.307
792.758 564.246
793.707 568.247
795.408 572.025
796.398 575.977
797.699 579.959
799.487 583.779
801.146 587.62
802.774 591.484
804.616 595.267
806.898 598.745
808.735 602.378
811.148 605.666
813.377 609.062
811.498 612.305
807.769 613.475
803.737 613.48
799.741 613.758
795.89 615.262
791.802 614.715
787.802 615.467
783.778 615.685
780.125 617.476
776.227 618.497
772.4 619.746
768.737 621.544
765.099 623.548
761.411 625.478
757.373 626.489
753.332 627.476
749.215 627.499
745.129 627.631
741.031 628.466
736.927 627.541
732.835 627.496
728.763 627.408
725.045 625.568
721.289 623.737
717.516 622.082
713.853 620.043
710.154 618.111
706.288 616.519
702.245 615.469
698.141 614.483
693.994 613.876
689.892 613.907
686.023 615.589
682.179 617.459
678.098 618.473
674.071 619.618
670.351 621.486
666.727 623.653
663.62 626.55
660.817 629.746
658.095 632.994
655.436 636.327
653.38 640.139
651.513 644.046
650.387 648.221
649.489 652.538
647.633 656.425
643.814 658.588
639.882 660.529
636.051 662.546
632.315 664.676
628.884 667.231
625.476 669.797
622.336 672.672
619.078 675.474
616.274 678.752
613.618 682.072
611.873 685.884
610.556 689.814
609.434 693.802
608.484 697.909
607.518 702.051
608.431 706.093
610.384 709.829
613.571 712.303
617.293 711.146
619.543 707.489
621.614 703.686
623.502 699.738
626.234 696.403
629.205 693.27
631.875 689.956
635.335 687.562
639.312 686.297
643.407 685.489
647.505 684.505
651.61 683.546
655.763 683.512
659.924 683.654
663.82 684.755
665.561 688.769
668.358 691.771
671.629 694.235
675.501 695.498
679.662 695.528
683.726 696.336
687.715 695.535
691.59 694.306
695.189 692.42
698.502 690.177
701.295 687.29
703.469 683.798
706.729 681.509
710.627 680.567
714.667 680.496
718.642 679.855
722.308 680.405
721.538 684.038
719.07 687.147
715.737 689.646
713.482 692.96
712.345 696.893
711.298 700.883
708.398 703.996
705.229 706.935
701.961 709.632
699.471 712.931
697.364 716.579
695.44 720.356
693.466 724.132
691.574 727.953
690.533 732.207
689.515 736.452
689.479 740.78
689.489 745.119
690.474 749.295
691.759 753.315
695.387 755.039
699.116 753.329
701.328 749.84
702.537 745.849
703.599 741.789
706.219 738.301
707.631 734.296
709.769 730.655
712.415 727.279
714.984 723.723
717.991 720.535
721.64 718.336
726.083 718.532
730.591 718.51
734.958 717.587
739.203 716.402
743.117 714.442
746.243 711.47
748.641 707.881
751.354 704.599
753.402 701.022
754.558 696.969
755.893 692.905
757.516 688.902
760.159 685.584
764.049 683.625
767.863 681.536
771.674 679.481
775.328 677.151
778.462 674.04
781.736 671.119
784.651 667.886
787.537 664.685
789.706 660.945
791.438 656.997
793.923 653.595
797.925 652.474
802.039 651.521
806.262 651.507
810.48 651.503
814.695 651.507
818.893 651.487
823.114 650.758
827.197 651.491
831.297 651.508
835.379 651.522
839.399 652.444
843.456 652.52
847.437 653.104
851.278 654.471
855.293 654.536
859.253 655.446
863.278 654.566
867.247 655.489
871.234 655.503
875.221 655.211
879.267 655.478
883.015 656.643
885.317 659.953
888.288 662.622
891.42 665.139
894.526 667.718
896.492 671.339
897.46 675.34
897.661 679.424
897.531 683.605
898.929 687.546
899.494 691.606
900.218 695.627
901.947 699.49
902.498 703.638
903.504 707.687
905.378 711.474
906.455 715.441
907.678 719.336
908.678 723.301
909.971 727.137
911.486 730.874
912.161 734.672
909.535 737.937
908.608 741.61
910.511 745.149
912.294 748.584
908.834 750.419
905.143 752.155
901.311 753.837
897.373 755.469
893.079 755.771
889.068 757.308
885.028 758.442
880.819 758.66
876.899 760.124
872.779 760.577
868.787 761.651
864.969 763.478
860.909 764.448
856.899 765.503
852.882 766.471
848.774 766.57
844.784 767.48
840.835 768.52
836.937 769.739
833.214 771.583
829.193 772.485
825.006 772.503
821.005 773.494
817.437 775.777
813.539 777.477
809.369 778.37
805.33 779.533
801.501 781.425
797.291 781.893
793.52 783.634
790.114 786.314
786.12 787.906
782.153 789.593
778.425 791.948
774.266 793.498
770.296 795.481
766.337 797.401
762.42 799.215
758.428 800.56
754.987 803.188
750.9 804.533
747.161 806.598
743.248 808.269
739.171 809.572
735.257 811.41
731.171 812.653
727.457 814.848
723.254 815.722
719.235 817.348
715.079 818.413
710.991 819.53
707.18 821.486
703.584 823.818
700.958 827.363
697.338 829.568
693.505 831.476
689.854 833.615
686.809 836.543
683.787 839.562
682.164 843.349
681.284 847.421
680.492 851.54
680.496 855.69
681.463 859.764
682.44 863.776
683.969 867.583
685.69 871.332
687.526 875.063
687.26 879.032
684.469 882.178
683.215 885.958
683.372 890.157
682.332 894.117
680.628 897.839
679.246 901.728
677.523 905.586
676.498 909.633
675.458 913.669
674.492 917.783
673.512 921.893
673.488 926.105
673.491 930.318
673.506 934.531
674.448 938.655
675.497 942.735
677.21 946.551
679.77 949.815
683.125 952.408
687.225 953.754
691.024 955.664
694.954 956.833
698.909 956.185
701.376 953.106
700.489 949.102
698.35 945.363
696.928 941.388
697.489 937.098
697.505 932.773
697.494 928.444
697.505 924.121
698.564 919.949
699.761 915.81
701.579 911.974
704.721 909.568
708.9 910.48
712.949 910.478
716.579 908.719
719.659 905.854
722.553 902.716
725.359 899.378
727.496 895.598
729.309 891.68
730.475 887.557
730.609 883.214
732.534 879.586
736.515 878.514
740.547 879.445
743.505 882.287
744.599 886.324
744.655 890.686
745.123 895.05
743.209 898.877
741.467 902.845
739.406 906.649
736.758 910.101
735.43 914.242
732.679 917.639
730.563 921.391
729.49 925.569
728.55 929.762
728.349 933.954
730.411 937.869
730.5 942.063
730.494 946.253
730.492 950.445
730.486 954.649
730.487 958.854
730.622 963.042
731.492 967.192
732.479 971.317
733.649 975.384
735.604 979.087
738.836 981.658
742.541 983.483
746.696 983.529
750.833 983.444
754.178 981.416
755.491 977.774
754.534 973.947
752.398 970.523
750.603 966.95
749.507 963.023
749.501 958.9
749.501 954.771
749.521 950.636
750.542 946.626
752.861 943.313
757.203 942.263
760.509 939.569
763.262 936.331
765.322 932.698
767.365 929.078
767.53 924.867
768.485 920.796
768.484 916.703
768.498 912.599
768.519 908.529
769.89 904.766
772.674 901.725
775.629 898.86
778.291 895.649
781.25 892.701
783.42 889.15
786.433 886.234
789.247 883.113
791.331 879.371
794.324 876.339
797.316 873.31
799.864 869.837
803.112 866.922
805.343 863.217
807.477 859.378
809.35 855.392
811.211 851.471
812.444 847.45
813.875 843.517
815.466 839.594
816.494 835.537
817.782 831.563
820.53 828.317
823.885 825.641
827.812 823.826
831.575 821.899
835.544 820.611
839.558 819.484
843.49 818.067
847.337 816.526
851.294 815.571
855.329 815.216
859.134 813.533
863.255 813.485
867.275 812.607
871.269 813.491
875.235 813.476
879.215 812.513
883.328 812.462
887.366 811.497
891.414 810.657
895.563 811.484
899.621 810.537
903.659 809.682
907.765 809.481
911.773 808.507
915.805 807.524
919.8 806.559
923.71 805.53
927.668 804.976
931.689 804.492
935.614 803.301
939.498 801.882
943.545 800.991
947.688 800.503
951.746 799.491
955.545 797.593
959.565 796.596
963.53 795.476
967.27 793.733
970.852 791.577
974.864 790.635
978.669 789.162
982.488 787.592
986 785.526
988.412 782.283
990.428 778.707
991.46 774.797
991.505 770.718
991.505 766.638
991.508 762.559
991.318 758.499
989.91 754.572
989.495 750.436
988.645 746.38
988.495 742.318
987.648 738.329
987.165 734.346
986.493 730.327
985.529 726.303
985.355 722.261
985.507 718.183
985.516 714.111
985.498 710.04
984.776 706.015
984.499 701.997
983.493 698.032
982.531 694.008
982.441 689.853
981.527 685.685
983.646 682.532
987.447 683.548
991.091 685.55
994.788 687.54
998.515 689.51
1002.13 691.57
1005.58 694.023
1009.02 696.468
1012.8 698.515
1016.64 700.558
1020.53 702.537
1024.31 704.799
1028.16 706.839
1031.74 709.33
1035.56 711.526
1039.5 713.53
1043.46 715.507
1047.29 717.728
1051.29 719.522
1055.15 721.513
1059.07 723.493
1062.93 725.466
1066.85 727.336
1070.96 728.659
1074.72 730.549
1078.47 732.36
1082.48 733.523
1086.39 734.966
1090.16 736.731
1093.85 738.49
1097.56 740.267
1101.38 741.894
1105.14 743.582
1108.96 745.334
1113 746.499
1117.06 747.683
1119.46 750.756
1117.83 754.517
1115.54 758.049
1113.31 761.601
1110.59 764.878
1108.45 768.608
1105.7 771.916
1103.44 775.557
1101.25 779.212
1098.73 782.607
1096.21 786.012
1093.85 789.523
1091.41 793.046
1088.72 796.223
1086.38 799.626
1083.65 802.762
1081.47 806.309
1079.34 809.933
1076.43 813.033
1073.84 816.464
1071.51 820.053
1068.81 823.469
1066.46 827.038
1064.31 830.729
1062.04 834.289
1059.65 837.756
1057.35 841.301
1055.42 845.088
1053.64 848.98
1051.67 852.814
1049.87 856.745
1048.61 860.802
1048.48 865.062
1047.3 869.093
1045.45 873.005
1044.5 877.235
1044.97 881.577
1045.47 885.927
1045.52 890.358
1047.4 894.394
1049.42 898.31
1051.48 902.171
1052.8 906.335
1054.71 910.174
1057.65 913.333
1060.31 916.739
1062.36 920.543
1065.23 923.791
1067.95 927.192
1071.3 930.018
1073.85 933.467
1076.93 936.427
1079.91 939.534
1082.48 943.047
1085.69 945.97
1088.48 949.336
1091.25 952.708
1093.86 956.127
1097.31 958.823
1100.46 961.778
1103.42 964.927
1105.94 968.48
1108.92 971.699
1110.98 975.448
1113.35 979
1114.64 983.136
1116.46 986.979
1118.39 990.759
1120.43 994.451
1121.91 998.432
1124.34 1002.06
1125.47 1006.17
1126.55 1010.28
1128.37 1014.2
1128.79 1018.46
1129.49 1022.66
1129.5 1026.91
1129.64 1031.17
1129.55 1035.39
1129.47 1039.56
1128.51 1043.66
1127.5 1047.74
1126.22 1051.75
1124.58 1055.6
1123.56 1059.59
1122.14 1063.4
1120.18 1066.87
1117.19 1069.5
1113.72 1071.64
1111.26 1075.06
1107.64 1076.77
1103.88 1078.13
1099.89 1078.49
1096.03 1079.46
1092.21 1080.52
1088.41 1081.54
1084.53 1081.36
1080.62 1080.51
1076.67 1080.49
1072.71 1080.47
1068.82 1079.56
1064.92 1079.49
1061.01 1079.5
1057.12 1079.64
1053.36 1079.49
1049.59 1079.48
1045.86 1079.75
1042.2 1081.23
1038.59 1079.58
1034.79 1079.48
1030.99 1079.52
1027.43 1081.07
1023.74 1081.85
1020.34 1083.49
1016.98 1085.2
1013.74 1086.99
1011.29 1090.22
1007.47 1090.35
1003.74 1088.58
999.8 1087.46
995.802 1086.49
991.791 1085.5
987.668 1085.44
983.486 1085.41
979.341 1085.49
975.289 1086.4
971.284 1087.51
967.425 1089.08
963.634 1090.74
960.094 1092.83
956.92 1095.51
954.012 1098.42
951.199 1101.39
948.76 1104.72
946.929 1108.43
945.52 1112.3
945.469 1116.49
944.494 1120.45
941.769 1123.53
938.38 1125.98
935.232 1128.79
931.914 1131.48
928.917 1134.51
925.949 1137.55
923.502 1140.9
921.402 1144.52
919.438 1148.24
917.89 1152.13
917.48 1156.34
917.484 1160.58
917.469 1164.81
917.588 1169
920.725 1171.48
924.881 1171.49
929.065 1170.44
933.247 1169.28
937.322 1167.74
941.407 1166.5
945.559 1165.49
949.73 1164.48
953.94 1163.5
958.155 1162.5
962.384 1161.5
966.597 1160.56
970.481 1161.73
972.466 1165.35
972.864 1169.48
970.438 1173.03
968.394 1176.81
965.782 1180.33
964.664 1184.48
962.717 1188.32
962.134 1192.49
961.459 1196.68
961.362 1200.87
963.5 1204.32
966.42 1207.05
970.154 1207.48
973.844 1206.01
977.552 1204.61
980.956 1202.63
984.606 1201.12
988.156 1199.47
991.515 1197.37
995.099 1195.79
998.76 1194.46
1002.5 1193.4
1006.22 1192.63
1007.02 1196.36
1007.43 1200.35
1010.57 1202.33
1014.2 1203.6
1017.86 1204.76
1021.5 1206.01
1025.38 1205.97
1029.22 1206.56
1033.06 1207.07
1036.95 1207.04
1040.78 1207.58
1044.42 1209.12
1048.31 1209.5
1052.11 1210.21
1055.9 1210.83
1059.75 1211.33
1063.71 1211.49

