CONTOUR

1

1482

1140.04 1166.47
1143.43 1164.26
1145.92 1160.95
1148.62 1157.73
1151.26 1154.42
1153.65 1150.89
1156.27 1147.59
1159.75 1145.26
1163.92 1144.46
1168.27 1144.51
1172.51 1143.76
1176.67 1142.83
1180.58 1140.91
1184.82 1140.2
1189.2 1140.35
1193.19 1138.59
1197.23 1136.98
1200.75 1134.52
1203.44 1131.2
1205.43 1127.38
1207.54 1123.61
1209.67 1119.84
1211.63 1115.99
1214.76 1113.06
1217.53 1109.84
1218.8 1105.66
1221.27 1102.18
1223.96 1098.77
1224.55 1094.46
1226.15 1090.46
1227.83 1086.54
1229.79 1082.83
1232.23 1079.4
1233.97 1075.63
1235.56 1071.73
1237.49 1067.95
1239.43 1064.16
1241.52 1060.46
1243.54 1056.72
1245.38 1052.92
1247.12 1049.1
1247.51 1044.98
1247.55 1040.8
1248.51 1036.7
1248.53 1032.54
1248.52 1028.4
1248.53 1024.24
1248.51 1020.1
1247.69 1016.07
1247.51 1012.01
1247.51 1007.95
1247.5 1003.89
1247.28 999.813
1246.51 995.782
1246.61 991.729
1247.29 987.679
1247.51 983.614
1248.49 979.647
1249.5 975.684
1250.51 971.747
1251.5 967.762
1252.52 963.819
1253.5 959.835
1254.53 955.882
1255.67 951.93
1257.48 948.271
1258.43 944.375
1259.54 940.527
1261.15 936.827
1262.39 932.989
1263.52 929.113
1265.37 925.479
1267.48 921.998
1269.48 918.506
1270.8 914.669
1271.55 910.653
1273.45 907.005
1275.38 903.298
1276.96 899.471
1277.53 895.362
1278.66 891.36
1280.6 887.603
1281.95 883.577
1283.08 879.48
1283.5 875.267
1283.51 871.013
1283.51 866.755
1283.51 862.492
1283.49 858.206
1282.35 853.983
1280.57 850.007
1279.34 845.861
1276.58 842.55
1274.5 838.888
1271.98 835.431
1268.91 832.403
1266.41 828.833
1263.92 825.325
1261.55 821.813
1258.87 818.426
1255.9 815.316
1253.49 811.88
1250.56 808.911
1247.8 805.768
1245.51 802.41
1243.59 798.875
1242.48 794.853
1240.72 791.076
1239.53 787.049
1241.39 783.217
1243.32 779.318
1245.71 775.675
1248.46 772.246
1251.4 769.044
1254.31 765.764
1257.15 762.368
1259.66 758.812
1262.19 755.255
1264.4 751.534
1267.26 748.307
1269.45 744.672
1271.41 740.852
1273.45 737.217
1275.82 733.76
1277.6 729.984
1280.04 726.638
1282.37 723.205
1283.56 719.214
1285.47 715.476
1287.54 711.821
1289.65 708.174
1291.57 704.424
1293.69 700.832
1296.39 697.701
1299.06 694.462
1301.41 691.067
1303.29 687.307
1305.15 683.517
1307.6 680.121
1309.7 676.573
1311.87 672.975
1314.72 669.714
1316.62 665.926
1319.44 662.862
1322.12 659.465
1323.57 655.491
1324.53 651.363
1325.66 647.256
1327.5 643.341
1329.21 639.376
1329.58 635.006
1331.94 631.468
1335.52 628.963
1339.21 626.431
1342.63 623.548
1346.32 621.238
1349.54 618.342
1352.58 615.245
1355.68 612.046
1359.13 609.474
1362.22 606.453
1365.24 603.388
1368.35 600.385
1371.65 597.594
1375.2 595.201
1378.11 592.107
1381.18 589.337
1384.14 586.456
1387.09 583.514
1389.59 580.233
1391.74 576.688
1394.75 573.66
1397.81 570.661
1401.42 568.161
1404.47 565.128
1407.09 561.628
1410.27 558.585
1413.25 555.349
1415.87 551.737
1419.03 548.505
1421.66 544.835
1424.41 541.369
1427.4 538.008
1431.03 535.276
1433.16 531.406
1435.45 527.674
1437.71 523.974
1439.52 520.03
1441.51 516.113
1443.6 512.317
1445.79 508.533
1447.34 504.333
1449.44 500.412
1451.59 496.546
1453.58 492.606
1455.78 488.767
1458.14 484.898
1460.09 480.827
1462.76 477.172
1464.01 475.287
1465.26 473.403
1467.38 469.402
1469.48 465.432
1471.49 461.43
1473.11 457.283
1475.29 453.408
1477.19 449.445
1478.58 445.269
1480.55 441.358
1482.44 437.383
1484.42 433.44
1486.37 429.44
1487.53 425.195
1488.59 420.901
1491.23 417.223
1493.36 413.328
1495.2 409.273
1497.25 405.325
1498.76 401.188
1501.5 397.682
1503.5 393.691
1505.28 389.589
1506.53 385.263
1508.98 381.454
1511.17 377.513
1512.53 373.204
1515.32 369.628
1517.21 365.582
1519.61 361.887
1521.71 357.958
1524.35 354.422
1526.36 350.538
1529.27 347.216
1531.28 343.365
1533.39 339.476
1535.46 335.597
1538.32 332.268
1540.66 328.499
1542.98 324.698
1545.66 321.153
1548.22 317.511
1551.26 314.23
1553.35 310.289
1556.35 307.05
1559 303.518
1562.13 300.451
1564.49 296.818
1567.23 293.429
1569.82 289.971
1572.64 286.723
1575.35 283.324
1577.85 279.782
1580.7 276.705
1583.52 273.575
1586.43 270.529
1589.54 267.775
1592.57 265.005
1595.51 262.114
1598.51 259.256
1601.77 256.734
1605.13 254.401
1608.3 251.859
1611.76 250.185
1615.11 251.709
1615.51 255.6
1615.49 259.591
1615.05 263.561
1614.47 267.504
1613.82 271.468
1612.85 275.62
1615.09 279.501
1615.18 283.148
1611.48 285.468
1609.52 288.963
1608.5 292.88
1608.39 297.069
1606.6 300.908
1605.67 305.103
1605.42 309.443
1603.52 313.382
1602.5 317.5
1603.05 321.659
1604.81 325.453
1608.39 327.545
1612.46 328.501
1616.54 327.537
1620.24 325.447
1623.25 322.454
1625.59 318.84
1627.74 315.061
1630.13 311.399
1632.13 307.492
1634.16 303.593
1636 299.624
1637.86 295.684
1639.51 291.765
1641.47 288.018
1643.4 284.215
1644.53 280.092
1645.64 275.988
1647.23 271.987
1647.51 267.774
1647.56 263.527
1648.52 259.371
1649.49 255.193
1649.52 250.927
1649.42 246.673
1648.52 242.455
1647.55 238.239
1646.52 234.082
1646.35 229.684
1643.44 226.423
1641.01 222.85
1639.31 218.725
1635.98 215.766
1632.9 212.751
1629.17 210.6
1625.86 207.908
1621.96 206.449
1617.86 205.501
1613.68 205.058
1609.42 204.483
1605.26 205.483
1600.96 205.5
1596.85 206.438
1592.63 206.661
1589.4 209.41
1585.84 211.722
1581.6 211.959
1577.87 213.451
1573.99 214.529
1570.55 216.476
1566.7 217.536
1563.14 219.294
1559.53 220.867
1557.4 224.593
1553.58 226.335
1549.7 228.027
1547.12 231.391
1543.27 232.666
1539.47 234.15
1537.5 237.747
1535.57 241.553
1531.87 243.498
1528.13 245.424
1525.19 248.299
1522.41 251.318
1519.82 254.571
1517.16 257.769
1514.47 260.945
1511.56 263.947
1508.79 267.217
1505.59 270.04
1502.58 273.081
1499.69 276.239
1496.68 279.223
1493.67 282.245
1490.8 285.376
1487.11 287.573
1483.71 290.273
1480.57 293.287
1477.68 296.523
1475.48 300.224
1473.42 304.073
1472.19 308.405
1468.94 311.304
1464.81 312.964
1461.63 315.724
1459.42 319.354
1457.51 323.197
1455.49 326.963
1452.73 330.175
1448.59 331.522
1445.54 334.238
1443.47 337.928
1441.52 341.726
1439.8 345.599
1436.03 347.562
1432.94 350.293
1430.59 353.592
1428.61 357.267
1425.08 359.501
1421.62 361.817
1419.43 365.375
1417.4 369.033
1415.37 372.704
1412.42 375.435
1408.25 375.122
1404.09 375.459
1400.17 376.582
1397.13 379.264
1394.5 382.515
1391.61 385.524
1388.12 387.559
1384.09 388.513
1380.07 389.578
1376.45 391.622
1372.71 393.501
1368.52 393.5
1364.38 393.788
1360.52 395.454
1356.54 396.663
1352.48 397.429
1348.4 396.512
1344.41 395.445
1342.53 391.971
1342.51 387.804
1342.5 383.629
1341.61 379.55
1340.28 375.651
1337.43 372.705
1333.96 370.279
1331.7 366.892
1331.13 362.687
1329.39 358.997
1326.31 356.301
1322.45 354.45
1318.93 352.182
1318.5 348.058
1318.51 343.832
1318.33 339.64
1317.22 335.628
1314.51 332.374
1311.19 329.72
1306.99 328.371
1304.01 325.485
1303.5 321.375
1303.51 317.148
1303.49 312.933
1302.42 308.893
1300.33 305.24
1297.73 301.926
1294.64 299.06
1291.14 296.714
1287.02 295.438
1284.6 292.219
1284.62 288.004
1285.05 283.699
1284.61 279.399
1284.39 275.15
1282.84 271.153
1281.43 266.972
1278.89 263.481
1275.7 260.361
1271.7 258.454
1267.23 257.484
1263.54 255.089
1261.71 251.077
1260.85 246.666
1259.55 242.486
1257.92 238.453
1255.6 234.809
1252.75 231.614
1249.18 229.377
1245.11 228.215
1240.92 227.487
1236.61 227.501
1232.32 227.45
1228.88 224.985
1226.25 221.546
1223.11 218.679
1219.04 217.227
1215.01 215.525
1210.8 214.486
1206.52 214.519
1202.46 215.94
1198.78 218.321
1194.93 220.327
1190.82 220.362
1187.37 217.596
1183.71 215.222
1180.17 212.663
1176.03 211.472
1171.76 211.577
1168.44 214.564
1165.09 217.445
1161.32 219.605
1157.11 220.48
1152.84 219.515
1148.62 218.555
1144.38 218.51
1140.33 219.672
1137.36 223.023
1133.92 225.681
1130.72 228.599
1127.63 231.641
1123.89 233.773
1119.89 235.589
1115.74 236.772
1111.44 237.466
1107.3 238.52
1103.69 240.768
1100.63 243.739
1097.49 246.548
1093.63 248.423
1090.18 250.868
1087.51 254.278
1085.53 258.18
1083.5 262.06
1081.53 265.952
1079.54 269.819
1077.81 273.791
1074.67 276.783
1071.35 279.572
1068.06 282.478
1064.88 285.481
1061.44 288.168
1059.14 291.966
1056.73 295.705
1055.32 300.123
1052.15 303.377
1048.13 305.505
1044.16 307.599
1040.74 310.512
1037.43 313.562
1034.48 316.902
1031.97 320.596
1030.02 324.446
1028.48 328.303
1027.45 332.399
1026.49 336.581
1025.52 340.752
1024.49 344.864
1023.25 348.947
1021.54 352.919
1019.01 356.415
1015.93 359.493
1012.8 362.528
1010.49 366.191
1007.82 369.597
1005.85 373.31
1004.17 377.127
1000.53 379.039
997.253 381.512
993.708 383.129
991.63 379.873
991.409 375.674
990.521 371.612
989.598 367.561
989.271 363.453
988.528 359.4
988.494 355.257
987.78 351.186
987.524 347.008
987.414 342.831
985.654 339.002
983.656 335.267
982.388 331.284
982.509 327.064
981.966 322.931
981.476 318.821
980.424 314.794
979.457 310.703
978.509 306.554
977.046 302.56
974.836 298.837
973.543 294.746
973.418 290.362
971.56 286.428
969.551 282.487
967.571 278.522
965.268 274.762
962.083 271.59
960.158 267.684
959.019 263.457
956.498 259.741
953.698 256.236
950.662 252.974
947.7 249.686
945.294 245.954
942.411 242.61
939.272 239.503
935.808 236.784
932.269 234.264
928.363 232.351
924.676 230.137
921.284 227.302
917.855 224.594
914.041 222.524
910.079 220.629
906.856 217.702
903.637 214.787
899.937 212.648
895.824 211.453
891.665 210.398
888.175 207.847
884.348 206.174
880.324 205.02
876.185 204.51
872.036 204.53
867.933 205.296
863.865 206.311
859.715 206.43
855.556 206.471
851.504 207.366
847.486 208.269
843.619 209.45
839.708 210.473
835.79 211.362
831.779 210.439
827.845 209.589
824.747 206.974
821.671 204.661
818.65 202.346
815.473 200.133
812.056 198.493
808.347 197.577
804.52 197.229
801.505 194.628
798.078 192.69
794.414 191.349
790.84 189.566
786.674 190.38
782.955 188.517
779.047 188.492
775.089 189.146
770.905 188.728
767.216 190.47
763.604 192.292
760.119 194.266
756.39 195.829
752.953 197.898
749.485 199.725
746.097 201.846
742.225 202.503
738.271 202.497
734.297 202.588
730.358 203.165
726.245 202.851
722.24 203.6
718.131 203.561
714.402 205.365
710.326 205.533
706.196 205.596
702.546 207.305
699.344 209.755
696.162 212.376
692.592 214.436
691.589 218.629
688.418 220.885
684.959 222.744
681.121 223.612
677.244 224.476
673.456 225.559
670.496 228.406
666.915 230.253
663.339 231.88
660.609 234.709
659.392 238.508
658.408 242.386
657.287 246.259
655.018 249.626
652.359 252.778
650.04 256.19
646.753 258.636
643.123 260.625
640.101 263.535
636.336 265.545
633.097 268.203
630.29 271.35
626.832 273.473
623.559 275.817
619.72 276.491
615.701 276.531
612.527 278.768
610.162 282.091
606.62 283.73
602.818 284.784
599.731 287.414
596.272 289.361
592.675 291.087
588.987 292.523
586.083 295.204
582.287 295.876
578.519 297.493
574.386 297.981
570.417 298.701
566.497 299.685
562.751 301.124
559.445 303.369
556.538 306.202
552.797 307.476
549.687 309.722
546.625 311.919
543.28 313.845
540.164 316.085
536.298 317.091
533.36 319.504
531.441 322.973
529.135 326.37
527.488 330.089
526.458 334.092
525.587 338.161
525.468 342.326
524.44 346.357
523.487 350.398
523.911 354.34
527.121 357.076
530.064 360.046
533.948 361.513
537.62 363.378
541.385 364.978
543.522 368.453
545.063 372.411
547.843 375.379
552.331 375.549
555.443 378.273
557.554 381.941
558.469 386.109
558.285 390.378
556.569 394.4
555.024 398.353
550.624 397.543
546.661 398.459
543.055 400.44
539.724 403.037
537.494 406.503
537.578 410.596
539.437 414.449
541.459 418.212
543.548 421.903
545.947 425.447
548.919 428.519
552.05 431.455
555.574 433.999
559.434 436.04
563.313 438.152
567.43 439.923
571.65 441.493
576.004 442.481
580.467 442.825
584.889 443.488
589.33 443.512
593.772 443.496
598.127 442.561
602.403 441.521
606.657 440.519
610.911 439.486
615.133 438.148
619.149 436.551
623.259 435.329
627.057 433.44
630.813 431.506
634.582 429.586
638.379 427.835
642.35 426.56
646.094 424.738
650.001 423.568
653.905 422.515
657.649 421.113
661.364 419.559
665.195 418.443
668.993 417.138
672.683 415.533
676.571 414.509
680.465 413.504
684.35 412.511
688.219 411.431
692.124 410.42
696.089 409.507
700.042 408.508
704.007 407.564
708.085 407.496
712.076 406.77
716.198 406.512
720.314 406.43
724.39 405.516
728.543 405.489
732.632 404.796
736.725 404.519
740.824 404.519
744.915 404.499
748.985 403.922
753.049 403.572
757.12 403.56
761.198 403.51
765.284 403.487
769.388 403.452
773.433 403.146
777.464 402.503
781.447 401.53
785.494 401.499
789.511 401.395
793.527 400.542
797.618 400.484
801.609 399.525
805.693 399.39
809.733 398.517
813.761 398.626
817.615 399.939
821.14 402.467
824.468 405.236
827.775 408.01
831.139 410.831
833.506 414.367
835.575 418.123
837.49 421.948
838.99 425.937
839.669 430.193
841.367 434.256
841.504 438.52
841.508 442.81
841.462 447.094
840.79 451.349
840.483 455.604
839.909 459.845
839.494 463.976
839.282 468.12
836.781 471.548
835.116 475.281
833.353 479.056
831.475 482.758
829.548 486.482
827.897 490.256
826.559 494.114
825.492 498.1
824.479 502.09
823.494 506.085
822.51 510.055
822.24 514.063
821.501 518.021
821.49 522.04
821.46 526.063
820.509 530.03
820.483 534.104
819.34 537.932
817.114 541.367
816.397 545.281
815.492 549.201
814.409 553.104
812.024 556.443
809.065 559.345
805.593 561.639
801.924 563.682
799.332 567.087
795.744 569.569
794.417 573.476
794.719 577.65
795.484 581.891
795.492 586.208
795.506 590.534
796.446 594.805
796.536 599.048
795.474 603.093
793.591 606.9
791.473 610.543
787.515 611.986
783.605 613.741
779.653 615.316
775.977 617.348
772.475 619.402
768.952 621.425
765.397 623.482
761.92 625.604
758.984 628.426
755.392 630.729
752.464 633.812
749.385 636.686
745.694 638.794
742.374 641.49
738.716 643.668
735.769 646.681
732.971 649.721
730.275 652.829
727.467 655.889
725.25 659.381
722.691 662.635
719.382 665.193
715.521 666.888
712.07 669.521
708.437 671.592
704.687 673.577
701.594 676.478
698.485 679.356
694.956 681.531
691.657 683.956
688.52 686.812
684.412 687.703
680.81 689.924
676.912 691.599
673.063 693.498
669.259 695.525
665.532 697.711
661.689 699.679
658.434 702.582
655.097 705.328
651.318 707.396
647.803 709.69
645.113 713.026
641.788 715.68
639.313 719.169
636.715 722.461
632.706 723.487
628.43 723.541
624.691 725.427
621.458 728.07
618.142 730.718
616.528 734.432
616.509 738.562
617.452 742.757
615.479 746.161
611.886 748.562
609.163 751.761
605.981 754.491
602.547 756.865
599.437 759.641
595.713 761.401
591.537 761.879
587.6 763.405
583.465 763.508
579.472 764.489
575.595 765.942
571.829 768.245
567.963 770.266
564.491 772.74
561.644 775.82
560.526 779.9
559.557 784.079
557.458 787.73
554.524 790.863
551.623 793.906
548.731 796.981
545.451 799.601
542.499 802.754
539.629 805.911
537.737 809.679
536.634 813.726
535.487 817.749
534.468 821.831
533.503 825.934
533.501 830.113
534.401 834.222
535.453 838.285
535.924 842.447
537.513 846.417
539.456 850.147
541.97 853.448
545.289 855.982
549.133 857.382
552.331 855.227
553.495 851.391
552.736 847.289
551.578 843.153
552.384 839.046
553.41 834.996
554.274 830.926
555.624 827.03
557.867 823.732
560.674 820.82
564.366 818.85
567.866 816.599
571.616 814.913
575.547 815.203
577.477 818.49
575.578 822.177
573.612 825.858
571.839 829.603
570.53 833.497
569.505 837.455
569.49 841.546
569.49 845.639
569.504 849.73
570.554 853.7
571.966 857.578
573.767 861.347
575.666 865.101
578.61 868.085
581.623 871.125
584.975 873.447
588.456 875.442
592.254 876.327
595.681 874.702
597.495 871.309
597.003 867.388
595.36 863.55
593.555 859.661
593.489 855.476
593.384 851.276
593.496 847.1
593.711 842.925
595.504 839.103
597.453 835.307
599.399 831.572
602.97 829.556
607.247 829.495
611.241 828.321
614.628 825.937
617.924 823.441
620.866 820.52
623.369 817.196
625.114 813.424
626.223 809.529
627.489 805.673
627.482 801.654
627.496 797.581
627.678 793.57
628.831 789.758
631.907 787.511
635.674 788.465
639.085 790.949
642.766 792.504
646.335 791.185
647.494 787.35
646.585 783.2
645.528 779.094
647.252 775.308
649.711 771.896
653.07 769.411
655.482 766.374
657.789 763.143
660.88 760.536
663.843 757.852
667.121 755.462
669.631 752.422
671.65 748.991
673.569 745.504
675.478 742.038
675.575 737.988
677.15 734.411
679.932 731.634
684.083 730.927
688.016 729.497
691.801 727.615
695.521 725.574
699.434 724.231
703.509 723.427
707.333 721.64
711.295 720.301
715.349 719.351
719.236 717.611
723.398 717.505
727.499 717.062
731.424 715.517
735.471 714.509
739.493 713.498
743.407 712.123
746.807 709.564
750.777 708.449
754.712 707.442
758.358 705.584
761.78 703.465
765.267 701.419
768.869 699.467
772.302 697.263
775.283 694.403
778.124 691.483
781.346 688.946
783.952 685.731
787.654 683.61
791.246 681.349
794.529 678.626
797.744 675.854
801.195 673.523
804.736 671.441
807.587 668.549
810.655 665.806
814.074 663.467
817.499 661.01
820.584 657.895
823.683 654.736
827.367 652.51
831.592 653.402
835.511 655.535
839.325 657.845
843.157 660.009
847.226 661.711
851.135 663.658
855.067 665.527
858.977 667.432
863.151 668.657
867.259 669.75
871.125 671.503
875.169 672.805
879.034 674.498
883.034 675.634
887.176 675.723
890.85 673.751
894.379 671.597
897.985 669.605
901.588 667.526
905.224 665.499
908.845 663.462
912.955 663.481
916.995 664.435
921.093 665.499
925.182 666.494
929.202 667.499
933.226 668.446
937.183 669.487
941.29 669.518
945.266 670.475
949.202 671.481
953.27 671.572
957.286 672.495
961.352 672.504
965.417 672.497
969.48 672.503
973.393 673.521
976.993 675.506
980.641 677.485
983.646 680.268
985.46 683.929
986.517 687.896
987.593 691.896
989.717 695.514
991.411 699.359
993.452 702.996
995.286 706.653
997.997 709.724
999.634 713.472
1002.13 716.794
1003.56 720.725
1006.31 723.811
1008.1 727.523
1009.48 731.421
1009.29 735.483
1007.51 739.474
1007.55 743.522
1010.39 746.944
1011.46 750.965
1009.45 754.871
1007.54 758.807
1005.18 762.38
1002.1 765.385
998.573 767.866
995.387 770.967
991.947 773.691
989.387 777.126
986.443 780.085
983.453 783.024
980.51 785.849
977.605 788.68
975.522 792.149
973.217 795.508
970.622 798.659
967.75 801.578
965.311 804.791
962.374 807.564
959.49 810.442
956.134 812.792
952.294 814.565
949.15 817.384
945.689 819.868
942.837 823.137
939.172 825.352
935.613 827.784
932.447 830.822
929.032 833.32
925.733 835.845
923.177 839.207
919.734 841.67
916.653 844.533
913.851 847.637
911.46 851.12
908.824 854.495
905.9 857.599
903.34 860.908
900.327 863.973
897.232 867.105
893.736 869.49
890.029 871.52
886.777 874.218
883.447 876.756
880.185 879.382
876.691 881.522
873.098 883.557
869.611 885.611
865.99 887.589
862.279 889.547
858.886 892.014
856.594 895.493
855.455 899.707
853.049 903.319
849.602 905.971
846.439 908.993
843.381 912.162
840.291 915.275
837.486 918.67
835.383 922.438
833.495 926.4
832.426 930.634
831.504 934.9
831.492 939.247
831.838 943.57
833.405 947.706
835.374 951.623
837.593 955.279
840.654 958.291
844.221 960.742
847.763 963.17
851.877 962.578
855.403 960.479
855.42 956.46
853.529 952.385
853.494 948.042
853.494 943.694
853.52 939.343
855.257 935.353
857.494 931.573
859.824 927.858
863.323 925.27
867.119 923.392
871.217 922.785
875.342 923.636
879.303 923.297
882.809 921.468
885.886 918.933
889.343 917.068
891.974 913.918
895.141 911.232
897.058 907.555
900.297 905.501
904.13 905.534
907.241 907.819
908.185 911.634
908.484 915.624
907.511 919.574
906.58 923.534
905.233 927.362
902.68 930.613
899.77 933.66
897.451 937.171
895.364 940.88
892.532 944.161
890.415 947.981
887.909 951.546
887.546 955.547
889.58 959.212
891.882 962.744
892.49 966.795
891.532 970.953
891.48 975.137
890.962 979.291
890.499 983.43
890.494 987.617
890.491 991.803
890.489 996.009
890.486 1000.21
890.503 1004.39
891.449 1008.51
891.519 1012.74
893.061 1016.73
894.558 1020.73
897.61 1023.49
901.6 1024.5
905.38 1023.13
907.516 1019.48
908.456 1015.15
909.474 1010.87
910.04 1006.55
911.442 1002.43
911.519 998.074
912.494 993.891
913.495 989.786
914.491 985.711
915.102 981.623
915.55 977.498
917.544 973.898
920.977 971.439
924.762 969.527
927.77 966.711
929.57 962.938
931.428 959.191
933.174 955.417
933.549 951.326
934.495 947.323
935.276 943.308
935.512 939.2
937.149 935.46
938.725 931.85
941.879 929.606
945.488 928.177
949.295 927.495
953.122 927.623
956.576 929.503
959.98 931.55
962.449 934.472
962.501 938.526
962.498 942.581
962.468 946.643
961.564 950.605
961.513 954.531
962.701 958.214
965.401 961.062
968.477 963.667
971.278 966.541
971.517 970.524
972.392 974.359
973.533 978.075
975.821 981.243
979.175 983.65
979.509 987.461
979.5 991.346
979.773 995.202
980.618 998.987
981.472 1002.75
981.484 1006.61
981.43 1010.47
980.509 1014.34
981.449 1018.08
982.993 1021.58
985.95 1023.5
989.618 1023.53
993.249 1023.16
995.598 1020.33
997.494 1017.21
998.329 1013.61
999.572 1010.1
1001.43 1006.74
1001.52 1002.91
1002.31 999.166
1002.64 995.352
1003.43 991.559
1003.5 987.802
1003.5 984.039
1003.58 980.262
1004.54 976.561
1006.25 972.905
1007.46 969.118
1007.19 965.14
1006.55 961.156
1006.51 957.138
1006.58 953.12
1007.11 949.089
1005.94 944.98
1009.26 943.475
1012.62 945.414
1015.23 948.406
1015.9 952.482
1017.53 956.265
1018.65 960.182
1018.5 964.249
1018.24 968.32
1017.51 972.359
1017.96 976.234
1020.09 979.434
1023.8 980.505
1027.71 979.864
1031.39 978.244
1034.74 975.969
1038.25 973.89
1041.61 971.495
1045.17 969.403
1048.89 967.528
1052.87 966.347
1056.94 966.258
1060.29 968.478
1062.32 972.215
1064.86 975.479
1068.68 977.023
1072.82 977.568
1077.03 976.84
1081.25 976.57
1085.31 975.459
1089.21 973.85
1092.85 971.681
1096.49 969.556
1100.33 967.824
1103.88 965.642
1107.61 963.653
1111.48 961.949
1115.62 961.144
1119.4 959.316
1123.26 957.678
1127.18 956.148
1130.42 953.453
1133.84 951.075
1137.19 948.473
1140.96 946.658
1145.02 946.257
1148.78 947.516
1150.36 951.104
1149.46 955.201
1148.41 959.314
1148.2 963.56
1147.74 967.75
1145.69 971.455
1143.59 975.088
1142.54 979.051
1142.5 983.194
1141.77 987.276
1139.39 990.658
1137.3 994.226
1134.24 997.004
1132.23 1000.46
1131.15 1004.44
1128.45 1007.52
1125.37 1010.22
1121.87 1012.39
1118.39 1014.59
1115.34 1017.4
1111.93 1019.62
1108.82 1022.32
1104.96 1023.52
1101.57 1025.7
1098.04 1027.46
1093.99 1027.58
1090.42 1029.32
1087.03 1031.29
1083.07 1032.5
1079.38 1034.2
1075.8 1036.29
1072.32 1038.48
1068.33 1039.53
1064.85 1041.54
1063.14 1045.47
1060.4 1048.6
1056.7 1050.9
1055.21 1055.15
1051.93 1057.76
1048.05 1059.53
1043.86 1060.48
1039.54 1060.83
1035.36 1061.98
1031.33 1063.59
1027.38 1065.53
1023.56 1067.76
1019.95 1070.48
1016.8 1073.7
1013.91 1077.14
1011.41 1080.83
1008.64 1084.27
1006.81 1088.25
1004.58 1092.04
1003.5 1096.28
1002.44 1100.53
1001.5 1104.83
1002.32 1109.14
1003.46 1113.34
1004.82 1117.37
1008.45 1119.09
1012.8 1118.39
1017.2 1117.77
1021 1115.53
1024.63 1112.99
1028.16 1110.29
1032.13 1108.4
1036.39 1107.31
1040.67 1106.32
1044.79 1107.52
1048.2 1110.15
1050.51 1113.86
1052.47 1117.75
1052.46 1122.01
1051.49 1126.22
1050.43 1130.41
1049.44 1134.58
1048.48 1138.79
1047.55 1142.97
1047.44 1147.23
1046.79 1151.47
1047.55 1155.51
1050.26 1158.55
1054.17 1159.48
1058 1157.71
1061.73 1155.62
1065.23 1153.27
1068.36 1150.39
1071.59 1147.65
1074.64 1144.82
1077.68 1141.96
1080.79 1139.11
1083.83 1136.06
1087.81 1135.72
1091.65 1137.54
1095.52 1139.24
1099.71 1139.05
1103.9 1138.49
1108.04 1137.75
1112.16 1136.99
1116.3 1136.48
1120.43 1136.57
1124.11 1138.16
1126.43 1141.46
1127.63 1145.35
1127.67 1149.46
1127.3 1153.54
1126.32 1157.57
1126.43 1161.59
1128.49 1164.96
1132.14 1166.65
1136.11 1167.5

