CONTOUR

1

1036

1127.58 1103.18
1130.72 1100.68
1133.25 1097.39
1135.1 1093.61
1137.15 1089.93
1138.46 1086.04
1138.57 1081.9
1139.48 1077.92
1139.61 1073.88
1139.56 1069.72
1139.94 1065.62
1142.6 1062.67
1146.68 1061.58
1150.62 1060.07
1154.55 1058.53
1158.37 1056.7
1162.32 1055.17
1166.35 1053.94
1170.01 1055.67
1172.56 1059.05
1174.72 1062.75
1177.51 1065.93
1179.84 1069.48
1182.1 1073.12
1184.83 1076.45
1188.12 1079.23
1192.1 1080.47
1196.03 1079.4
1198.43 1076.02
1199.5 1071.94
1199.53 1067.65
1199.67 1063.35
1200.47 1059.17
1200.51 1054.94
1200.49 1050.72
1199.71 1046.55
1199.5 1042.2
1198.58 1037.98
1197.51 1033.82
1196.4 1029.66
1194.41 1025.77
1193.32 1021.56
1192.53 1017.19
1191.45 1012.96
1189.53 1008.97
1187.19 1005.34
1183.69 1002.5
1181.34 998.748
1177.87 995.93
1175.45 992.211
1172.12 989.537
1168.55 987.219
1165.63 984.196
1163.54 980.752
1164.44 976.662
1164.69 972.524
1165.49 968.405
1165.51 964.237
1165.5 960.065
1165.4 955.904
1164.53 951.757
1164.49 947.523
1163.56 943.43
1163.5 939.366
1164.56 935.536
1168.08 932.998
1169.92 929.468
1170.56 925.461
1169.52 921.562
1168.31 917.741
1167.48 913.897
1166.5 910.001
1165.45 906.083
1164.49 902.2
1163.56 898.281
1163.51 894.441
1165.78 891.547
1169.58 892.476
1173.43 893.513
1177.23 894.767
1180.94 896.346
1184.59 898.097
1188.2 899.734
1191.26 901.998
1191.55 906.055
1192.2 909.981
1193.39 913.915
1195.15 917.756
1196.3 921.805
1198.49 925.307
1201.89 927.492
1206.05 928.494
1208.25 931.8
1208.5 935.996
1208.5 940.187
1207.54 944.244
1205.62 948.096
1203.62 951.886
1201.63 955.754
1199.64 959.669
1199.51 963.845
1201.82 967.343
1205.59 969.107
1209.87 968.657
1214.13 967.522
1218.37 966.576
1221.8 963.875
1225.3 961.332
1228.41 958.361
1230.97 954.958
1231.81 950.731
1233.39 946.772
1233.52 942.527
1234.46 938.413
1234.33 934.303
1233.53 930.143
1233.49 925.92
1232.46 921.851
1232.6 917.674
1233.5 913.469
1233.41 909.224
1231.54 905.197
1231.45 900.787
1229.27 897.155
1226.53 893.798
1225.16 889.717
1223.31 885.828
1219.84 883.087
1216.6 880.111
1214.4 876.201
1211.5 872.798
1209.42 868.815
1205.81 866.126
1202.35 863.421
1199.48 860.015
1198.16 858.204
1196.83 856.393
1193.73 853.178
1191.2 849.587
1187.86 846.627
1185.58 842.901
1183.62 839.098
1181.53 835.287
1179.32 831.622
1177.24 827.812
1173.96 824.803
1171.6 821.168
1169.09 817.584
1166.52 814.019
1163.89 810.546
1161.48 806.998
1159.51 803.139
1157.63 799.19
1155.52 795.386
1153.4 791.616
1151.57 787.682
1150.82 783.525
1151.46 779.399
1152.92 775.503
1154.39 771.651
1155.48 767.721
1155.51 763.716
1155.51 759.704
1155.51 755.701
1155.48 751.705
1154.51 747.785
1153.41 743.898
1151.47 740.345
1150.52 736.376
1149.22 732.598
1146.64 729.496
1143.41 726.917
1140.41 724.238
1140.48 720.067
1140.37 715.988
1139.51 711.894
1139.5 707.767
1139.89 703.634
1141.18 699.708
1141.75 695.666
1142.55 691.68
1143.52 687.669
1145.29 683.899
1145.52 679.729
1146.52 675.676
1147.42 671.547
1148.4 667.612
1149.5 663.685
1150.06 659.682
1150.52 655.696
1151.45 651.738
1151.51 647.782
1151.51 643.795
1151.52 639.806
1152.4 635.876
1152.51 631.873
1152.51 627.841
1152.46 623.805
1151.52 619.728
1151.48 615.557
1150.52 611.431
1151.34 607.334
1151.49 603.307
1150.54 599.258
1151.46 595.242
1151.51 591.252
1151.51 587.274
1151.5 583.294
1151.5 579.312
1150.89 575.36
1150.95 571.314
1151.5 567.286
1151.51 563.217
1151.42 559.145
1151.5 555.098
1151.49 551.088
1150.78 547.107
1151.34 543.027
1150.53 538.931
1150.45 534.835
1150.46 530.781
1149.52 526.704
1149.51 522.577
1149.22 518.486
1147.51 514.676
1146.02 510.757
1143.77 507.206
1141.42 503.815
1139.04 500.525
1136.29 497.58
1133.41 494.754
1130.86 491.64
1130.49 487.591
1129.6 483.649
1129.51 479.706
1129.39 475.765
1128.28 471.935
1126.52 468.241
1125.5 464.298
1125.5 460.152
1124.69 456.137
1123.51 452.18
1123.52 448.096
1123.5 444.021
1122.51 440.045
1120.82 436.213
1120.49 432.049
1120.3 427.867
1119.45 423.792
1117.23 420.069
1116.34 415.81
1113.82 412.315
1112.1 408.518
1110.37 404.776
1108.54 401.114
1107.48 397.19
1105.32 393.88
1101.98 391.393
1099.41 388.117
1097.45 384.361
1094.67 381.272
1091.63 378.399
1087.98 376.33
1084.67 373.859
1080.93 372.506
1077.01 371.478
1073.36 369.665
1069.47 368.593
1066.43 366.298
1065.36 362.381
1063.43 358.699
1063.48 354.468
1062.24 350.503
1058.67 347.924
1056.56 344.381
1055.57 340.367
1055.42 336.197
1053.54 332.51
1052.51 328.576
1051.95 324.553
1050.53 320.767
1049.54 316.886
1048.57 313.049
1047.6 309.206
1046.4 305.464
1045.48 301.603
1043.88 297.954
1042.38 294.185
1040.96 290.353
1039.51 286.533
1038.35 282.598
1036.6 278.877
1035.43 274.989
1034.52 271.027
1034.15 266.99
1033.16 263.06
1032.4 258.986
1031.51 254.957
1031.5 250.863
1031.5 246.778
1031.5 242.713
1031.5 238.657
1031.56 234.588
1032.6 230.594
1033.49 226.533
1033.52 222.354
1033.62 218.217
1034.5 214.075
1034.95 209.825
1036.51 205.893
1037.44 201.78
1038.48 197.768
1038.52 193.612
1039.55 189.653
1041.49 185.973
1042.52 181.973
1043.47 177.939
1044.52 173.982
1046.33 170.295
1047.56 166.346
1048.79 162.378
1050.69 158.612
1053.49 155.325
1055.78 151.728
1058.57 148.455
1060.53 144.589
1063.3 141.272
1065.63 137.662
1068.51 134.478
1071.77 131.636
1075.36 129.253
1079.14 127.157
1082.71 124.544
1086.98 123.407
1090.87 121.536
1094.96 120.546
1099.02 119.516
1103.17 119.497
1107.33 119.531
1111.39 120.581
1115.58 121.506
1119.6 123.012
1123.51 124.373
1127.05 126.549
1130.4 128.899
1133.62 131.508
1136.62 134.349
1139.55 137.286
1142.11 140.547
1145.05 143.675
1147.46 147.161
1149.5 150.863
1151.44 154.518
1153.45 158.097
1155.52 161.63
1157.67 165.178
1159.64 168.785
1161.59 172.425
1163.79 175.949
1166 179.599
1169.05 182.633
1172.43 185.279
1176.45 185.472
1180.25 183.613
1183.57 181.003
1184.73 176.925
1184.94 172.523
1184.6 168.128
1183.92 163.851
1183.27 159.649
1181.55 155.706
1180.56 151.594
1179.53 147.521
1178.39 143.486
1176.62 139.649
1175.21 135.662
1172.74 132.104
1171.3 127.997
1168.91 124.375
1166.48 120.701
1163.86 117.19
1161.6 113.544
1159.32 109.961
1156.45 106.836
1153.27 103.949
1150.04 101.339
1146.93 98.6021
1143.63 96.1447
1140.57 93.5663
1137.11 91.6268
1133.7 89.4376
1130.07 87.5257
1126.35 85.8041
1122.54 84.4799
1118.95 82.5669
1114.95 81.4747
1110.85 80.4966
1106.68 79.7018
1102.55 78.8307
1098.36 78.6097
1094.16 79.2298
1089.9 79.4348
1085.69 79.9488
1081.64 79.6354
1078.3 82.5295
1074.1 82.5804
1070.2 83.5669
1066.52 85.4747
1062.53 86.52
1059.31 89.1412
1055.93 91.4815
1051.93 92.8628
1049.09 96.2585
1045.04 97.4893
1041.25 99.1042
1038.02 101.541
1035.04 104.304
1031.68 106.738
1028.68 109.578
1025.37 112.061
1022.78 115.416
1019.84 118.526
1017.43 122.031
1016.25 126.34
1012.68 128.821
1011.4 132.852
1009.22 136.364
1006.68 139.694
1004.47 143.287
1002.52 146.966
1001.87 151.059
1001.49 155.171
1000.19 159.047
998.524 162.766
997.463 166.688
995.459 170.04
991.504 171.511
988.27 174.028
986.395 177.772
984.111 181.264
982.5 185.145
981.316 189.172
979.39 192.916
977.414 196.62
975.758 200.421
975.48 204.459
975.515 208.522
976.354 212.575
973.727 215.66
971.348 218.846
968.893 221.892
966.625 225.097
964.9 228.626
964.359 232.585
963.516 236.558
963.482 240.607
962.561 244.452
959.535 246.454
956.565 243.99
954.249 240.673
950.498 239.382
946.695 238.119
942.739 237.427
938.809 236.385
935.081 234.576
931.115 233.438
927.431 231.484
923.577 229.871
919.521 229.169
915.373 229.444
911.273 229.51
907.201 229.601
903.342 231.07
899.395 231.707
895.663 233.297
891.798 234.538
887.731 234.564
883.805 235.63
879.852 236.516
875.809 237.14
871.463 236.489
867.451 237.537
863.572 239.364
859.309 238.536
855.455 239.656
852.503 242.523
850.389 246.144
848.845 250.038
847.877 254.182
847.218 258.408
843.488 260.55
840.034 262.996
837.383 266.189
834.997 269.559
832.472 272.919
829.726 276.213
826.961 279.529
823.839 282.583
822.522 286.407
823.714 290.398
825.46 294.439
825.512 298.854
826.592 303.091
828.4 306.983
829.997 310.862
831.287 314.826
831.512 318.9
831.485 322.925
829.927 326.718
828.627 330.827
828.487 335.147
827.676 339.353
825.482 343.045
823.649 346.842
823.025 350.887
823.091 355.123
821.378 359.181
821.357 363.48
819.586 367.437
819.5 371.539
820.42 375.654
821.492 379.687
822.431 383.724
822.503 387.744
820.625 391.292
817.384 393.874
814.706 396.931
812.627 400.434
811.432 404.362
810.553 408.386
810.229 412.477
807.584 415.922
806.468 419.909
805.61 423.965
806.279 428.16
806.292 432.371
806.605 436.57
807.574 440.664
809.4 444.569
811.167 448.486
812.545 452.51
815.609 455.334
819.388 457.422
822.712 460.004
823.5 463.821
821.748 467.586
820.501 471.434
820.462 475.547
819.668 479.56
818.419 483.624
819.199 487.757
819.421 491.922
818.402 496.03
816.518 499.689
815.02 503.445
813.45 507.236
812.488 511.228
812.464 515.384
812.471 519.446
811.552 523.438
811.212 527.473
808.611 530.955
807.492 534.997
806.642 539.077
807.235 543.308
806.684 547.404
805.452 551.328
804.442 555.361
803.504 559.449
803.471 563.667
802.729 567.82
801.478 571.807
799.572 575.584
797.973 579.466
795.488 582.779
793.575 586.456
792.58 590.517
790.602 594.139
789.539 598.154
787.568 601.766
785.325 605.138
781.952 607.483
778.371 609.422
775.033 611.548
771.716 613.936
769.248 617.328
767.245 621.004
763.775 623.788
761.476 627.502
759.279 631.315
756.534 634.855
753.956 638.505
751.726 642.344
750.433 646.491
747.73 649.78
745.484 653.235
743.39 656.786
740.683 659.836
738.03 662.97
735.488 666.306
732.726 669.448
730.63 672.935
728.436 676.467
727.436 680.563
725.293 684.049
721.643 685.942
718.252 688.459
715.627 691.662
713.471 695.144
711.385 698.691
709.506 702.344
708.387 706.3
706.33 709.913
704.546 713.562
703.44 717.465
702.475 721.469
701.554 725.543
700.379 729.496
699.498 733.543
699.494 737.711
699.48 741.877
698.51 745.987
698.51 750.136
698.501 754.331
698.513 758.518
698.595 762.734
698.487 766.995
697.522 771.165
698.506 775.228
699.495 779.333
699.49 783.508
698.559 787.656
697.538 791.698
697.458 795.854
695.756 799.672
694.504 803.591
693.499 807.593
692.515 811.599
691.012 815.449
689.505 819.373
688.186 823.358
686.563 827.079
685.483 831.004
684.5 834.963
683.506 838.918
682.542 842.852
683.37 846.932
681.623 850.496
679.639 853.964
679.493 857.925
679.394 861.94
676.936 865.454
675.282 869.302
675.244 873.487
675.389 877.617
673.533 881.496
673.451 885.604
673.492 889.627
672.521 893.579
672.484 897.619
671.148 901.348
668.701 904.755
668.466 908.971
666.634 912.63
664.437 916.156
663.51 920.192
663.42 924.492
660.642 927.964
659.502 932.054
659.487 936.313
659.517 940.517
661.413 944.477
661.506 948.739
661.495 953.035
661.492 957.354
661.505 961.696
662.283 966.009
663.287 970.205
664.449 974.326
665.784 978.376
667.557 982.295
670.265 985.71
672.946 989.175
676.455 991.95
679.555 995.217
683.292 997.542
687.153 999.63
691.288 1000.77
695.578 1001.51
699.846 1002.56
704.201 1002.55
707.486 999.911
708.257 995.757
707.166 991.77
703.745 989.061
701.137 985.928
698.059 983.38
695.511 980.594
693.061 977.616
691.385 973.926
689.557 970.244
689.411 966.193
688.55 962.17
688.502 958.169
689.919 954.618
693.536 953.024
697.31 951.982
699.397 955.218
700.632 959.163
702.902 962.503
705.174 965.821
707.369 969.027
709.582 972.271
711.944 975.399
714.784 978.423
717.762 981.305
721.134 983.79
724.285 986.519
728.181 987.495
731.777 985.748
733.431 982.144
731.551 978.297
729.566 974.557
727.483 970.858
725.512 967.126
724.704 963.024
725.645 958.966
728.083 955.554
730.966 952.536
734.117 949.733
737.607 947.394
740.834 944.727
744.063 942.091
747.642 940.067
751.616 939.183
755.499 940.157
757.44 943.814
758.603 947.996
761.948 950.412
766.122 951.516
770.022 953.022
771.007 957.148
771.346 961.401
770.559 965.674
771.426 969.904
771.495 974.121
771.547 978.314
771.647 982.615
773.488 986.445
776.212 989.758
779.925 991.499
783.878 990.487
786.83 987.419
789.043 983.728
790.921 979.904
792.714 976.109
794.935 972.649
796.687 969.033
797.902 965.153
800.103 961.78
803.154 959.131
806.544 956.984
810.449 957.154
813.951 959.248
817.423 961.465
821.336 962.663
825.366 963.497
829.475 963.507
833.53 962.742
837.459 961.429
841.331 959.913
845.383 959.483
849.244 960.451
851.488 963.735
852.39 967.792
853.541 971.763
854.425 975.783
855.585 979.694
858.227 982.695
862.089 983.53
865.871 982.478
868.705 979.688
871.165 976.491
873.493 973.157
875.512 969.652
877.668 966.229
879.922 962.833
883.818 961.43
887.58 959.763
890.621 956.87
893.919 954.265
895.631 950.466
897.68 946.812
900.154 943.357
900.584 939.093
901.232 934.877
901.502 930.592
901.84 926.293
903.295 922.228
904.362 918.073
904.555 913.748
906.277 909.739
907.415 905.562
908.25 901.259
909.254 897.026
911.431 893.238
912.529 889.107
913.903 885.123
915.497 881.211
915.517 877.025
915.513 872.826
915.514 868.596
915.496 864.428
914.705 860.285
914.468 856.2
913.532 852.182
912.616 848.198
911.54 844.279
911.525 840.255
911.548 836.223
911.521 832.232
911.621 828.256
913.685 824.937
917.305 823.48
921.177 822.483
925.068 821.425
928.721 819.515
932.215 817.299
935.242 814.481
937.563 811.069
939.521 807.409
940.652 803.412
941.477 799.271
942.973 795.375
943.508 791.395
943.408 787.387
941.588 783.67
939.31 780.191
936.171 777.519
932.669 775.288
930.435 771.69
927.912 768.334
925.635 764.934
925.412 760.819
923.765 757.011
922.673 753.126
922.52 749.119
922.221 745.162
920.844 741.447
919.009 737.946
916.548 734.571
915.381 730.603
914.335 726.649
913.803 722.533
913.166 718.45
912.005 714.591
909.772 711.133
908.522 707.213
907.35 703.264
905.539 699.507
903.506 695.857
901.702 692.141
904.334 689.537
908.426 690.372
912.456 690.504
916.501 690.482
920.59 690.348
924.665 690.582
928.786 690.762
932.914 690.792
937.048 690.648
941.137 690.505
945.218 690.498
949.3 690.515
953.388 690.532
957.44 690.445
961.479 689.525
965.585 689.519
969.647 689.347
972.387 686.425
973.557 682.405
974.501 678.254
975.454 674.074
977.416 670.519
981.398 669.46
985.531 668.566
989.696 668.26
993.886 667.505
998.051 666.552
1002.17 665.575
1006.16 664.472
1009.53 662.07
1012.77 659.461
1016.4 660.953
1018.76 664.448
1021.15 667.921
1023.6 671.401
1026.39 674.638
1029.66 677.396
1033.23 679.761
1034.49 683.655
1035.54 687.626
1036.53 691.663
1036.55 695.825
1037.59 699.755
1039.65 703.355
1041.48 707.066
1042.56 711.057
1044.44 714.597
1044.46 718.534
1044.5 722.477
1044.63 726.447
1044.4 730.391
1042.55 734.033
1041.46 737.931
1040.19 741.793
1039.38 745.779
1038.5 749.851
1038.4 754.015
1037.54 758.168
1037.49 762.329
1037.47 766.491
1037.2 770.688
1037.28 774.919
1037.32 779.121
1037.42 783.33
1037.47 787.472
1036.55 791.567
1035.95 795.645
1035.49 799.673
1035.46 803.733
1035.47 807.765
1035.48 811.787
1035.42 815.789
1034.45 819.734
1033.48 823.724
1032.59 827.751
1031.37 831.647
1029.57 835.38
1027.54 838.934
1024.38 841.476
1022.43 844.927
1019.45 847.572
1016.28 850.208
1013.32 853.061
1009.81 855.122
1006.41 857.486
1003.28 860.197
1000.79 863.504
1000.44 867.629
1000.69 871.819
1002.42 875.789
1002.72 880.094
1003.42 884.321
1003.72 888.539
1005.49 892.435
1007.54 896.231
1010.28 899.629
1013.14 902.869
1016.06 905.994
1019.36 908.717
1021.49 912.193
1021.47 916.222
1020.49 920.307
1019.71 924.414
1019.47 928.569
1018.54 932.597
1018.23 936.687
1017.42 940.738
1016.44 944.764
1015.52 948.856
1015.42 953.037
1014.18 957
1013.49 961.081
1013.4 965.303
1012.48 969.476
1012.46 973.758
1012.63 977.99
1013.47 982.185
1013.72 986.43
1014.57 990.576
1015.54 994.617
1017.44 998.375
1018.48 1002.4
1019.45 1006.43
1019.46 1010.58
1019.87 1014.57
1021.58 1018.26
1023.31 1021.97
1023.51 1025.99
1023.43 1030.05
1022.76 1034.19
1022.51 1038.33
1022.48 1042.47
1021.73 1046.55
1021.53 1050.66
1021.47 1054.73
1021.46 1058.86
1021.53 1063
1021.5 1067.07
1021.77 1071.12
1023.45 1075.06
1023.6 1079.32
1024.71 1083.4
1026.68 1087.2
1029.54 1090.19
1033.31 1091.45
1037.21 1090.5
1040.76 1088.47
1043.47 1085.34
1045.76 1081.86
1047.38 1077.94
1048.96 1074.03
1051.35 1070.64
1054.92 1068.6
1059.02 1067.98
1063.19 1068.47
1067.3 1069.46
1071.47 1069.57
1075.62 1068.84
1079.78 1068.48
1083.78 1069.6
1087.56 1071.46
1091.59 1072.45
1095.78 1072.12
1099.95 1071.97
1103.9 1073.12
1107 1075.82
1108.94 1079.44
1109.57 1083.65
1111.25 1087.48
1112.83 1091.31
1115.02 1094.85
1117.37 1098.27
1120.21 1101.29
1123.73 1103.31

