CONTOUR

1

1503

602.723 1083.42
604.896 1079.87
606.48 1075.9
607.5 1071.75
608.517 1067.6
609.658 1063.49
611.319 1059.52
612.883 1055.53
616.204 1053.12
620.47 1053.71
624.762 1054.56
628.944 1053.4
633.09 1051.95
637.415 1051.63
641.698 1052.43
645.77 1054.05
649.609 1056.24
653.737 1057.52
658.042 1056.64
662.327 1055.71
665.849 1058.02
668.373 1061.67
671.049 1065.18
673.821 1068.56
676.471 1072.04
679.509 1075.13
682.199 1078.51
685.482 1081.11
689.328 1081.51
692.866 1079.82
695.137 1076.65
695.806 1072.79
694.699 1068.76
694.506 1064.77
694.404 1060.74
693.564 1056.81
692.638 1052.88
692.48 1048.84
691.651 1044.88
690.811 1040.91
690.674 1036.93
692.761 1033.77
696.68 1033.4
700.685 1033.94
704.483 1035.71
708.411 1035.49
711.727 1033.07
714.815 1030.27
717.521 1027.09
719.66 1023.47
722.837 1021.06
726.635 1022.05
729.63 1024.92
732.189 1028.22
734.956 1031.37
737.51 1034.63
740.315 1037.68
743.477 1040.34
747.006 1042.47
750.894 1043.51
754.606 1042.26
756.72 1038.99
756.622 1034.73
757.323 1030.51
756.679 1026.3
756.498 1022.11
755.57 1018.01
755.373 1013.86
754.488 1009.84
753.476 1005.8
752.3 1001.77
750.591 997.991
748.731 994.204
746.785 990.445
744.484 986.909
741.628 983.806
739.055 980.537
735.662 978.112
732.459 975.386
729.29 972.579
726.375 969.457
722.585 967.471
718.644 965.772
714.53 964.684
710.931 962.53
707.637 959.758
704.708 956.675
701.519 953.947
697.991 951.829
694.052 950.471
690.828 947.734
687.257 945.736
683.214 944.661
679.235 943.483
675.682 941.199
671.973 939.152
668.261 937.322
665.665 934.153
663.581 930.604
664.5 926.562
665.528 922.426
665.633 918.193
663.263 914.724
660.166 911.668
657.958 908.136
657.503 903.882
657.258 899.569
655.792 895.419
655.506 891.158
655.496 886.869
655.919 882.655
659.137 879.501
661.717 875.93
663.603 871.95
665.521 868.125
667.545 864.35
669.689 860.7
671.46 856.885
671.521 852.732
671.316 848.598
668.754 845.223
665.673 842.158
663.538 838.626
664.865 834.809
667.733 831.763
671.269 829.348
674.212 826.296
676.593 822.767
679.268 819.451
681.617 815.899
684.069 812.639
686.735 809.442
689.346 806.278
691.446 802.779
692.514 798.83
693.766 794.937
695.394 791.11
695.596 786.921
696.489 782.831
697.082 778.736
699.232 775.101
699.652 770.891
701.801 767.246
703.532 763.392
705.33 759.52
706.496 755.507
707.948 751.603
709.592 747.725
711.492 743.87
713.357 740.026
714.524 735.951
715.651 731.903
716.535 727.783
717.431 723.642
719.193 719.823
719.71 715.815
720.577 711.786
722.425 708.055
723.593 704.032
725.422 700.237
726.472 696.183
728.342 692.394
729.559 688.389
730.664 684.409
732.716 680.962
736.429 680.499
740.207 681.539
743.765 683.37
747.562 684.537
751.427 685.561
755.35 686.518
759.253 687.483
763.25 687.618
767.26 688.32
771.174 687.506
775.068 686.509
778.948 685.487
782.881 684.522
786.912 684.516
790.895 685.441
794.945 685.535
798.924 686.497
802.887 687.479
806.355 689.154
805.054 692.698
802.968 696.298
801.454 700.214
799.565 703.952
799.332 708.211
797.464 712.05
795.467 715.841
793.613 719.742
792.329 723.875
790.608 727.721
789.27 731.681
787.563 735.543
785.937 739.409
784.481 743.341
783.515 747.432
782.467 751.454
781.11 755.388
779.518 759.309
779.453 763.585
777.754 767.558
777.284 771.693
776.512 775.865
776.503 780.056
776.432 784.265
775.913 788.507
776.483 792.712
777.473 796.855
779.276 800.677
780.875 804.515
783.417 807.892
785.681 811.358
788.609 814.312
791.571 817.284
794.405 820.348
797.078 823.586
799.636 827.06
802.691 830.072
805.628 833.18
808.767 836.044
811.741 839.27
815.218 841.904
817.7 845.32
821.063 847.764
824.581 850.345
827.767 853.313
831.382 855.796
834.339 858.855
834.137 862.947
831.529 866.432
828.295 869.441
825.472 872.696
824.49 876.815
825.59 880.915
828.378 884.53
828.514 888.904
829.404 893.155
829.869 897.424
831.47 901.43
831.817 905.615
832.123 909.838
831.519 914.052
831.488 918.279
831.191 922.491
830.246 926.663
828.842 930.812
827.5 934.992
826.549 939.22
826.388 943.513
825.518 947.786
825.843 952.028
827.348 956.095
828.489 960.212
829.52 964.382
831.441 968.284
833.284 972.203
835.704 975.722
837.59 979.589
840.166 983.052
843.138 985.978
845.851 989.159
849.224 991.523
852.546 993.913
855.92 996.223
859.923 997.543
863.652 999.507
867.554 1001.33
871.547 1002.87
875.789 1003.65
879.515 1006.03
883.723 1007.29
887.5 1009.42
891.578 1010.64
895.194 1012.85
899.278 1013.64
902.925 1015.48
906.717 1016.93
910.722 1017.69
914.126 1019.88
917.891 1021.48
921.326 1023.72
925.085 1025.32
928.695 1027.13
931.405 1030.12
933.603 1033.57
936.284 1036.76
939.204 1039.76
942 1043
945.136 1045.78
948.208 1048.75
951.636 1051.31
955.264 1053.47
958.974 1055.35
963.115 1055.59
967.195 1056.48
971.261 1055.58
975.312 1055.16
979.072 1053.41
982.896 1051.71
987.076 1051.38
991.202 1051.61
994.716 1053.95
998.312 1056.2
1001.77 1058.65
1005.62 1060.44
1009.42 1062.18
1013.53 1062.24
1017.38 1060.95
1019.68 1057.61
1020.51 1053.52
1020.52 1049.3
1020.5 1045.09
1019.68 1040.97
1018.53 1036.95
1018.59 1032.98
1021.71 1030.39
1025.49 1028.58
1029.6 1027.84
1033.8 1028.43
1038.04 1028.56
1042.27 1029.17
1046.48 1029.07
1050.33 1027.45
1053.53 1024.64
1056.86 1021.98
1060.42 1019.86
1064.39 1020.44
1067.89 1022.74
1071.27 1025.25
1075.01 1027.1
1078.53 1029.41
1081.93 1031.83
1085.57 1033.97
1089.31 1035.95
1093.25 1037.52
1097.31 1038.17
1100.44 1035.72
1101.53 1031.62
1102.35 1027.45
1101.75 1023.15
1102.43 1018.83
1101.58 1014.64
1100.49 1010.53
1098.44 1006.83
1096.55 1003.09
1094.76 999.306
1091.96 996.141
1089.54 992.866
1091.26 989.526
1094.96 990.653
1098.37 992.791
1101.85 994.724
1105.46 996.513
1109.29 997.751
1113.18 998.283
1114.75 994.705
1115.51 990.648
1115.52 986.499
1115.5 982.347
1115.48 978.18
1114.04 974.186
1112.3 970.251
1110.3 966.419
1107.73 962.935
1105.39 959.259
1102.52 955.889
1099.06 953.176
1095.59 950.414
1092.05 947.785
1088.18 945.624
1084.09 943.925
1080 942.53
1075.82 941.494
1071.63 940.778
1067.49 940.497
1063.34 940.487
1059.34 939.547
1055.64 937.611
1051.69 936.499
1047.6 936.234
1043.5 935.501
1039.31 935.463
1035.24 934.513
1031.21 933.633
1027.49 931.647
1023.43 931.481
1019.36 931.5
1015.31 931.344
1011.45 929.53
1007.25 929.472
1003.2 928.545
999.355 926.783
995.201 926.481
991.012 926.491
986.89 926.046
983.305 923.664
979.679 921.525
979.496 917.692
980.511 913.884
983.392 911.204
987.032 909.322
990.522 907.151
994.33 905.234
998.135 903.391
1001.95 901.428
1006.08 900.495
1010.4 900.409
1014.73 900.368
1018.97 899.505
1023.21 898.568
1027.36 897.479
1031.19 895.521
1034.8 893.15
1038.22 890.448
1041.18 887.243
1043.42 883.59
1047.32 882.557
1051.42 882.688
1055.58 883.349
1059.79 883.499
1063.97 883.637
1068.11 884.506
1072.22 885.472
1076.31 886.413
1080.36 887.494
1084.42 888.524
1088.47 888.428
1091.6 886.043
1092.51 882.057
1091.51 878.022
1089.21 874.486
1086.13 871.567
1082.49 869.386
1079.14 866.806
1075.38 864.88
1071.34 863.437
1067.37 861.78
1063.25 860.584
1059.16 859.559
1054.94 859.47
1050.78 858.605
1046.63 858.492
1042.48 858.273
1038.34 857.509
1034.27 856.561
1030.53 854.519
1026.45 853.511
1022.29 854.252
1018.14 854.587
1014.02 855.458
1009.99 856.499
1006.26 858.461
1002.18 859.488
998.316 860.962
994.927 863.456
991.236 865.3
987.327 866.721
983.201 867.483
979.158 868.578
975.31 870.355
971.068 869.613
967.008 870.502
962.966 871.482
958.818 871.395
954.727 871.481
950.658 871.543
946.578 871.465
942.812 870.037
940.262 866.802
937.899 863.375
936.486 859.486
935.544 855.488
936.353 851.419
936.769 847.332
937.912 843.329
939.488 839.387
940.562 835.286
942.259 831.352
943.47 827.199
945.295 823.334
947.095 819.401
948.972 815.513
951.217 811.854
952.672 807.89
954.366 804.028
956.853 800.638
959.464 797.36
962.366 794.35
965.467 791.586
968.561 788.818
971.664 785.981
974.804 783.163
977.591 779.926
980.53 776.851
983.304 773.557
986.415 770.638
989.327 767.526
991.658 763.916
994.249 760.488
996.166 756.69
997.514 752.607
999.401 748.779
1000.41 744.773
1000.54 740.659
1000.56 736.506
1000.52 732.369
1000.5 728.235
999.507 724.173
998.532 720.089
998.457 715.949
997.52 711.88
996.651 707.806
996.506 703.696
995.803 699.636
995.862 695.676
999.476 693.757
1003.49 692.556
1007.5 691.574
1011.46 690.685
1015.28 689.497
1018.88 687.616
1022.65 686.36
1026.51 685.305
1030.14 683.519
1033.64 681.438
1037.47 681.25
1040.69 684.068
1044.54 685.514
1048.05 687.551
1051.7 689.57
1055.22 691.718
1058.87 693.597
1062.25 695.862
1065.77 697.907
1068.62 701.126
1072.41 702.559
1076.39 703.625
1079.71 706.381
1083.47 708.207
1087.77 708.616
1091.68 710.337
1095.59 712.196
1099.71 713.501
1103.86 714.656
1107.82 716.267
1112.13 716.896
1115.84 719.166
1119.9 720.411
1124.02 721.523
1127.86 723.394
1131.93 724.876
1135.62 727.127
1139.44 728.951
1142.84 731.475
1146.51 733.565
1149.82 736.323
1153.54 738.553
1157.27 740.879
1160.85 743.538
1164.53 746.171
1167.75 749.338
1170.39 753.068
1171.47 757.456
1172.15 761.896
1173.49 766.129
1175.48 770.052
1177.43 774.016
1179.34 777.992
1180.75 782.159
1183.65 785.486
1185.75 789.268
1188.38 792.652
1191.23 795.843
1194.11 799.061
1197.31 801.728
1199.64 805.015
1199.52 809.186
1198.35 813.232
1197.31 817.339
1196.5 821.554
1196.5 825.809
1197.47 830.001
1198.44 834.147
1200.15 837.938
1202.65 841.175
1206.34 842.88
1210.5 843.652
1213.45 846.441
1214.49 850.52
1215.21 854.642
1215.45 858.761
1214.6 862.863
1214.24 866.94
1213.46 871.016
1212.49 875.126
1211.5 879.255
1210.42 883.336
1209.49 887.436
1209.93 891.444
1213.39 893.497
1217.48 892.527
1221.15 890.432
1223.63 887.072
1225.99 883.616
1227.97 879.83
1229.7 875.901
1231.48 872.127
1232.47 868.11
1233.44 864.138
1233.68 860.1
1234.5 856.066
1234.51 851.992
1234.51 847.917
1234.51 843.849
1234.46 839.791
1233.5 835.774
1232.58 831.772
1233.43 827.834
1234.54 823.933
1234.63 819.939
1233.51 816.032
1233.52 812.173
1236.2 809.609
1238.47 812.583
1239.59 816.443
1240.57 820.416
1241.46 824.49
1241.54 828.642
1242.85 832.567
1244.71 836.312
1247.45 839.477
1250.14 842.651
1253.18 845.472
1256.77 847.58
1260.9 848.768
1264.37 851.245
1266.32 854.958
1267.55 859.028
1268.63 863.179
1269.48 867.34
1269.5 871.573
1269.5 875.821
1269.51 880.066
1269.37 884.29
1267.46 888.168
1265.38 891.97
1263.6 895.892
1265.72 899.259
1269.97 899.533
1274.23 899.463
1278.08 897.531
1281.89 895.605
1285.33 893.198
1288 889.954
1290.38 886.205
1292.21 882.178
1293.51 877.964
1294.47 873.661
1294.52 869.317
1294.52 864.986
1294.35 860.676
1293.51 856.414
1292.51 852.206
1291.5 848.005
1291.38 843.799
1293.41 840.075
1295.49 836.359
1297.26 832.507
1298.52 828.469
1299.5 824.385
1299.51 820.196
1299.49 816.006
1298.8 811.827
1298.39 807.652
1297.52 803.458
1297.52 799.205
1297.47 794.956
1295.61 791.057
1293.83 787.062
1291.4 783.494
1288.24 780.542
1285.18 777.656
1281.71 775.295
1277.92 773.299
1274.77 770.383
1271.38 767.661
1268.24 764.621
1264.66 762.099
1260.95 759.727
1257.33 757.461
1253.82 755.065
1250.92 751.64
1247.01 749.403
1244.33 745.828
1241.14 742.853
1238.33 739.397
1234.83 736.578
1231.28 733.889
1227.89 731.159
1225.19 727.595
1222 724.354
1218.84 721.157
1215.94 717.711
1212.35 715.366
1208.4 713.495
1204.61 711.318
1201.21 708.445
1197.45 706.156
1194.02 703.427
1190.13 701.278
1186.15 699.392
1182.49 696.82
1178.4 695.486
1174.52 693.676
1170.91 691.419
1167.04 689.592
1163.09 687.77
1159.41 685.661
1155.93 683.215
1152.05 681.466
1148.25 679.461
1144.57 677.392
1140.94 675.249
1137.52 672.885
1133.85 670.969
1130.18 668.946
1126.97 666.127
1123.4 663.577
1119.57 661.517
1116.27 658.809
1113.23 655.764
1109.48 653.655
1105.85 651.305
1102.37 648.773
1098.81 646.434
1095.44 643.809
1094.49 639.625
1093.45 635.447
1091.34 631.662
1089.55 627.763
1088.79 623.642
1089.32 619.366
1088.53 615.208
1087.59 611.102
1087.52 607.042
1089.32 603.273
1090.45 599.354
1091.53 595.444
1091.56 591.31
1092.33 587.315
1092.51 583.3
1092.49 579.269
1091.55 575.256
1091.42 571.171
1089.62 567.46
1088.45 563.594
1087.31 559.746
1085.36 556.203
1083.39 552.585
1081.37 548.988
1078.57 545.902
1075.73 542.826
1073.54 539.235
1070.72 536.283
1068.05 533.206
1066.46 529.448
1065.5 525.422
1064.56 521.348
1063.57 517.338
1062.22 513.478
1061 509.528
1059.7 505.6
1058.31 501.719
1056.54 497.988
1055.04 494.133
1052.63 490.602
1051.54 486.628
1051.49 482.475
1050.57 478.468
1049.6 474.496
1049.51 470.483
1049.51 466.466
1049.42 462.444
1048.57 458.443
1048.12 454.424
1047.46 450.492
1046.59 446.569
1049.66 444.51
1053.61 444.541
1057.55 445.555
1061.54 446.513
1065.53 447.474
1069.42 448.475
1073.28 449.524
1077.18 450.536
1081.09 451.583
1084.91 453.038
1088.7 454.478
1092.49 456.011
1096.39 457.594
1100.19 459.595
1104.21 460.949
1108.18 462.556
1112.07 464.388
1116.12 465.955
1120.1 467.808
1124.09 469.748
1127.95 471.936
1131.99 473.773
1136.03 475.74
1139.75 478.316
1143.28 481.159
1146.67 484.04
1150.34 486.551
1153.83 489.362
1155.53 490.865
1157.23 492.368
1160.44 495.511
1163.8 498.501
1167.51 501.109
1171.34 503.36
1175.09 505.645
1178.49 508.235
1182.25 510.281
1186.35 511.523
1190.51 512.565
1194.66 513.496
1198.93 513.606
1203.19 514.496
1207.46 514.273
1211.73 513.489
1215.82 511.783
1220.1 510.464
1223.78 507.895
1227.66 505.677
1231.59 503.688
1235.25 501.316
1238.5 498.41
1241.84 495.534
1244.06 491.882
1245.49 487.826
1246.72 483.69
1247.48 479.43
1245.79 475.455
1243.41 471.844
1239.88 469.314
1236.61 466.582
1233.55 463.612
1230.34 460.866
1226.86 458.382
1223.16 456.178
1221.52 452.387
1221.52 448.253
1223.59 444.782
1227.41 444.49
1231.19 446.647
1235.15 447.641
1237.79 444.668
1239.44 440.813
1241.45 437.192
1244.75 434.736
1248.79 433.501
1252.49 431.54
1255.7 428.892
1257.55 425.097
1258.47 420.888
1257.78 416.591
1257.51 412.304
1257.41 408.001
1255.89 403.923
1255.29 399.683
1253.57 395.807
1251.46 392.111
1248.97 388.665
1245.94 385.596
1242.52 382.927
1238.9 380.35
1235.33 377.706
1231.65 375.21
1228.05 372.514
1223.81 371.049
1219.65 369.466
1215.85 367.197
1212.77 363.927
1209.09 361.504
1205.29 359.287
1201.34 357.527
1197.4 355.721
1193.66 353.615
1190.75 350.643
1187.95 347.514
1184.93 344.618
1183.11 340.698
1179.7 338.104
1175.74 336.171
1173.45 332.517
1170.88 329.06
1169.57 325.008
1167.67 321.223
1166.38 317.307
1165.38 313.328
1164.4 309.308
1162.7 305.492
1161.42 301.552
1159.18 298.064
1156.6 294.667
1156.62 290.201
1154.49 286.867
1151.04 284.356
1149.79 280.472
1148.32 276.73
1146.55 273.041
1146.31 268.981
1145.35 265.08
1143.34 261.67
1139.72 259.44
1138.03 255.673
1135.88 252.086
1133.32 248.857
1130.12 246.289
1126.43 244.532
1122.19 244.435
1118.42 242.747
1114.55 241.55
1110.52 241.35
1106.54 240.498
1102.57 239.699
1098.78 238.279
1094.85 237.206
1091.57 234.677
1087.83 233.217
1084.88 230.544
1081.14 230.486
1077.4 230.558
1073.66 230.987
1070.08 232.474
1066.2 232.522
1062.35 233.469
1058.5 233.61
1054.98 235.355
1051.16 236.542
1047.47 238.347
1043.6 238.481
1039.72 237.416
1035.79 236.53
1031.79 236.502
1027.75 236.521
1023.82 236.221
1020.65 233.497
1016.96 232.428
1013.12 233.264
1009.19 233.441
1005.4 234.448
1001.7 233.547
998.032 232.649
994.313 233.521
990.595 234.423
986.776 233.556
982.914 233.435
979.091 234.155
975.322 235.285
971.547 236.486
967.617 236.497
963.688 236.563
960.174 238.506
956.869 240.808
954.252 243.937
951.661 247.171
948.346 249.582
945.582 252.558
943.411 256.034
941.433 259.691
937.708 261.924
935.269 265.436
932.744 268.877
930.73 272.622
927.725 275.573
924.608 278.427
922.649 282.108
921.416 286.119
917.747 287.951
915.394 290.923
914.379 294.702
913.509 298.543
911.621 301.986
909.543 305.333
907.614 308.781
905.563 312.146
905.105 316.013
905.413 319.996
905.319 323.914
903.624 327.55
902.483 331.354
899.305 332.895
897.534 329.672
896.579 325.908
895.445 322.233
893.644 318.821
891.896 315.36
889.685 312.128
887.061 309.132
884.128 306.294
882.023 302.873
880.802 299.078
880.329 295.061
879.131 291.198
877.889 287.269
876.486 283.322
874.388 279.682
871.626 276.485
868.888 273.353
865.673 270.624
863.507 267.055
862.306 262.937
860.666 258.976
859.522 254.905
858.428 250.845
857.362 246.731
855.629 242.839
853.65 239.079
851.747 235.24
849.545 231.567
846.524 228.647
842.565 227.167
838.23 226.395
834.596 224.011
831.579 220.976
829.824 217.078
827.67 213.464
825.595 209.843
823.06 206.571
819.479 204.435
815.325 203.511
811.105 202.608
806.988 201.558
804.422 198.187
801.368 195.407
797.777 193.503
793.743 193.725
789.936 195.536
785.944 196.47
782.342 194.539
779.161 191.642
775.26 190.376
771.011 190.973
766.756 191.777
763.321 194.493
760.126 197.525
756.245 199.569
752.08 201.089
747.702 201.519
743.969 203.564
741.528 207.019
740.516 211.119
740.465 215.35
740.477 219.59
739.075 223.489
735.74 226.052
731.649 227.075
727.783 228.484
725.49 231.888
723.851 235.691
723.485 239.857
723.501 244.051
724.283 248.19
724.503 252.43
724.465 256.618
721.641 259.536
717.531 261.069
714.189 263.689
711.689 267.037
711.457 271.316
710.517 275.465
710.507 279.632
710.474 283.788
708.625 287.378
705.085 289.645
701.703 292.118
699.844 295.674
699.396 299.842
698.545 304.006
698.468 308.218
696.849 311.938
693.318 314.196
689.712 316.336
686.632 319.028
685.5 323.135
684.245 327.13
680.789 329.321
677.255 331.323
675.569 334.778
675.484 338.735
675.497 342.711
675.496 346.688
674.457 350.423
671.751 353.242
668.618 355.227
664.674 355.116
660.982 356.54
657.328 355.44
653.706 354.221
650.559 351.638
646.786 350.461
642.832 349.642
639.261 347.812
635.556 346.48
631.608 346.464
627.742 347.457
623.779 347.509
619.904 347.053
617.378 343.773
614.645 340.601
612.017 337.45
608.516 335.413
604.581 334.316
600.494 334.501
596.386 335.038
592.573 333.672
589.641 330.808
587.125 327.472
584.177 324.5
580.727 322.317
576.796 321.521
572.525 322.342
569.337 319.674
566.309 316.652
562.826 314.17
559.337 311.754
555.556 309.804
552.509 306.744
548.97 304.335
546.116 301.164
542.773 298.46
539.751 295.278
537.093 291.685
533.115 289.555
530.059 286.377
527.302 282.939
524.366 279.683
521.62 276.327
518.397 273.462
515.609 270.213
513.227 266.618
510.103 263.59
507.617 260.104
505.626 256.316
503.57 252.562
502.14 248.59
500.217 244.826
498.528 240.993
497.666 236.926
496.518 232.941
495.514 228.978
494.551 225.079
494.144 221.136
493.514 217.18
493.5 213.188
493.503 209.203
493.51 205.226
493.51 201.253
493.826 197.307
495.198 193.537
495.492 189.643
495.567 185.713
497.566 182.251
499.518 178.742
501.941 175.522
504.439 172.184
507.63 169.509
511.218 167.218
514.305 164.405
517.615 161.871
521.06 159.589
525.227 159.276
529.114 157.715
533.184 157.456
537.208 156.542
541.347 156.431
545.412 155.527
549.533 155.515
553.647 156.02
557.768 156.547
561.857 157.5
565.975 158.488
569.802 160.245
573.906 161.447
577.815 163.29
582.121 163.659
586.042 165.516
589.96 167.408
593.831 169.325
597.608 171.469
601.408 173.546
605.237 175.628
608.719 178.357
612.606 180.487
616.108 183.2
619.909 185.355
623.696 187.496
627.309 189.882
630.805 192.453
634.676 194.366
638.836 195.506
643.165 195.531
647.303 194.52
650.208 191.575
651.641 187.584
651.519 183.211
649.942 179.17
647.373 175.693
644.332 172.631
641.235 169.664
637.741 167.154
634.573 164.126
631.13 161.413
627.86 158.41
624.66 155.385
621.201 152.617
617.676 149.925
614.045 147.38
610.671 144.542
606.901 142.265
603.337 139.604
599.523 137.418
595.637 135.338
591.661 133.333
587.662 131.441
583.719 129.473
579.79 127.453
575.648 125.844
571.541 124.477
567.307 123.478
563.016 122.507
558.744 121.516
554.475 120.785
550.179 120.25
545.934 119.66
541.646 119.435
537.529 118.479
533.326 118.351
529.235 119.483
525.041 119.707
520.699 119.505
516.507 120.503
512.526 122.358
508.195 122.546
504.022 123.591
500.468 126.101
496.817 128.46
492.518 129.557
489.646 132.745
487.178 136.258
483.295 138.306
479.727 140.799
476.312 143.507
472.485 145.587
469.181 148.309
466.713 151.882
464.68 155.65
462.477 159.273
460.58 163.026
459.237 167.183
456.318 170.28
454 173.71
452.436 177.583
451.362 181.658
450.475 185.824
448.647 189.689
447.5 193.741
446.531 197.819
446.489 202.002
446.294 206.095
445.126 210.108
445.438 214.238
445.469 218.326
445.426 222.427
446.408 226.456
445.484 230.505
445.622 234.607
445.603 238.78
445.516 242.957
446.457 247.059
447.448 251.121
447.471 255.338
447.483 259.529
447.824 263.657
449.735 267.554
450.478 271.77
451.397 275.916
452.466 279.929
453.66 283.903
454.542 287.99
456.326 291.767
458.41 295.444
459.552 299.46
461.521 303.099
463.522 306.692
466.191 309.813
467.984 313.528
470.357 317.021
472.515 320.57
474.529 324.259
476.948 327.613
479.632 330.977
482.394 334.274
485.165 337.518
488.007 340.648
490.49 344.113
493.1 347.607
495.64 351.179
498.411 354.533
501.112 357.905
503.709 361.375
506.544 364.689
509.427 367.979
511.507 372.021
514.004 375.762
517.04 379.07
519.432 382.778
521.409 386.675
523.841 390.207
527.13 393.04
528.914 396.842
531.404 400.189
533.605 403.819
535.912 407.44
538.581 410.909
541.207 414.391
543.392 418.123
545.947 421.497
548.343 425.035
550.741 428.514
553.222 431.881
554.617 435.819
556.809 439.319
559.496 442.576
561.479 446.291
563.601 449.905
565.978 453.381
568.56 456.776
570.589 460.549
573.286 463.906
575.533 467.684
577.531 471.611
579.524 475.566
581.801 479.35
584.621 482.883
586.668 486.866
589.384 490.315
591.367 494.187
593.288 498.017
594.839 501.944
597.484 505.314
599.389 508.962
597.28 512.72
595.747 516.664
596.47 520.985
595.544 525.13
594.488 529.258
594.491 533.535
593.506 537.632
592.498 541.71
591.877 545.835
591.493 549.962
591.506 554.058
592.372 558.151
591.631 562.275
592.397 566.442
591.376 570.44
590.495 574.448
590.48 578.529
590.654 582.618
590.44 586.72
589.513 590.77
589.903 594.799
590.622 598.807
591.462 602.84
591.469 606.856
590.193 610.78
589.387 614.825
588.627 618.926
588.481 623.044
588.491 627.167
588.43 631.288
587.538 635.418
588.446 639.554
588.348 643.586
586.63 647.534
587.39 651.562
588.382 655.527
588.339 659.411
585.769 662.988
586.521 667.134
586.228 671.289
585.51 675.313
586.265 679.423
585.495 683.509
585.483 687.616
585.488 691.701
585.478 695.795
585.45 699.908
585.49 704.121
585.563 708.366
584.542 712.441
583.501 716.583
583.493 720.83
583.592 725.115
583.489 729.381
581.517 733.128
579.515 736.834
576.812 740.05
574.157 743.236
571.396 746.172
568.897 749.357
567.104 753.067
564.384 756.2
561.839 759.545
559.447 763.071
556.917 766.512
555.148 770.269
553.379 774.146
551.473 778.05
550.471 782.242
549.509 786.475
548.986 790.72
548.473 794.916
548.401 799.158
548.526 803.386
549.491 807.55
550.383 811.734
551.482 815.798
552.495 819.844
553.6 823.86
555.391 827.682
556.944 831.533
557.816 835.52
558.753 839.493
559.563 843.564
560.478 847.654
561.416 851.695
562.682 855.586
563.466 859.642
563.482 863.743
563.495 867.85
564.381 871.86
565.427 875.876
565.439 880.017
565.501 884.074
566.431 888.064
567.526 891.987
568.486 895.935
569.333 899.92
570.181 903.821
570.486 907.919
570.492 912.027
570.441 916.093
570.282 920.217
569.466 924.257
568.568 928.303
569.035 932.331
571.328 935.899
571.711 940.042
572.573 944.093
574.21 947.915
575.447 951.845
575.498 955.934
575.493 959.999
575.495 964.096
575.476 968.204
574.502 972.241
574.506 976.266
575.492 980.235
576.589 984.189
577.461 988.15
575.188 991.295
571.716 993.633
569.724 996.934
571.456 1001.05
571.266 1005.12
569.509 1009.08
568.414 1013.21
567.498 1017.41
567.479 1021.7
567.532 1025.97
569.334 1029.9
571.242 1033.75
573.606 1037.3
576.46 1040.44
579.179 1043.71
581.264 1047.29
581.513 1051.53
582.493 1055.71
583.464 1059.88
584.466 1064.02
586.417 1067.82
587.526 1071.94
589.838 1075.58
591.72 1079.39
594.692 1082.28
598.64 1083.54

