CONTOUR

1

1833

683.332 1217.27
687.32 1216.55
691.126 1215.41
692.421 1211.86
692.404 1207.96
691.598 1204.04
691.525 1200.11
691.294 1196.19
689.62 1192.58
688.451 1188.82
687.491 1185.05
686.02 1181.44
683.876 1178.15
682.778 1174.48
684.601 1171.24
688.178 1169.65
692.063 1168.67
695.916 1167.51
699.65 1165.95
703.364 1164.32
707.33 1163.63
711.351 1164.02
715.235 1165.28
719.135 1166.52
723.084 1167.63
726.955 1168.99
730.509 1171.06
734.133 1172.98
737.531 1175.28
740.987 1177.46
744.447 1179.61
748.051 1181.39
751.936 1180.91
755.459 1179.25
756.508 1175.54
756.486 1171.58
755.639 1167.61
755.676 1163.57
755.499 1159.56
754.388 1155.67
753.261 1151.77
750.558 1148.65
748.103 1145.35
745.567 1142.23
743.003 1139.22
740.193 1136.4
737.712 1133.34
734.976 1130.53
732.296 1127.67
729.082 1125.53
725.867 1123.29
722.6 1121.18
723.135 1117.58
726.811 1118.44
730.53 1119.6
734.108 1121.21
737.842 1122.48
741.518 1123.86
745.202 1125.4
749.048 1126.52
752.919 1127.5
756.846 1127.49
760.318 1125.87
761.527 1122.21
761.548 1118.23
760.645 1114.3
760.035 1110.37
758.603 1106.72
756.771 1103.23
754.628 1099.81
752.648 1096.22
750.393 1092.77
747.725 1089.67
745.148 1086.51
742.243 1083.57
738.742 1081.29
735.383 1078.81
731.51 1077.19
727.644 1075.51
723.576 1074.48
719.516 1073.48
715.435 1072.5
711.327 1071.76
707.169 1071.5
703.002 1071.53
698.803 1071.56
694.901 1070.38
691.141 1068.53
687.147 1069.42
683.17 1070.48
679.018 1070.52
674.953 1071.47
670.873 1071.48
666.81 1070.57
662.76 1070.49
658.751 1071.43
654.848 1072.55
650.977 1073.39
649.066 1069.62
645.83 1067.5
641.812 1067.5
637.726 1067.43
633.613 1066.48
629.446 1066.49
625.318 1067.43
621.195 1067.6
617.021 1067.49
613.095 1066.4
609.652 1064.23
607.817 1060.39
606.115 1056.57
603.185 1053.63
600.149 1050.76
597.48 1047.59
595.647 1043.91
594.487 1039.9
593.502 1035.84
593.199 1031.62
592.798 1027.39
593.433 1023.19
594.318 1019.06
595.291 1014.98
596.495 1010.96
597.551 1006.86
599.607 1003.12
602.328 999.812
605.03 996.532
607.997 993.481
611.856 991.256
615.254 988.313
618.799 985.729
622.749 983.887
626.427 981.547
630.208 979.333
633.571 976.507
637.314 974.294
640.789 971.725
644.286 969.268
647.81 966.789
651.565 964.516
655.054 961.86
658.388 959.252
661.634 956.382
664.987 953.705
668.302 951.029
671.404 948.077
675.072 947.174
675.492 951.114
675.466 955.212
675.53 959.295
675.357 963.341
673.813 967.24
673.536 971.313
673.482 975.491
672.482 979.527
671.636 983.606
671.465 987.716
670.601 991.729
668.578 995.352
667.39 999.328
665.084 1002.83
663.413 1006.64
662.462 1010.67
661.52 1014.76
661.512 1018.87
662.662 1022.86
664.776 1026.35
668.299 1028.74
671.398 1031.8
674.335 1034.97
677.405 1037.8
681.002 1039.8
684.514 1042.05
688.426 1043.5
692.373 1044.92
696.399 1045.96
700.251 1047.43
703.94 1049.38
708.164 1049.55
712.219 1050.51
716.026 1052.29
720.011 1053.31
724.167 1053.59
728.226 1054.47
732.224 1055.44
736.292 1055.51
740.347 1055.56
744.351 1056.59
748.474 1056.56
752.543 1056.91
756.634 1056.49
760.729 1055.62
764.859 1056.44
768.955 1055.57
773.01 1056.4
776.97 1055.27
781.119 1055.5
785.26 1055.45
789.387 1054.56
793.527 1055.46
797.676 1054.73
801.818 1055.37
805.782 1054.3
809.771 1053.56
813.877 1053.52
817.955 1053.5
821.979 1053.37
825.935 1052.54
829.982 1052.49
833.972 1051.64
837.929 1052.5
841.901 1052.8
845.838 1051.64
849.839 1051.45
853.846 1050.78
857.854 1051.16
861.857 1051.47
865.864 1051.5
869.826 1051.49
873.795 1051.51
877.717 1051.44
881.677 1051.52
885.659 1051.49
889.641 1051.44
893.593 1051.65
897.59 1051.33
901.659 1051.53
905.737 1051.45
909.776 1050.56
913.888 1050.51
918.027 1050.56
922.149 1051.44
926.226 1050.51
930.314 1049.59
934.509 1050.47
938.714 1050.23
942.864 1050.66
947.02 1050.4
951.199 1050.48
955.309 1049.6
959.497 1049.46
962.905 1047.35
964.508 1043.64
965.386 1039.7
965.427 1035.68
964.652 1031.67
963.589 1027.79
961.554 1024.31
959.395 1020.92
956.821 1017.71
954.281 1014.49
951.322 1011.67
947.99 1009.31
944.325 1007.44
941.498 1004.65
941.534 1000.67
942.907 996.934
946.873 995.918
951.186 996.185
955.472 996.487
959.657 997.382
963.931 997.544
968.093 998.505
972.268 999.507
976.467 1000.42
980.773 1000.55
985.018 1001.49
989.234 1001.37
992.402 998.878
992.524 994.678
992.477 990.44
992.146 986.163
991.504 981.927
990.284 977.839
987.711 974.302
985.218 970.705
982.16 967.574
979.07 964.491
975.504 961.828
971.738 959.402
967.8 957.268
963.846 955.401
959.889 953.539
955.693 952.463
951.456 951.447
947.95 949.115
945.921 945.364
943.673 941.79
941.023 938.548
938.2 935.478
935.137 932.585
931.462 930.463
927.664 928.593
923.614 927.459
919.49 926.488
915.265 925.965
911.037 925.508
906.84 925.677
902.66 926.491
898.499 927.447
894.412 928.489
890.633 930.409
886.873 932.352
882.599 931.479
878.316 931.488
874.139 932.443
870.021 933.47
865.951 934.481
862.607 937.171
858.557 936.515
854.534 936.504
850.496 936.488
846.464 936.589
842.562 937.664
838.865 939.529
834.817 940.493
830.771 941.448
826.629 941.826
822.508 942.518
818.395 943.477
814.582 942.071
811.458 939.303
808.065 937.007
804.166 935.504
800.082 934.491
796.414 932.672
794.404 929.301
794.469 925.002
793.495 920.96
791.544 917.202
790.819 913.107
790.344 908.959
789.506 904.842
788.934 900.696
789.504 896.499
789.52 892.281
790.3 888.156
791.551 884.143
793.126 880.208
794.463 876.191
795.5 872.096
796.727 868.081
798.485 864.182
800.267 860.338
802.677 856.709
804.734 852.864
807.061 849.137
809.249 845.375
811.049 841.479
813.595 837.986
815.909 834.324
819.277 831.229
821.89 827.483
825.214 824.395
827.654 820.67
830.503 817.253
833.76 814.228
836.899 811.054
839.661 807.642
842.691 804.406
845.552 801.005
848.487 797.744
850.915 794.044
854.223 791.038
857.126 787.621
859.098 783.654
861.707 780.263
864.941 777.386
867.384 774.045
868.518 769.964
869.784 765.949
871.622 762.121
873.755 758.297
875.353 754.256
875.507 749.896
875.57 745.517
875.512 741.113
873.937 737.016
872.578 732.934
871.568 728.785
870.424 724.728
871.633 720.951
875.424 719.55
879.327 718.451
883.072 716.885
886.919 715.516
890.731 714.106
894.716 713.366
898.374 711.676
902.074 710.218
905.711 708.543
909.551 707.53
913.336 706.533
916.867 704.854
920.565 703.49
924.323 702.251
927.971 700.681
931.762 699.544
934.529 701.836
933.67 705.992
934.466 710.022
933.511 713.927
932.708 717.76
932.481 721.706
932.462 725.676
931.502 729.576
931.483 733.549
931.455 737.527
931.441 741.578
931.457 745.558
931.463 749.616
931.436 753.614
931.421 757.679
930.541 761.642
930.491 765.629
930.477 769.622
929.568 773.585
929.521 777.689
929.52 781.747
930.478 785.777
930.32 789.905
930.486 793.947
930.515 798.004
931.462 802.014
931.505 806.087
931.887 810.14
932.512 814.219
933.466 818.297
933.519 822.501
934.782 826.509
936.123 830.451
937.804 834.215
940.56 837.362
943.597 840.196
947.434 841.965
951.428 843.742
955.492 845.475
959.572 847.045
963.773 847.648
967.625 849.467
971.674 850.542
975.75 851.546
979.625 853.267
983.382 855.216
987.026 857.439
991.253 857.836
995.131 859.52
999.209 860.771
1003.04 862.652
1007.21 863.518
1011.23 864.865
1015.35 865.709
1019.53 866.503
1023.62 867.653
1027.51 869.414
1031.72 869.525
1035.82 870.473
1039.98 870.525
1044.03 871.324
1048.1 871.503
1052.16 871.587
1056.2 872.501
1060.32 872.522
1064.44 872.726
1068.56 873.493
1072.77 873.515
1076.9 874.433
1081.07 874.525
1085.14 875.503
1089.17 876.489
1093.34 876.596
1097.46 877.507
1101.59 878.576
1105.76 879.535
1109.77 881.274
1114.15 881.554
1118.05 883.473
1121.92 885.631
1125.56 888.08
1129.43 890.063
1132.91 892.785
1136.07 895.832
1138.33 899.687
1141.36 902.995
1143.46 906.997
1144.55 909.012
1145.64 911.027
1148.4 914.603
1151.3 918.058
1153.44 921.919
1155.65 925.778
1158.78 929
1161.64 932.371
1164.74 935.576
1167.56 939.02
1170.22 942.672
1172.38 946.598
1173.6 950.948
1175.49 955.025
1177.5 959.03
1179.19 963.204
1180.75 967.382
1183.47 970.897
1186.24 974.28
1189.52 977.133
1193.5 978.737
1197.75 979.479
1202.15 978.532
1206.24 979.39
1209.53 982.178
1212.64 985.151
1216.07 987.777
1219.19 990.742
1222.41 993.49
1225.89 995.843
1229.71 997.643
1233.68 999.236
1237.79 999.498
1241.48 997.781
1243.5 994.236
1243.44 990.122
1241.68 986.167
1240.19 982.117
1237.57 978.687
1234.78 975.418
1231.76 972.307
1229.16 968.842
1226.31 965.634
1223.47 962.448
1221.54 958.623
1221.28 954.271
1219.81 950.209
1217.9 946.311
1215.71 942.578
1213.64 938.899
1210.66 935.963
1207.75 933.078
1205.37 929.812
1203.4 926.315
1202.52 922.457
1203.55 918.61
1205.76 915.189
1208.64 912.329
1212.62 911.394
1216.74 910.763
1220.85 911.515
1224.95 912.674
1228.75 914.453
1231.84 917.412
1235.22 920.026
1239.22 921.475
1243.36 922.502
1247.49 923.335
1251.61 923.494
1255.77 922.819
1259.92 922.516
1263.63 920.949
1266.51 917.946
1269.29 914.599
1273.32 913.523
1277.65 914.404
1281.97 914.681
1286.27 915.506
1290.58 916.482
1294.84 917.369
1299.14 917.6
1303.31 918.756
1307.29 920.467
1311.51 921.612
1315.42 923.557
1319.25 925.657
1323.43 926.35
1327 924.165
1328.49 920.347
1327.72 916.212
1326.28 912.314
1323.68 909.073
1321.2 905.692
1317.76 903.368
1314.14 901.308
1310.56 899.12
1306.78 897.39
1303.01 895.524
1299.22 893.761
1295.24 892.557
1291.24 891.459
1287.4 889.796
1283.41 888.663
1279.47 887.538
1275.55 886.543
1271.71 885.321
1269.35 881.844
1266.55 878.688
1262.91 876.542
1258.73 875.491
1254.56 874.446
1250.34 873.505
1246.02 873.496
1241.69 873.671
1237.33 873.531
1233.08 874.294
1228.85 874.474
1224.73 873.515
1221.1 871.489
1218.79 868.143
1217.39 864.262
1216.53 860.265
1217.55 856.305
1219.54 852.675
1221.53 849.019
1223.82 845.506
1226.45 842.186
1229.67 839.436
1233.51 837.453
1237.45 835.605
1241.11 833.283
1244.37 830.329
1247.28 827.058
1249.29 823.219
1249.76 818.83
1250.68 814.554
1254.02 811.672
1258.11 809.681
1262.16 807.765
1266.02 805.725
1270.21 804.485
1274.41 803.313
1277.41 800.127
1279.5 796.252
1280.5 792.005
1279.42 787.856
1276.5 784.733
1272.39 783.487
1267.97 783.457
1263.6 783.618
1259.46 785.298
1255.25 786.446
1251.06 787.543
1247.09 789.322
1242.76 789.523
1238.45 789.467
1234.16 789.567
1230.35 791.477
1226.54 793.329
1222.98 795.527
1220.11 798.451
1217.31 801.474
1214.28 804.293
1211.39 807.233
1208.63 810.428
1205.58 813.354
1202.62 816.385
1198.89 818.379
1195.12 820.442
1191.54 822.847
1187.91 825.168
1184.04 827.224
1180.1 829.197
1176.14 831.23
1172.2 833.215
1168.07 834.579
1163.88 835.619
1159.92 837.453
1155.9 839.063
1151.87 840.464
1147.74 841.444
1143.54 840.778
1139.37 840.377
1135.46 838.664
1131.41 837.668
1127.41 836.64
1123.32 836.369
1119.34 835.239
1115.46 833.578
1111.21 833.296
1107.36 831.523
1103.5 829.841
1100.07 827.54
1096.52 825.59
1092.51 824.79
1089.07 822.599
1085.43 820.68
1081.6 819.112
1077.75 817.464
1074 815.526
1069.95 814.506
1065.76 814.057
1062.29 811.632
1058.5 809.78
1054.9 807.601
1050.91 806
1047.33 803.54
1043.56 801.499
1039.54 800.053
1035.26 799.382
1031.52 797.015
1027.54 795.524
1023.42 794.46
1019.6 792.667
1015.65 791.157
1011.93 789.127
1008.01 787.396
1005.53 784.363
1006.4 780.33
1007.16 776.327
1008.51 772.503
1009.49 768.596
1009.56 764.501
1011.34 760.701
1011.63 756.643
1012.63 752.675
1013.51 748.64
1013.6 744.459
1014.43 740.315
1014.55 736.151
1015.4 732.045
1015.5 727.963
1015.26 723.894
1014.54 719.839
1014.51 715.713
1013.51 711.735
1012.53 707.765
1012.51 703.713
1012.05 699.612
1012.78 695.696
1015.5 692.6
1018.34 689.579
1021.08 686.483
1023.35 683.082
1026.24 680.214
1028.47 676.771
1031.8 674.585
1035.65 673.508
1039.69 673.508
1043.75 673.494
1047.78 672.689
1051.75 671.794
1055.78 672.315
1059.79 672.555
1063.89 672.569
1067.9 673.474
1071.85 674.389
1075.86 675.36
1079.97 675.512
1083.98 676.537
1088.07 677.506
1092.16 678.437
1096.24 679.496
1100.39 680.206
1103.85 682.476
1107.11 685.109
1110.39 687.689
1113.42 690.679
1116.6 693.501
1119.71 696.378
1123.28 698.736
1126.7 701.319
1130.39 703.484
1134.18 705.448
1137.92 707.436
1141.97 708.582
1145.44 711.029
1148.88 713.363
1152.67 715.053
1154.48 718.555
1154.48 722.594
1153.54 726.665
1153.47 730.783
1152.47 734.802
1151.5 738.849
1150.44 742.899
1149.41 746.96
1148.5 751.065
1149.5 754.991
1152.65 757.416
1156.45 756.361
1159.33 753.325
1161.57 749.692
1164.25 746.29
1166.47 742.681
1167.52 738.486
1168.47 734.242
1169.47 730.031
1170.38 725.869
1173.3 723.227
1174.48 726.799
1174.5 730.842
1175.32 734.758
1176.48 738.519
1178.41 741.918
1180.55 745.301
1183.42 748.057
1187.19 749.526
1191.2 750.22
1195.27 749.491
1199.33 749.532
1202.47 751.998
1204.64 755.635
1206.49 759.446
1207.47 763.533
1207.4 767.778
1207.47 772.125
1206.47 776.318
1205.01 780.411
1203.5 784.542
1203.28 788.887
1203.41 793.214
1206.83 795.202
1210.91 793.687
1214.77 791.444
1218.13 788.579
1221.18 785.423
1223.55 781.801
1225.56 777.923
1227.37 773.931
1228.48 769.744
1229.44 765.565
1229.51 761.311
1229.51 757.04
1229.51 752.767
1229.3 748.497
1228.48 744.259
1227.5 740.027
1226.57 735.782
1225.49 731.587
1223.69 727.628
1222.47 723.529
1221.3 719.393
1219.16 715.608
1216.72 711.982
1214.12 708.508
1210.56 705.914
1206.89 703.451
1203.51 700.337
1199.56 698.027
1195.9 695.549
1192 693.467
1188.65 690.559
1184.78 688.461
1181.35 685.75
1177.97 683.031
1174.85 679.889
1171.45 677.124
1167.6 675.04
1164.55 671.711
1161.38 668.655
1157.73 666.073
1154.71 662.76
1151.35 659.817
1147.85 657.048
1144.06 654.569
1140.7 651.694
1137.42 648.843
1134.06 646.05
1131.37 642.483
1128.09 639.474
1124.26 637.485
1119.96 636.56
1115.92 635.284
1114.6 631.557
1116.61 627.815
1119.3 624.374
1121.49 620.71
1123.47 616.887
1125.33 612.995
1127.16 609.144
1128.55 605.192
1129.95 601.208
1131.48 597.241
1132.49 593.17
1133.51 589.099
1134.48 585.01
1134.52 580.888
1134.63 576.743
1135.46 572.629
1135.51 568.523
1135.43 564.435
1134.49 560.376
1133.48 556.343
1131.99 552.434
1130.28 548.66
1127.39 545.844
1123.67 544.311
1119.71 543.232
1116.02 541.53
1112.12 540.439
1108.42 539.055
1104.79 537.582
1101.06 536.413
1097.29 535.261
1093.57 533.718
1089.99 532.08
1089.49 528.12
1089.56 524.037
1089.61 519.902
1089.52 515.831
1089.45 511.792
1088.52 507.797
1087.55 503.816
1087.86 499.807
1088.51 495.779
1089.09 491.736
1089.5 487.7
1089.53 483.639
1090.5 479.624
1090.47 475.537
1089.53 471.505
1089.51 467.418
1089.36 463.347
1088.52 459.274
1088.5 455.148
1088.5 451.026
1088.33 446.909
1088.47 442.705
1088.52 438.536
1089.47 434.455
1090.5 430.423
1091.7 426.45
1093.39 422.616
1095.39 418.887
1097.37 415.208
1099.24 411.481
1101.54 408.094
1104.57 405.441
1108.09 403.385
1111.5 401.193
1115.14 399.326
1118.46 396.871
1121.79 394.448
1125.38 392.532
1129.32 391.473
1133.35 390.665
1137.39 391.48
1141.52 391.557
1145.61 392.474
1149.75 392.459
1153.9 392.521
1158.01 393.452
1162.12 393.505
1166.22 393.503
1170.32 393.509
1174.43 393.42
1178.49 392.525
1182.59 392.503
1186.69 392.487
1190.76 391.535
1194.92 391.48
1198.97 390.558
1202.95 389.63
1206.98 389.504
1211.01 389.508
1215.04 389.311
1219.01 388.5
1222.97 387.557
1227.01 387.504
1231.06 387.326
1235.02 386.537
1239.04 386.5
1243.09 386.506
1247.13 386.502
1251.18 386.51
1255.23 386.458
1259.3 385.842
1263.39 385.865
1267.5 386.061
1271.6 385.681
1275.7 385.749
1279.74 386.408
1283.77 386.505
1287.81 386.504
1291.85 386.5
1295.9 386.532
1299.93 387.201
1303.98 387.493
1308.02 387.499
1312.07 387.552
1316.07 388.499
1320.05 389.383
1324.16 389.541
1328.18 390.495
1332.2 391.418
1336.28 391.535
1340.23 392.49
1344.16 393.486
1348.08 394.302
1351.91 395.326
1355.84 395.915
1359.67 397.189
1363.72 397.517
1367.71 398.303
1371.65 399.414
1375.68 399.509
1379.72 399.711
1383.76 400.495
1387.87 400.511
1391.99 400.514
1396.12 400.483
1400.19 399.516
1404.32 398.85
1408.32 397.581
1412.36 396.296
1415.8 393.726
1419.58 391.677
1423.12 389.322
1425.87 386.195
1428.91 383.402
1431.54 380.346
1434.08 377.2
1435.99 373.648
1437.77 369.999
1439.47 366.29
1439.51 362.265
1439.06 358.254
1437.68 354.452
1435.63 351.045
1431.94 349.357
1428.16 347.985
1424.16 347.494
1420.11 347.42
1416.05 346.718
1411.93 346.39
1411.47 342.574
1413.13 338.74
1415.32 335.222
1419.03 333.516
1423.24 333.531
1427.51 333.686
1430.56 330.876
1433.24 327.535
1436.87 325.496
1440.57 323.54
1444.23 321.501
1447.65 319.033
1450.81 316.095
1453.57 312.73
1455.47 308.852
1455.52 304.5
1455.51 300.112
1455.11 295.779
1453.52 291.729
1452.19 287.599
1450.29 283.745
1447.62 280.404
1444.8 277.323
1441.8 274.39
1438.77 271.483
1435.01 269.408
1431.15 267.444
1427.59 264.904
1423.69 263.366
1419.91 261.527
1415.85 260.48
1411.77 259.499
1407.72 258.502
1403.69 257.573
1399.62 257.641
1395.53 258.444
1391.52 257.47
1387.5 256.528
1383.39 256.468
1379.36 255.514
1375.26 255.105
1371.12 254.504
1366.91 254.291
1362.8 253.36
1358.95 251.523
1354.89 250.515
1350.74 250.092
1346.89 248.565
1342.88 247.501
1338.87 246.564
1334.9 245.468
1331.26 243.483
1327.48 241.785
1323.41 241.237
1319.63 239.56
1315.63 239.549
1311.62 240.075
1309.07 236.604
1305.59 234.324
1301.96 232.18
1298.88 229.471
1295.63 226.956
1292.56 224.148
1289.18 221.813
1285.78 219.416
1282.68 216.641
1279.57 213.917
1277.23 210.521
1273.86 208.467
1269.97 207.479
1265.9 207.463
1261.81 207.626
1257.72 208.574
1253.71 208.113
1250.78 205.279
1248.27 201.847
1244.21 200.297
1240.57 198.147
1238.05 194.644
1234.84 191.887
1231.26 189.763
1227.06 189.034
1223.46 186.631
1219.55 185.234
1215.73 183.613
1211.79 182.686
1207.75 182.46
1203.72 181.948
1199.88 183.341
1195.9 183.691
1192.19 185.12
1188.28 185.555
1184.33 185.672
1180.85 187.579
1177.11 188.606
1173.21 189.39
1169.28 190.27
1165.35 190.217
1161.62 188.744
1157.75 188.087
1153.87 187.499
1150.13 186.34
1146.57 184.525
1142.64 184.477
1138.73 184.51
1135.05 186.039
1131.08 186.622
1128.19 189.312
1124.78 191.283
1121.05 192.47
1117.65 194.356
1114.21 196.182
1112.51 199.458
1112.49 203.396
1111.46 207.108
1109.58 210.482
1107.41 213.731
1103.57 214.514
1099.59 214.448
1095.69 213.271
1091.79 212.2
1087.83 211.391
1083.84 210.594
1079.79 210.497
1075.75 210.523
1071.68 210.536
1067.61 210.507
1063.56 210.599
1059.76 212.465
1055.6 212.526
1051.55 213.456
1047.47 213.936
1043.41 214.631
1039.46 216.017
1035.4 216.609
1031.78 218.528
1028.12 220.504
1024.43 222.5
1020.74 224.581
1017.18 226.917
1013.27 228.575
1009.54 230.603
1006.36 233.473
1002.94 236.03
1000.09 239.314
996.318 241.387
992.683 243.676
989.286 246.384
985.395 248.357
981.906 250.896
979.27 254.421
976.053 257.399
972.303 259.85
969.203 263.006
966.562 266.565
964.546 270.565
961.581 273.879
959.311 277.639
956.654 281.23
954.344 285.069
950.79 287.883
948.492 291.641
946.558 295.626
944.894 299.72
942.855 303.564
941.495 307.671
940.447 311.89
938.51 315.765
935.999 319.424
933.97 323.317
932.249 327.307
931.497 331.497
931.493 335.787
931.508 340.055
931.466 344.316
929.626 348.157
927.549 351.882
926.605 355.991
925.499 360.029
925.503 364.149
926.45 368.209
927.452 372.312
925.063 375.818
922.786 379.411
921.726 383.465
921.473 387.662
920.568 391.809
921.219 395.928
921.481 400.055
920.498 404.059
918.33 407.39
914.584 406.049
911.025 403.667
906.958 402.485
902.794 401.445
898.934 399.555
895.553 396.923
893.076 393.392
890.533 389.911
887.603 386.714
884.385 383.794
880.702 381.51
877.246 378.939
874.201 375.902
871.936 372.281
870.523 368.232
869.4 364.061
867.54 360.2
865.566 356.392
863.509 352.648
860.851 349.287
858.289 345.748
854.774 343.206
851.216 340.651
846.987 339.464
842.778 338.113
838.803 336.2
835.669 333.195
833.063 329.612
830.378 326.092
827.439 322.755
824.45 319.441
821.135 316.501
817.175 314.482
813.157 312.543
808.934 311.177
805.327 308.6
802.28 305.35
799.629 301.754
797.397 297.89
794.684 294.368
791.797 291.025
789.147 287.525
786.026 284.454
782.801 281.486
778.861 279.505
774.535 278.495
770.225 277.547
765.975 278.478
761.705 279.482
757.347 279.494
753.131 278.452
749.243 276.426
745.739 273.764
742.049 271.414
738.505 268.967
734.622 267.185
730.655 265.519
726.444 265.513
722.297 266.587
718.403 268.469
714.23 269.597
710.025 270.371
706.237 268.478
702.521 266.447
698.686 264.639
694.655 263.507
690.554 263.852
686.784 265.675
683.032 267.543
679.238 269.313
675.639 271.707
672.436 274.733
668.337 275.465
664.1 274.412
659.91 273.36
655.921 271.653
651.87 270.561
647.796 271.667
644.089 273.902
640.052 275.417
635.869 276.452
631.809 277.66
629.295 281.13
626.392 284.179
623.367 287.063
619.314 287.504
615.161 287.507
611.166 288.5
607.344 290.167
603.351 291.435
599.658 293.502
596.318 296.19
593.413 299.312
591.5 303.133
590.137 307.172
589.471 311.402
588.009 315.422
586.175 319.264
583.097 322.087
578.982 323.408
575.053 325.063
571.143 326.872
567.513 329.186
563.953 331.52
562.431 335.357
561.507 339.483
561.375 343.731
560.514 347.918
560.485 352.159
559.895 356.34
558.526 360.294
556.352 363.854
552.344 365.196
548.434 366.812
544.641 368.555
541.309 371.076
538.261 373.999
535.696 377.337
534.481 381.353
533.513 385.424
533.496 389.613
533.191 393.763
531.465 397.564
529.228 401.067
525.94 403.346
522.028 404.518
518.558 406.494
516 409.551
514.802 413.39
514.5 417.401
514.385 421.441
512.584 425.059
510.293 428.431
507.724 431.659
504.896 434.683
501.254 436.63
497.528 438.413
495.272 441.733
493.719 445.53
492.013 449.186
488.794 451.793
485.829 454.59
482.199 456.533
479.475 459.404
478.468 463.362
477.53 467.345
477.499 471.371
477.485 475.384
476.536 479.286
475.498 483.131
473.391 486.408
470.163 488.329
465.953 487.243
462.689 488.762
460.701 492.448
457.331 494.283
453.639 495.54
449.876 496.378
446.364 493.555
442.284 493.546
438.106 493.513
433.896 493.516
429.719 493.506
425.694 494.579
421.898 496.575
417.879 496.022
413.928 494.518
409.778 494.18
405.705 495.239
401.969 497.258
398.05 498.72
394.623 501.355
390.699 502.48
386.87 500.925
383.545 498.169
380.128 495.504
376.016 494.279
371.888 493.394
367.822 494.038
363.97 495.483
360.243 497.162
356.831 499.519
353.231 501.48
349.242 501.3
345.76 499.158
343.224 495.695
339.711 493.506
335.64 492.493
331.441 492.533
327.336 493.654
323.298 495.248
319.268 494.389
315.6 492.065
311.658 490.492
307.563 489.517
303.458 490.398
299.403 491.488
295.547 490.357
292.469 487.548
289.468 484.667
285.573 483.411
281.555 482.378
277.449 481.592
273.315 483.29
269.332 482.419
265.89 480.08
263.141 476.632
259.46 474.44
255.377 472.984
251.185 471.716
246.821 471.49
242.629 470.504
238.811 468.53
235.439 465.687
231.746 463.244
228.154 460.61
224.082 458.856
219.893 457.381
215.847 455.48
211.859 453.486
207.967 451.334
205.129 447.896
201.811 445.158
198.647 442.165
195.284 439.353
191.912 436.525
188.521 433.811
185.281 430.952
181.854 428.364
178.654 425.457
175.732 422.209
173.426 418.592
171.334 414.834
168.573 411.529
166.439 407.778
164.459 403.892
162.233 400.164
160.017 396.477
157.618 392.976
155.507 389.369
154.39 385.316
153.426 381.193
151.634 377.279
151.471 373.059
150.507 368.95
150.484 364.795
151.572 360.807
153.45 357.078
155.731 353.669
159.27 351.453
163.007 349.448
166.776 347.567
170.679 345.95
174.78 345.5
178.911 345.499
183.038 345.501
187.162 345.499
191.276 345.643
195.333 346.522
199.401 347.466
203.573 347.509
207.658 348.264
211.691 349.102
215.801 349.525
219.832 350.478
223.819 351.523
227.637 353.142
231.586 354.561
235.695 355.518
239.787 356.566
243.897 357.681
248.116 358.533
252.36 359.492
256.687 359.52
260.963 359.291
263.744 356.095
265.518 352.047
266.498 347.732
265.673 343.444
263.247 339.826
259.421 337.692
255.456 335.729
251.668 333.442
247.701 331.457
243.749 329.496
239.792 327.547
235.845 325.581
231.929 323.612
227.755 322.135
223.893 320.03
219.931 318.542
216.011 317.022
212.146 315.592
208.21 314.515
204.259 313.503
200.294 312.623
196.373 311.384
192.33 310.486
188.247 309.729
184.136 309.492
180.011 309.483
175.894 309.486
171.783 309.489
167.678 309.521
163.609 310.173
159.474 310.49
155.468 311.524
151.407 312.424
147.506 313.602
144.252 316.432
139.891 316.661
136.707 319.351
132.849 320.686
130.296 324.051
126.608 325.52
122.704 326.748
119.519 329.151
117.012 332.324
114.773 335.732
112.455 339.042
110.505 342.548
108.706 346.089
107.638 349.896
106.709 353.759
107.131 357.76
106.521 361.78
106.361 365.836
105.511 369.851
105.492 373.937
105.49 378.011
105.493 382.092
105.473 386.166
105.473 390.265
105.482 394.331
105.483 398.404
105.493 402.464
105.546 406.515
106.787 410.394
107.699 414.353
108.509 418.366
109.626 422.328
111.492 426.067
113.272 429.861
115.105 433.674
116.456 437.644
117.938 441.527
119.546 445.355
122.15 448.685
123.654 452.605
125.741 456.273
127.642 460.119
130.18 463.621
131.934 467.549
133.822 471.473
136.532 475.044
138.503 479.059
141.182 482.546
143.508 486.214
146.206 489.568
149.126 492.842
151.185 496.693
153.87 500.057
156.924 502.947
159.502 506.292
162.494 509.228
165.428 512.228
168.263 515.378
170.96 518.617
173.837 521.595
176.853 524.456
179.846 527.333
182.949 530.081
185.781 533.186
189.213 535.664
192.433 538.537
196.139 540.778
199.614 543.329
202.74 546.395
206.503 548.555
210.368 550.536
213.732 553.344
217.438 555.691
221.094 558.121
224.811 560.372
228.419 562.77
231.875 565.391
235.742 567.452
239.636 569.502
243.289 571.796
246.841 574.143
250.589 576.144
254.548 577.746
257.93 580.453
261.68 582.482
265.256 584.784
269.096 586.677
272.289 589.542
275.821 592.247
279.512 594.679
282.864 597.525
286.651 599.722
290.044 602.523
293.48 605.315
297.012 607.916
300.087 611.07
303.728 613.398
307.356 615.794
310.829 618.428
314.566 620.688
318.086 623.24
322.095 624.85
325.465 627.451
329.083 629.632
332.486 632.14
335.832 634.809
339.679 636.776
343.329 639.103
346.463 642.165
350.183 644.285
353.904 646.377
357.203 649.038
360.525 651.686
364.335 653.748
367.818 656.459
371.656 658.826
375.47 661.301
379.813 662.619
383.155 665.662
386.65 668.271
390.439 670.527
394.244 672.703
397.742 675.34
401.642 677.415
405.226 679.949
408.927 682.531
412.511 685.119
416.171 687.558
420.149 689.606
424.123 691.77
427.443 694.797
431.343 696.794
434.917 699.172
438.424 701.504
442.067 703.645
445.509 706.062
449.427 707.702
453.112 709.831
456.403 712.557
460.268 714.513
463.695 717.163
467.374 719.437
471.169 721.468
474.883 723.588
478.656 725.581
482.47 727.545
486.286 729.556
490.021 731.664
493.596 733.946
497.366 735.894
501.187 737.842
504.75 740.194
508.556 742.066
512.514 743.733
516.426 745.488
520.317 747.176
524.295 748.621
528.167 750.349
532.271 751.609
536.191 753.559
540.121 755.436
544.462 756.353
546.435 759.903
546.477 764.231
547.354 768.378
548.254 772.496
548.488 776.64
548.504 780.786
549.541 784.819
550.785 788.811
551.527 792.912
552.428 797.031
552.551 801.194
553.484 805.284
554.478 809.337
555.612 813.335
556.469 817.429
557.464 821.514
558.51 825.559
559.595 829.615
561.38 833.581
561.534 837.841
562.339 842.038
562.792 846.226
563.53 850.405
563.556 854.711
563.26 858.894
559.658 861.182
556.019 863.579
553.201 866.799
550.315 869.978
546.873 872.658
543.645 875.532
540.538 878.532
536.974 880.925
533.658 883.581
530.378 886.327
527.163 889.171
523.755 891.8
521.161 895.297
517.596 897.75
514.196 900.466
511.038 903.418
507.671 906.281
504.119 908.936
500.519 911.449
496.905 913.849
493.526 916.605
490.165 919.357
486.529 921.754
483.97 925.368
480.921 928.532
477.682 931.421
474.704 934.563
473.409 938.735
471.932 942.87
470.687 946.996
469.476 951.113
468.641 955.307
469.434 959.562
469.49 963.779
469.487 967.997
469.487 972.218
469.693 976.43
470.418 980.657
470.6 984.938
471.446 989.186
471.533 993.489
472.476 997.728
472.512 1002.04
473.467 1006.26
474.475 1010.42
475.423 1014.56
476.449 1018.6
477.405 1022.61
478.34 1026.53
479.443 1030.33
479.587 1034.31
480.942 1038.09
481.527 1042.1
482.691 1046.02
483.488 1050.12
484.41 1054.18
485.517 1058.12
486.501 1062.11
487.455 1066.12
487.526 1070.2
488.555 1074.14
489.475 1078.15
489.5 1082.24
489.498 1086.34
489.49 1090.44
489.488 1094.56
489.485 1098.69
489.487 1102.83
489.494 1106.97
489.494 1111.11
489.491 1115.25
489.763 1119.4
491.148 1123.31
493.496 1126.83
495.865 1130.29
499.414 1132.81
502.711 1135.57
505.861 1138.44
509.56 1140.43
513.787 1141.41
517.549 1143.4
521.266 1145.51
525.024 1147.48
529.171 1148.54
533.355 1149.26
537.157 1151.06
540.614 1153.5
544.024 1155.98
547.676 1158.18
551.259 1160.46
554.889 1162.56
558.918 1163.75
562.965 1164.99
566.445 1167.39
569.876 1169.82
573.505 1171.8
577.229 1173.72
581.022 1175.58
584.756 1177.69
588.971 1178.63
592.615 1180.95
596.243 1183.19
599.596 1185.77
602.952 1188.35
606.939 1189.68
611.109 1190.6
615.235 1191.7
618.979 1193.59
622.692 1195.54
626.653 1196.54
630.754 1196.46
634.829 1195.22
639.024 1194.75
643.273 1194.83
647.421 1194.02
651.489 1192.8
655.486 1193.46
658.757 1195.98
661.464 1199.2
664.731 1201.77
667.611 1204.74
670.682 1207.52
673.867 1210.09
677.047 1212.67
679.697 1215.88

