CONTOUR

1

1397

703.443 1293.11
707.428 1292.53
711.472 1292.5
715.442 1291.68
719.431 1291.51
723.433 1291.6
727.458 1291.59
731.429 1291.6
735.429 1292.22
739.38 1291.52
743.366 1290.92
747.397 1291.5
751.382 1291.45
755.414 1291.12
759.396 1291.5
763.406 1291.5
767.413 1291.52
771.439 1291.68
775.441 1291.53
779.437 1291.53
783.434 1291.5
787.386 1290.78
791.346 1291.49
795.302 1291.51
799.255 1291.36
803.278 1291.48
807.234 1290.71
811.24 1290.56
815.256 1290.65
819.291 1290.62
823.26 1290.53
827.249 1290.54
831.227 1290.53
835.179 1290.53
839.131 1290.57
843.06 1291.38
846.938 1290.57
850.853 1290.49
854.769 1290.2
858.653 1289.54
862.561 1289.38
866.393 1288.52
870.223 1287.56
874.049 1286.72
877.641 1285.15
881.227 1283.43
884.277 1280.84
887.103 1277.96
890.566 1275.99
894.626 1276.05
898.664 1276.23
902.716 1276.52
906.678 1277.43
910.643 1278.29
914.713 1278.42
918.795 1278.39
922.88 1278.66
926.991 1278.78
931.119 1278.9
935.183 1279.6
938.99 1281.49
942.967 1281.48
946.376 1279.54
948.225 1276.04
948.577 1271.91
949.406 1267.81
948.568 1263.81
947.401 1259.92
945.205 1256.51
942.647 1253.21
939.535 1250.35
936.527 1247.37
933.745 1244.14
930.711 1241.17
927.63 1238.26
924.498 1235.46
924.435 1231.62
928.366 1231.39
932.547 1232.14
936.704 1231.51
940.754 1230.42
944.237 1228.22
945.499 1224.4
945.522 1220.26
945.526 1216.11
945.506 1211.95
944.585 1207.92
942.734 1204.19
940.616 1200.54
937.854 1197.37
934.844 1194.39
931.467 1191.76
927.779 1189.52
923.951 1187.52
919.939 1185.75
915.777 1184.54
911.552 1183.5
907.298 1182.52
902.988 1182.49
898.677 1182.49
894.359 1182.51
890.106 1182.29
887.523 1179.02
886.504 1174.8
885.382 1170.64
883.393 1166.81
880.775 1163.41
877.789 1160.28
874.703 1157.3
871.499 1154.45
867.994 1151.94
864.361 1149.68
860.279 1148.47
856.14 1147.5
851.879 1147.48
847.614 1147.5
843.399 1148.02
839.215 1148.58
835.1 1149.81
831.058 1151.44
827.1 1153.31
823.237 1155.39
818.92 1155.5
814.628 1155.79
811.201 1158.41
807.78 1161.15
803.701 1162.5
799.94 1164.38
796.369 1166.46
792.356 1167.55
788.715 1169.51
784.827 1170.54
780.958 1170.1
778.581 1167.16
778.849 1163.12
779.477 1159.09
779.513 1155.06
779.505 1151.04
779.896 1147.07
782.042 1143.46
783.475 1139.49
783.533 1135.15
785.313 1131.36
788.251 1128.16
790.514 1124.45
794.213 1122.14
797.137 1119.11
799.828 1115.88
803.86 1114.33
807.202 1111.68
810.601 1109.21
814.363 1107.39
818.36 1106.2
822.105 1104.26
824.88 1100.83
828.506 1098.47
831.859 1095.66
835.959 1094.43
840.163 1093.51
844.363 1092.49
848.132 1090.34
851.571 1087.68
855.377 1085.76
859.46 1084.52
863.486 1083.21
866.937 1080.75
870.364 1078.26
872.722 1074.69
875.62 1071.59
879.632 1070.01
883.567 1068.28
886.943 1065.54
891.119 1064.58
895.267 1063.41
899.093 1061.55
902.835 1059.54
906.064 1056.99
907.527 1053.15
908.648 1049.12
909.464 1044.99
908.357 1040.94
906.513 1037.11
904.208 1033.58
901.255 1030.54
897.843 1028.06
894.314 1025.78
890.374 1024.25
886.455 1022.6
882.107 1022.35
879.703 1019.35
882.178 1015.8
884.451 1012.14
885.601 1007.96
887.609 1004.22
889.873 1000.65
891.465 996.797
891.513 992.576
893.022 988.687
893.556 984.789
893.617 980.756
894.535 976.771
894.683 972.657
894.782 968.538
895.183 964.432
895.012 960.312
895.265 956.17
894.666 952.032
895.315 947.918
895.5 943.817
895.498 939.731
895.507 935.696
895.503 931.671
894.989 927.689
894.511 923.846
894.506 919.973
894.401 916.089
893.525 912.221
893.506 908.297
893.465 904.369
892.536 900.451
892.507 896.505
892.514 892.56
892.514 888.613
892.336 884.681
891.42 880.822
890.287 876.95
890.497 872.897
891.405 868.909
890.474 864.996
889.555 861.021
889.525 856.891
888.548 852.948
887.657 849.023
887.803 844.977
887.706 840.898
887.638 836.774
887.24 832.702
887.493 828.522
886.585 824.461
885.569 820.415
887.103 816.44
887.541 812.398
887.488 808.233
886.531 804.114
887.447 799.998
887.434 795.91
886.586 791.75
887.461 787.549
887.518 783.351
887.551 779.156
889.285 775.365
891.756 771.992
895.196 769.659
898.405 767.161
901.499 764.387
904.622 761.662
908 759.286
911.186 756.619
914.378 754.1
917.225 751.126
920.401 748.243
923.747 745.569
927.36 743.215
930.703 740.414
934.124 737.76
937.6 735.454
941.038 733.113
943.985 730.1
947.539 727.603
951.215 725.337
954.512 722.578
957.824 719.818
961.13 717.163
964.389 714.33
967.724 711.579
971.079 708.92
974.393 706.239
977.53 703.4
980.776 700.692
983.888 697.828
987.331 695.226
990.211 691.885
993.704 689.509
997.693 688.498
1000.63 691.152
1001.48 695.307
1001.51 699.633
1002.45 703.889
1003.32 708.121
1003.49 712.39
1003.49 716.673
1003.48 720.959
1003.51 725.191
1004.65 729.16
1008.25 730.526
1011.54 728.085
1013.93 724.739
1015.45 720.915
1016.59 717.021
1017.51 713.064
1018.49 709.068
1019.43 705.119
1019.51 701.156
1019.51 697.188
1019.55 693.217
1019.69 689.219
1019.5 685.222
1019.59 681.305
1023.08 680.272
1025.63 683.229
1028.43 685.935
1031.55 688.172
1035.11 689.496
1038.91 689.71
1042.88 689.478
1046.75 687.746
1049.51 690.454
1051.61 693.934
1053.57 697.42
1055.4 701.014
1056.54 704.861
1057.19 708.869
1056.49 712.877
1055.48 716.902
1054.5 720.977
1054.82 724.958
1057.63 727.445
1061.92 726.489
1065.64 727.61
1067.53 731.177
1068.51 735.246
1069.88 739.215
1071.39 743.175
1071.51 747.373
1072.61 751.341
1074.35 755.11
1076.41 758.767
1077.56 762.742
1079.74 766.239
1081.47 769.951
1083.1 773.642
1084.52 777.331
1085.81 781.091
1088.53 784.143
1090.51 787.761
1092.62 791.31
1095.4 794.483
1096.83 798.391
1099.31 801.731
1101.98 804.93
1104.61 808.202
1108.12 810.585
1111.66 813.014
1115.67 814.328
1119.74 815.332
1123.96 815.501
1128.21 815.44
1132.42 815.49
1136.59 815.493
1140.79 815.497
1144.85 816.478
1148.96 816.508
1153.08 816.472
1157.21 815.544
1161.41 815.771
1165.53 815.517
1169.65 815.445
1173.73 814.506
1177.81 813.635
1181.95 813.502
1185.94 812.517
1189.9 811.471
1193.75 809.967
1197.65 808.666
1201.56 807.511
1205.36 806.141
1209.04 804.517
1212.91 803.498
1216.78 802.501
1220.68 801.425
1224.62 800.455
1228.61 799.483
1232.66 798.51
1236.7 797.538
1240.82 797.503
1244.9 797.448
1248.97 796.538
1252.82 797.535
1255.73 800.432
1258.3 803.721
1260.83 807.071
1263.86 809.925
1266.87 812.925
1269.87 815.965
1273.2 818.586
1276.41 821.276
1279.95 823.446
1283.61 825.596
1287.36 827.651
1290.48 830.59
1291.49 834.741
1291.56 839.172
1293.39 843.211
1295.45 847.155
1297.56 851.021
1300.56 854.231
1303.76 857.206
1307.39 859.456
1311.56 860.496
1315.66 861.658
1317.77 865.624
1321.06 868.498
1325.36 869.51
1329.82 869.519
1334.22 868.718
1338.44 867.558
1342.19 865.388
1345.2 862.351
1346.53 858.36
1346.13 854.162
1343.93 850.523
1340.82 847.482
1338.2 844.07
1336.52 840.148
1335.39 835.944
1333.09 832.264
1330.47 828.786
1327.36 825.725
1324.26 822.588
1321.68 819.041
1319.57 815.169
1317.52 811.257
1315.47 807.34
1313.67 803.302
1314.17 799.07
1316.41 795.57
1320.67 795.502
1324.97 795.503
1329.12 794.477
1333.22 793.093
1336.89 790.584
1340.74 788.469
1343.67 785.183
1346.82 782.014
1350.18 779.008
1353.33 775.722
1357.83 776.504
1362.24 776.425
1365.75 773.639
1369.09 770.701
1372.05 767.489
1373.69 763.605
1373.56 759.443
1371.44 755.844
1368 753.431
1364.14 751.824
1360.01 751.496
1355.83 751.492
1351.66 751.501
1347.51 751.44
1343.81 749.382
1340.22 747.498
1336.32 746.51
1332.33 746.472
1328.32 746.591
1324.41 747.5
1320.47 748.51
1316.67 749.883
1312.98 751.571
1309.44 753.688
1305.73 755.508
1301.72 756.19
1298.14 754.348
1295.62 751.091
1294.43 747.016
1292.64 743.208
1292.43 739.029
1291.24 734.977
1290.46 730.768
1289.55 726.546
1290.37 722.308
1290.6 718.044
1291.94 714.023
1293.73 710.118
1295.45 706.223
1295.55 701.96
1296.54 697.824
1297.51 693.647
1297.61 689.397
1296.48 685.377
1295.13 681.4
1294.5 677.162
1293.53 672.974
1291.62 669.191
1289.13 665.786
1285.21 664.442
1280.99 664.541
1277.26 666.593
1274.01 669.416
1271.03 672.445
1267.6 674.863
1264.58 677.653
1263.5 681.609
1263.35 685.89
1260.77 689.427
1258.54 693.184
1257.68 697.461
1257.52 701.806
1258.48 706.058
1259.52 710.277
1259.49 714.624
1258.57 718.911
1257.41 723.125
1255.38 727.027
1253.13 730.684
1251.42 734.621
1249.38 738.35
1247.59 742.222
1246.51 746.335
1243.96 749.503
1240.36 751.449
1236.15 751.523
1232.04 752.413
1227.96 752.431
1223.89 751.513
1219.73 751.367
1215.6 750.549
1211.58 749.56
1207.52 749.488
1203.45 749.486
1199.38 749.49
1195.31 749.482
1191.32 748.722
1187.36 747.701
1183.43 746.781
1179.57 745.568
1175.6 745.492
1171.62 745.423
1167.62 744.724
1163.59 744.499
1159.69 743.534
1155.73 743.481
1151.77 743.37
1147.79 743.482
1143.81 743.501
1139.87 743.469
1137.57 740.676
1137.92 736.494
1135.96 732.942
1134.19 729.452
1132.46 725.915
1131.7 722.039
1131.49 718.098
1130.53 714.23
1130.55 710.339
1131.11 706.396
1130.5 702.489
1129.65 698.589
1127.66 695.101
1126.37 691.234
1124.95 687.315
1123.59 683.322
1121.41 679.721
1119.41 675.974
1117.03 672.49
1114.14 669.337
1111.78 665.907
1110.69 661.97
1110.43 657.928
1111.38 653.91
1111.51 649.927
1111.5 645.94
1111.61 641.902
1112.5 637.828
1112.78 633.697
1113.49 629.542
1112.57 625.405
1112.5 621.233
1111.45 617.192
1110.54 613.062
1111.46 608.764
1110.36 604.727
1108.61 600.894
1108.54 596.849
1110.25 592.963
1111.47 588.964
1113.26 585.261
1115.35 581.742
1116.69 577.902
1117.58 573.898
1118.61 569.83
1119.69 565.733
1121.74 561.891
1123.5 557.911
1124.5 553.693
1125.46 549.47
1125.56 545.197
1125.73 540.869
1126.5 536.581
1127.42 532.345
1127.51 528.094
1127.05 523.89
1124.57 520.399
1121.48 517.368
1118.13 514.589
1114.37 512.327
1110.79 509.802
1107.1 507.532
1103.51 505.187
1101.69 501.44
1101.5 497.182
1100.56 493.041
1099.54 488.972
1098.5 484.958
1096.64 481.228
1095.5 477.27
1093.79 473.528
1091.65 470.027
1089.58 466.491
1088.72 462.554
1088.49 458.495
1087.63 454.476
1087.5 450.453
1087.51 446.41
1087.43 442.357
1086.53 438.331
1086.48 434.218
1085.53 430.157
1085.5 426.043
1085.5 421.931
1085.48 417.779
1085.5 413.646
1085.51 409.504
1086.22 405.401
1086.62 401.279
1087.5 397.166
1088.39 393.055
1089.53 388.945
1090.7 384.823
1091.95 380.709
1093.56 376.652
1095.87 372.869
1097.76 368.883
1100.4 365.289
1103.36 361.904
1105.59 358.071
1108.57 354.936
1111.58 351.804
1113.76 348.056
1116.53 344.716
1119.67 341.729
1123.31 339.457
1127.14 337.412
1130.92 335.461
1135.1 334.503
1139.3 333.683
1143.49 332.943
1147.55 331.497
1151.71 330.49
1155.88 329.505
1160.02 328.358
1164.01 326.724
1168.28 326.32
1172.11 324.508
1176.16 323.385
1179.93 321.531
1183.7 319.723
1187.43 317.838
1191.23 316.291
1194.47 313.778
1197.85 311.551
1201.36 309.477
1204.79 307.332
1208.31 305.222
1212.09 303.401
1215.84 301.502
1219.54 299.483
1223.26 297.528
1227.06 295.589
1231.09 294.381
1234.86 292.538
1238.93 291.44
1242.73 289.619
1246.69 288.427
1250.37 286.569
1254.31 285.279
1258.11 283.54
1262.12 282.485
1265.89 280.732
1269.82 279.498
1273.82 278.482
1277.86 277.496
1281.92 276.478
1286.02 275.507
1290.2 275.046
1294.36 274.454
1298.49 273.509
1302.65 272.651
1306.83 272.508
1311.01 272.466
1315.19 271.552
1319.43 271.461
1323.57 270.505
1327.73 269.529
1331.91 268.846
1335.94 267.633
1340.08 266.543
1343.89 264.673
1347.69 262.542
1350.9 259.618
1354.07 256.616
1357.04 253.462
1359.61 250.092
1362.24 246.647
1364.82 243.259
1366.81 239.478
1368.25 235.434
1369.48 231.334
1369.31 227.164
1367.68 223.159
1366.4 218.981
1363.61 215.796
1359.87 213.686
1356.17 211.584
1353.61 208.5
1356.27 205.652
1359.59 203.303
1362.9 200.857
1365.86 197.887
1369.16 195.312
1371.58 192.054
1373.79 188.747
1376.11 185.469
1378.44 181.971
1379.79 177.923
1381.39 174.002
1381.53 169.825
1381.47 165.602
1380.52 161.476
1379.44 157.402
1377.53 153.632
1375.68 149.809
1373.46 146.354
1370.65 143.329
1367.54 140.475
1363.87 138.366
1360.06 136.533
1355.9 135.678
1351.93 134.114
1347.98 132.642
1343.81 132.216
1339.69 131.501
1335.56 130.938
1331.45 130.476
1327.35 130.479
1323.28 130.764
1319.29 131.593
1315.6 133.609
1311.51 134.401
1307.48 135.427
1303.42 135.902
1299.39 136.457
1295.42 137.484
1291.32 137.771
1287.31 138.627
1283.27 139.482
1279.16 139.848
1275.02 140.534
1270.88 140.141
1266.72 139.559
1262.55 139.492
1258.36 139.498
1254.18 139.522
1249.99 139.318
1245.88 138.417
1241.98 136.711
1237.85 135.786
1234.14 133.746
1230.15 132.357
1226.92 129.654
1223.52 127.3
1219.85 125.381
1215.85 124.276
1211.67 124.466
1207.57 125.26
1203.62 126.698
1200.2 129.384
1196.16 130.802
1191.94 130.279
1188.18 127.969
1184.6 125.528
1180.4 124.432
1176.26 123.173
1172.88 120.342
1169.02 118.619
1164.73 118.457
1160.43 118.463
1156.1 118.454
1151.79 117.511
1147.64 118.411
1143.83 120.415
1140.2 122.768
1136.36 124.738
1132.39 126.485
1128.85 129.005
1126.33 132.68
1122.61 134.917
1118.53 136.396
1114.13 136.56
1109.82 137.377
1105.5 137.452
1101.23 136.641
1096.99 136.53
1092.88 137.527
1089.39 139.829
1087.2 143.401
1086.33 147.625
1083.82 151.036
1080.7 153.978
1078.36 157.487
1077.18 161.565
1076.07 165.723
1075.44 170.064
1072.25 172.817
1067.99 173.992
1063.84 175.478
1060.09 177.701
1056.72 180.606
1052.56 181.852
1048.29 182.786
1044.21 184.366
1040.31 186.302
1036.72 188.687
1033.53 191.674
1030.26 194.58
1026.54 196.946
1023.24 199.86
1020.37 203.336
1016.41 205.391
1012.48 207.472
1008.97 210.147
1006.09 213.466
1003.8 217.27
1001.16 220.778
998.754 224.441
996.22 227.981
993.687 231.561
991.538 235.372
988.772 238.704
986.027 242.034
984.091 245.918
982.191 249.771
981.688 254.101
980.39 258.028
976.637 260.273
974.275 263.744
971.99 267.383
969.682 271.001
968.51 274.975
969.246 279.338
966.728 282.511
963.312 285.006
961.255 288.7
958.611 291.963
956.602 295.628
955.348 299.606
954.488 303.731
955.368 308.014
954.337 312.029
952.665 315.844
949.605 318.931
948.375 322.859
947.406 326.873
946.488 330.926
947.39 334.956
948.461 338.898
947.459 342.554
943.86 344.79
942.128 348.332
941.299 352.254
940.332 356.163
939.509 360.15
940.459 364.136
941.349 368.086
938.907 371.647
938.097 375.561
937.417 379.581
936.426 383.593
935.587 387.65
936.543 391.662
937.462 395.678
935.742 399.449
934.256 403.286
933.501 407.307
933.469 411.416
932.87 415.442
930.411 418.454
926.366 418.52
922.309 418.421
919.26 415.666
916.385 412.639
913.386 409.726
909.88 407.483
906.171 405.506
903.203 402.614
901.508 398.784
900.561 394.675
899.614 390.62
898.314 386.67
895.815 383.319
893.388 379.949
890.211 377.342
886.504 375.46
882.392 374.429
878.19 373.526
873.836 373.307
870.458 370.671
867.612 367.367
864.433 364.297
860.886 361.759
857.121 359.672
853.06 358.488
848.901 357.545
845.471 355.236
843.107 351.67
840.109 348.653
837.332 345.595
834.424 342.661
830.931 340.408
827.189 338.531
823.296 336.901
819.224 335.6
815.016 335.494
810.951 336.447
807.518 339.118
803.648 340.614
799.56 341.483
795.468 340.553
791.414 339.255
787.447 337.46
783.197 336.429
778.857 335.523
774.644 336.476
771.254 339.317
767.931 342.261
764.745 345.336
760.69 346.528
756.335 346.458
751.985 345.496
747.632 345.511
743.607 347.311
739.851 349.524
735.956 351.494
732.627 354.191
730.406 357.895
727.516 361.066
724.663 364.204
720.817 365.507
716.857 366.373
712.862 366.495
708.858 366.577
705.448 368.762
702.194 371.214
698.699 373.24
695.118 375.046
690.964 375.6
687.634 377.924
685.726 381.725
683.935 385.608
682.099 389.433
679.527 392.766
675.746 394.49
671.759 395.846
668.391 398.444
664.551 400.223
660.565 401.561
657.481 404.322
654.823 407.54
652.422 411.079
650.615 414.975
649.412 419.079
648.436 423.272
647.142 427.465
645.559 431.676
644.669 436.049
642.007 439.417
637.931 441.259
634.651 444.122
631.443 447.079
628.131 449.844
625.392 453.067
623.494 456.845
622.383 460.985
621.473 465.212
620.542 469.489
620.493 473.816
620.496 478.146
620.496 482.483
620.521 486.832
620.205 491.139
617.385 494.296
613.765 496.85
610.416 499.793
607.351 503.131
604.255 506.338
601.547 509.875
599.601 513.87
598.526 518.072
598.391 522.357
597.964 526.679
597.673 531.022
597.291 535.297
595.368 539.142
592.619 542.54
589.215 545.361
585.5 547.767
582.487 550.882
581.346 555.145
580.533 559.538
580.488 563.967
580.473 568.408
579.59 572.757
577.993 576.825
575.143 580.135
571.758 583.049
568.212 585.572
565.579 588.839
564.368 592.865
563.504 597.078
563.476 601.414
562.441 605.623
560.482 609.497
557.208 612.466
553.9 615.426
551.491 619.076
550.494 623.317
550.484 627.696
550.499 632.078
550.316 636.442
548.755 640.63
547.408 644.926
545.36 648.919
542.351 652.231
539.209 655.37
535.649 658.029
532.547 661.133
529.39 664.212
525.554 666.551
522.159 669.524
517.881 670.86
513.801 672.541
509.819 674.402
506.521 677.439
502.624 679.457
498.278 680.401
494.324 682.324
490.577 684.56
487.621 687.767
484.975 691.332
481.048 692.424
476.749 691.498
472.472 691.5
468.478 693.113
464.851 695.614
461.589 698.706
458.871 702.317
455.632 705.158
451.38 703.735
447.15 703.116
443.022 703.652
439.587 706.404
435.823 708.407
431.561 708.493
427.425 709.235
423.58 711.212
419.568 711.306
415.623 709.523
411.457 709.453
407.291 709.551
403.347 711.433
399.259 711.379
395.48 709.513
391.476 708.608
387.378 708.67
383.285 709.461
379.261 709.177
375.552 707.258
371.725 705.477
367.642 704.393
363.46 703.537
359.211 703.475
355.094 702.511
351.191 700.882
347.393 698.901
343.546 697.057
339.892 694.743
336.082 692.852
332.292 691.087
328.719 688.787
324.828 687.262
320.978 685.412
317.045 683.529
313.146 681.58
309.392 679.481
305.623 677.396
301.987 675.066
298.488 672.356
295.153 669.385
291.736 666.464
288.266 663.576
284.34 661.455
280.365 659.401
277.754 655.767
274.459 652.816
271.437 649.634
268.339 646.45
265.092 643.362
262.361 639.846
258.781 637.254
255.53 634.327
253.014 630.667
249.838 627.547
247.495 623.874
244.478 620.764
241.1 618.061
239.288 614.307
240.546 610.472
244.826 609.644
249.179 609.123
252.96 607.155
255.738 603.827
257.503 599.716
257.51 595.292
255.657 591.239
252.55 587.946
248.845 585.556
244.808 583.671
240.903 581.665
236.951 579.848
232.772 578.78
228.679 577.532
224.595 576.479
220.526 575.536
216.402 575.485
212.275 575.545
208.27 576.62
204.912 579.22
201.299 581.403
197.656 583.473
194.875 586.573
192.419 589.929
189.423 592.912
187.927 596.885
186.478 600.925
186.421 605.289
186.461 609.573
186.382 613.859
186.474 618.19
186.504 622.516
187.639 626.684
189.466 630.687
190.56 634.965
192.382 639.053
193.644 643.311
196.288 646.993
197.578 651.265
199.648 655.176
202.483 658.59
204.519 662.563
207.363 665.968
209.897 669.43
212.53 672.824
215.277 676.094
217.811 679.583
219.531 683.524
221.977 687.044
224.279 690.665
226.593 694.299
229.515 697.496
232.301 700.826
234.828 704.387
237.935 707.451
241.064 710.559
244.335 713.465
247.389 716.553
250.378 719.691
253.258 723.024
256.297 726.256
259.152 729.713
261.74 733.351
265.141 736.325
267.68 740.022
270.73 743.225
274.187 745.943
276.946 749.4
280.109 752.44
282.937 755.749
286.19 758.628
289.522 761.475
292.764 764.402
295.892 767.411
299.605 769.858
303.165 772.482
306.356 775.428
309.581 778.217
313.063 780.668
316.121 783.511
319.472 786.127
322.688 788.672
325.81 791.37
329.256 793.754
332.833 796.036
336.448 798.523
340.258 800.796
343.866 803.391
347.929 805.26
351.792 807.48
355.735 809.575
359.754 811.501
363.747 813.468
367.789 815.369
371.905 817.236
375.845 819.349
379.853 821.41
381.852 822.452
383.851 823.493
387.594 825.988
391.277 828.625
394.751 831.428
398.461 833.828
401.947 836.514
405.649 839.017
409.41 841.336
413.287 843.412
417.239 845.372
421.183 847.313
425.298 848.816
429.29 850.559
433.318 852.341
437.471 853.723
441.471 855.604
445.397 857.53
449.29 859.49
453.134 861.462
456.984 863.393
460.99 864.576
464.777 866.404
468.759 867.471
472.828 867.781
476.707 869.056
480.593 870.446
484.597 871.567
488.58 872.864
492.711 873.696
496.597 875.53
500.579 877.172
504.663 878.35
508.739 879.506
512.842 880.546
516.895 881.777
520.877 883.429
525.141 883.867
529.108 885.485
533.215 886.5
537.267 887.486
541.244 888.508
545.214 889.504
549.184 890.512
553.141 891.522
557.097 892.516
561.037 893.498
564.955 894.484
568.836 895.469
572.82 895.531
576.678 896.515
580.582 897.502
584.478 898.403
588.414 899.029
592.368 899.503
596.353 899.533
600.297 900.429
604.303 900.52
608.327 900.564
612.307 901.456
616.297 901.515
620.291 901.513
624.305 901.5
628.323 901.525
632.34 902.254
636.442 902.476
640.045 903.858
640.349 907.456
637.708 910.625
635.467 913.979
633.367 917.426
631.391 920.949
630.118 924.866
627.659 928.257
625.69 931.92
625.223 936.032
624.689 940.216
623.411 944.203
622.454 948.292
621.528 952.463
621.492 956.71
621.4 960.959
620.499 965.227
620.583 969.535
621.472 973.839
622.5 978.08
624.91 981.621
627.38 985.115
628.884 989.068
631.475 992.486
633.785 996.121
636.798 999.175
639.478 1002.32
641.445 1005.94
643.713 1009.34
646.269 1012.44
648.317 1015.84
649.537 1019.74
650.865 1023.58
652.458 1027.43
653.485 1031.42
654.458 1035.42
655.477 1039.39
655.516 1043.53
656.484 1047.53
657.461 1051.5
657.493 1055.53
657.497 1059.54
657.497 1063.55
657.496 1067.56
657.493 1071.56
657.494 1075.56
657.475 1079.57
656.51 1083.5
655.585 1087.37
654.338 1091.07
651.618 1093.97
649.707 1097.4
648.587 1101.11
648.492 1105.01
648.35 1108.86
647.512 1112.73
647.494 1116.64
647.494 1120.56
647.493 1124.48
647.496 1128.41
647.517 1132.33
647.628 1136.28
648.587 1140.13
650.112 1143.85
650.594 1147.97
651.508 1151.99
652.604 1156.04
654.377 1159.89
655.399 1163.96
656.382 1167.93
657.24 1171.92
657.511 1175.99
658.491 1179.99
659.319 1184.02
660.366 1187.93
661.249 1191.82
661.515 1195.87
663.083 1199.67
663.493 1203.67
663.495 1207.71
663.495 1211.75
663.494 1215.79
663.495 1219.84
663.5 1223.9
663.481 1227.95
662.623 1231.97
663.163 1236.19
662.486 1240.3
661.501 1244.41
660.569 1248.5
659.504 1252.5
658.504 1256.5
658.497 1260.57
659.549 1264.51
661.473 1268.19
663.323 1271.92
664.483 1276
666.397 1279.72
669.251 1282.8
672.63 1285.25
675.976 1287.78
679.472 1290.02
683.346 1291.5
687.37 1292.36
691.39 1292.5
695.425 1292.54
699.435 1293.48

