CONTOUR

1

1091

1039.66 1334.53
1043.82 1334.59
1047.92 1334.49
1051.89 1333.49
1055.66 1331.84
1059.27 1329.63
1063 1327.86
1066.09 1325.18
1069.61 1323.14
1072.8 1320.57
1076.28 1318.47
1079.19 1315.59
1082.5 1313.34
1086.11 1311.61
1089.57 1309.59
1093.43 1308.48
1097.05 1306.67
1100.97 1305.39
1104.02 1302.51
1107.24 1299.67
1111.02 1297.59
1114.85 1295.55
1118.73 1293.69
1122.89 1292.43
1126.85 1290.57
1130.26 1287.88
1133.69 1285.32
1137.51 1283.39
1141 1280.8
1145.04 1279.29
1148.93 1277.36
1152.83 1275.46
1156.85 1273.75
1160.4 1271.32
1163.25 1267.88
1167.01 1265.73
1170.94 1263.78
1174.59 1261.57
1177.59 1258.52
1180.61 1255.44
1183.58 1252.28
1185.84 1248.61
1187.8 1244.73
1189.47 1240.78
1191.19 1236.84
1191.87 1232.48
1195.67 1230.67
1199.96 1230.54
1204.22 1232.38
1208.47 1231.49
1212.16 1229.24
1212.56 1224.82
1213.39 1220.42
1213.56 1216.03
1213.28 1211.69
1211.39 1207.77
1208.69 1204.33
1205.68 1201.11
1202.83 1197.66
1199.42 1194.95
1195.42 1193.41
1191.54 1191.59
1187.37 1190.95
1183.18 1190.54
1178.97 1191.45
1174.74 1191.55
1170.54 1192.49
1166.33 1192.48
1162.11 1191.55
1157.92 1191.52
1153.75 1192.46
1149.68 1193.41
1147.56 1190.25
1148.49 1186.01
1148.54 1181.78
1148.56 1177.53
1147.65 1173.46
1146.51 1169.5
1144.92 1165.69
1142.22 1162.53
1139.11 1159.8
1135.21 1158.48
1131.21 1157.54
1127.2 1158.41
1123.25 1159.48
1119.27 1160.48
1115.15 1160.5
1111.03 1160.81
1107.58 1159.06
1109.46 1155.34
1111.02 1151.51
1112.77 1147.73
1114.82 1144.13
1117.23 1140.83
1119.53 1137.51
1121.65 1133.97
1123.66 1130.24
1125.55 1126.44
1127.38 1122.57
1129.55 1118.96
1131.73 1115.31
1133.44 1111.41
1134.46 1107.29
1135.46 1103.23
1137.78 1099.65
1139.45 1095.74
1140.7 1091.72
1141.73 1087.69
1143.11 1083.72
1143.81 1079.57
1145.43 1075.6
1145.54 1071.37
1147.01 1067.43
1148.51 1063.56
1149.5 1059.53
1150.5 1055.5
1151.47 1051.51
1151.51 1047.46
1151.53 1043.4
1153.08 1039.54
1153.51 1035.59
1153.51 1031.59
1153.51 1027.58
1153.69 1023.58
1154.51 1019.6
1155.37 1015.61
1155.51 1011.64
1155.52 1007.65
1155.52 1003.64
1155.54 999.622
1156.12 995.614
1156.48 991.59
1156.51 987.576
1156.45 983.582
1155.53 979.578
1155.68 975.534
1155.62 971.498
1155.37 967.504
1154.53 963.508
1154.49 959.425
1153.59 955.407
1153.5 951.372
1152.83 947.395
1151.93 943.49
1151.49 939.493
1150.52 935.572
1149.49 931.658
1148.52 927.714
1148.48 923.648
1147.52 919.68
1146.65 915.664
1146.35 911.621
1145.15 907.696
1143.49 903.856
1142.62 899.722
1141.78 895.623
1140.58 891.741
1139.52 887.847
1139.35 883.824
1138.13 879.97
1136.47 876.224
1135.49 872.235
1134.47 868.216
1133.39 864.212
1132.41 860.238
1131.52 856.161
1131.12 851.999
1130.43 847.867
1129.52 843.699
1128.72 839.521
1127.84 835.45
1127.42 831.409
1126.53 827.357
1125.65 823.317
1125.52 819.282
1125.5 815.248
1124.57 811.275
1124.48 807.246
1123.52 803.283
1123.45 799.252
1122.48 795.311
1121.13 791.464
1119.61 787.614
1119.5 783.57
1119.46 779.544
1119.48 775.479
1119.5 771.484
1119.51 767.489
1119.43 763.501
1118.4 759.583
1116.56 755.896
1114.53 752.273
1113.52 748.25
1112.78 744.211
1111.53 740.214
1111.47 736.007
1110.45 731.923
1109.5 727.76
1108.52 723.574
1107.51 719.401
1106.57 715.238
1105.52 711.149
1104.51 707.049
1103.48 702.957
1101.64 699.102
1099.59 695.282
1097.59 691.47
1095.53 687.653
1093.65 683.775
1091.67 679.975
1089.58 676.278
1087.46 672.612
1084.86 669.25
1082.34 665.727
1079.51 662.54
1077.57 658.676
1075.02 655.232
1071.88 652.198
1069.9 648.457
1067.05 645.517
1064.17 642.629
1059.84 642.376
1056.5 640.273
1055.54 636.447
1056.5 632.371
1057.64 628.35
1060.5 625.488
1064.39 624.969
1067.26 627.898
1069.97 631.112
1073.44 633.464
1077.13 635.594
1080.76 637.943
1084.75 639.594
1088.46 641.976
1092.07 644.505
1095.07 647.617
1096.8 651.56
1099.42 654.951
1101.53 658.542
1103.72 662.142
1106.43 665.424
1108.54 669.146
1111.52 672.201
1114.19 675.567
1117.17 678.684
1119.48 682.235
1120.88 686.31
1123.85 689.317
1127.59 691.458
1129.71 695.245
1132.67 698.252
1135.75 701.184
1139.23 703.607
1142.18 706.615
1145.45 709.358
1149.02 711.71
1151.6 715.159
1154.25 718.575
1156.72 722.12
1159.62 725.32
1162.71 728.371
1166.06 731.09
1169.38 733.62
1173 735.759
1176.86 737.604
1180.75 739.493
1184.95 740.501
1189.4 740.673
1192.46 743.2
1193.12 747.649
1195.85 750.387
1199.93 750.516
1204.02 749.701
1208.17 749.456
1211.99 747.671
1215.95 746.359
1219.85 744.54
1223.38 742.135
1226.82 739.555
1230.7 737.778
1234.36 735.535
1236.51 731.979
1237.77 727.898
1239.51 724.006
1239.76 719.764
1239.21 715.665
1237.42 711.692
1236 707.518
1234.22 703.536
1231.47 700.057
1229.54 696.128
1228.53 691.91
1227.45 687.799
1225.42 684.07
1223.47 680.292
1221.48 676.597
1219.37 672.95
1217.42 669.251
1216.45 665.119
1215.43 660.955
1214.52 656.716
1215.46 652.405
1215.51 648.099
1215.39 643.79
1213.46 639.96
1210.59 636.828
1207.46 633.899
1203.64 632.509
1199.68 631.498
1195.56 631.474
1191.46 631.711
1187.57 633.404
1183.63 634.592
1179.82 633.348
1177.25 629.844
1173.84 627.235
1171.2 623.858
1168.71 620.346
1166.55 616.593
1165.55 612.397
1163.58 608.572
1162.37 604.506
1160.58 600.629
1159.33 596.566
1157.08 592.888
1154.29 589.566
1151.46 586.254
1148.08 583.566
1144.35 581.574
1140.48 580.01
1136.74 578.363
1133.02 576.627
1129.52 574.58
1127.46 570.993
1125.51 567.274
1123.28 563.706
1122.02 559.704
1119.52 556.468
1117.05 553.291
1115.18 549.629
1111.91 547.08
1109.54 543.707
1106.15 541.278
1104.25 537.636
1101.43 534.814
1098.11 532.433
1095.25 529.363
1091.98 526.635
1088.17 524.673
1083.89 523.997
1079.6 523.477
1076.09 521.357
1075.57 517.502
1077.46 513.494
1077.51 509.303
1076.7 505.127
1076.2 500.966
1074.15 497.247
1072.58 493.418
1071.18 489.56
1069.26 485.742
1067.43 481.916
1065.05 478.498
1062.99 474.879
1060.57 471.443
1058.57 467.764
1057.4 463.784
1055.48 460.049
1054.5 455.99
1054.48 451.825
1054.5 447.648
1054.06 443.477
1053.55 439.309
1052.42 435.311
1051.07 431.392
1049.53 427.459
1047.53 423.749
1044.61 420.637
1043.56 416.785
1045.55 413.165
1047.43 409.467
1047.64 405.259
1048.56 401.184
1049.47 397.093
1049.6 392.93
1050.49 388.8
1051.21 384.674
1051.33 380.468
1051.5 376.301
1051.52 372.153
1051.84 367.99
1052.25 363.867
1052.2 359.707
1052.58 355.662
1053.38 351.636
1053.51 347.588
1053.58 343.541
1053.64 339.435
1053.54 335.365
1053.52 331.33
1053.75 327.292
1054.5 323.254
1054.78 319.186
1055.48 315.097
1056.31 311.048
1056.59 306.97
1057.54 302.975
1058.54 298.975
1059.49 294.922
1060.81 291.016
1062.82 287.364
1064.54 283.534
1067.03 280.195
1069.46 276.85
1071.61 273.34
1074.23 270.125
1075.54 266.127
1077.89 262.609
1079.51 258.78
1080.53 254.718
1081.56 250.668
1083.4 246.804
1084.54 242.616
1087.32 239.255
1089.48 235.451
1090.5 231.18
1091.46 226.908
1091.52 222.543
1092.6 218.426
1095.35 215.002
1097.46 211.135
1099.35 207.231
1101.2 203.301
1102.54 199.295
1103.47 195.124
1103.51 190.894
1103.51 186.652
1103.48 182.413
1102.51 178.262
1101.52 174.107
1100.52 169.985
1099.41 165.917
1098.5 161.785
1098.44 157.485
1097.53 153.25
1097.56 149.064
1099.44 145.223
1101.38 141.414
1103.13 137.554
1104.47 133.593
1106.47 129.94
1107.52 125.914
1108.39 121.784
1109.46 117.724
1109.67 113.563
1110.7 109.487
1111.49 105.356
1111.34 101.185
1110.51 97.0573
1109.26 93.0565
1107.77 89.0864
1106.58 85.059
1104.97 81.2537
1103.5 77.3425
1101.38 73.8045
1098.66 70.6782
1095.66 67.7834
1092.11 65.6039
1088.7 63.1891
1084.99 61.2492
1080.96 59.8303
1076.9 58.4873
1072.83 57.4656
1068.64 57.4245
1064.43 57.4436
1060.23 57.4739
1056.05 57.5604
1051.88 58.4816
1047.86 59.8413
1044.32 62.3123
1040.3 63.6673
1036.39 65.3365
1032.94 67.7248
1030.62 71.3655
1027.1 73.6228
1023.38 75.6943
1019.49 77.4339
1015.39 78.6282
1011.69 80.8886
1007.57 81.4528
1003.39 80.547
999.256 80.5389
995.175 81.5115
991.361 83.3671
987.596 85.3855
983.759 87.1799
980.793 90.0484
978.603 93.5616
977.617 97.7217
976.804 101.855
975.484 105.929
974.462 110.065
973.473 114.192
972.531 118.327
973.441 122.646
971.603 126.416
969.522 130.124
969.334 134.448
967.569 138.44
967.508 142.64
967.538 146.898
967.472 151.113
966.529 155.289
965.202 159.347
963.518 163.113
962.417 167.176
959.96 170.619
957.999 174.317
955.929 177.928
952.791 180.8
950.68 184.526
947.624 187.536
944.897 190.772
943.486 194.967
941.518 198.879
939.527 202.696
939.177 207.052
937.52 210.956
937.5 215.042
937.496 219.177
937.674 223.281
938.496 227.31
939.425 231.33
940.483 235.267
941.617 239.158
943.524 242.655
945.994 245.8
947.623 249.427
948.486 253.383
948.722 257.447
949.539 261.459
949.807 265.554
949.501 269.616
949.386 273.702
949.385 277.778
947.83 281.544
946.355 285.273
945.452 289.219
944.506 293.211
943.562 297.185
943.513 301.194
943.503 305.205
943.674 309.223
943.526 313.228
943.373 317.151
940.755 320.387
939.524 324.134
938.524 327.935
937.635 331.744
937.797 335.61
938.054 339.594
936.458 343.416
935.718 347.459
935.316 351.458
934.8 355.472
933.656 359.389
933.387 363.427
932.465 367.386
931.661 371.379
931.449 375.42
931.305 379.531
930.466 383.573
929.432 387.595
928.457 391.661
927.562 395.772
924.726 398.859
921.839 401.859
920.479 405.653
919.534 409.614
919.5 413.642
919.502 417.695
918.507 421.568
916.681 425.137
914.682 428.621
911.876 431.54
909.561 434.804
909.411 438.829
908.507 442.778
908.48 446.801
907.83 450.797
907.722 454.896
906.466 458.716
905.296 462.569
904.433 466.456
903.573 470.376
902.544 474.2
901.478 478.037
900.531 481.917
900.395 485.902
899.518 489.869
899.478 493.914
899.452 497.964
899.162 502.054
898.561 506.134
897.52 509.984
894 511.462
889.815 510.833
885.793 511.512
881.77 512.464
877.814 513.349
874.351 515.468
870.889 517.444
867.51 519.698
864.707 522.676
863.227 526.674
859.488 528.775
856.536 531.693
854.059 535.187
850.7 537.809
848.458 541.302
846.497 545.004
843.654 548.21
842.638 552.206
841.347 556.136
839.554 559.949
837.659 563.756
836.638 567.797
835.488 571.83
834.501 575.9
833.361 579.999
832.61 584.241
832.468 588.619
830.552 592.554
829.265 596.683
827.513 600.734
827.223 605.126
825.863 609.253
822.868 612.587
821.212 616.792
817.731 619.781
815.798 623.76
813.277 627.335
811.251 631.257
808.69 634.898
805.734 638.035
801.515 638.522
797.126 638.484
792.724 638.53
788.391 639.474
786.255 640.048
784.119 640.622
779.825 641.636
775.454 642.428
771.52 644.231
767.945 646.741
765.439 650.199
762.734 653.492
759.536 656.329
756.01 658.721
752.668 661.384
749.426 664.038
746.881 667.244
743.649 669.852
741.052 673.114
737.581 675.27
734.496 677.953
730.739 679.841
727.507 682.693
723.756 684.601
719.906 686.504
716.901 689.38
713.568 691.739
709.895 693.701
706.369 696.112
703.136 699.135
699.738 701.866
698.487 705.924
697.512 710.09
698.406 714.373
697.607 718.512
697.447 722.654
696.55 726.789
697.269 730.946
697.372 735.095
697.497 739.216
698.536 743.236
699.709 747.292
701.563 751.13
703.502 754.825
705.746 758.294
708.424 761.389
711.41 764.202
713.405 767.599
709.823 769.639
705.899 771.456
702.114 773.491
698.256 775.429
694.523 777.5
691.805 780.657
690.515 784.529
690.456 788.709
690.751 792.857
692.728 796.436
695.748 799.307
699.381 801.337
703.562 801.511
707.712 801.835
711.869 802.539
716.018 803.508
720.192 804.364
724.263 805.417
728.285 806.423
732.34 807.503
736.382 808.499
740.352 809.543
744.04 811.433
747.831 813.296
751.872 814.516
754.508 817.635
755.484 821.719
755.481 826.005
755.636 830.258
757.444 834.242
758.344 838.349
758.519 842.548
759.529 846.641
761.19 850.587
760.541 854.746
760.463 858.875
759.517 862.969
759.481 867.108
759.624 871.233
760.631 875.255
761.653 879.343
763.387 883.256
764.523 887.266
764.424 891.437
763.761 895.642
764.374 899.859
762.639 903.658
761.009 907.423
757.731 910.23
755.579 913.747
754.511 917.659
755.381 921.813
754.693 925.732
752.922 929.321
750.561 932.84
750.411 937.049
749.468 941.118
748.507 945.202
748.383 949.38
748.478 953.642
749.426 957.783
749.469 961.942
748.546 966.145
749.484 970.249
750.615 974.312
751.862 978.367
753.416 982.35
754.905 986.305
755.699 990.453
757.934 994.148
759.493 998.117
761.246 1001.97
762.816 1005.84
763.449 1009.95
764.46 1013.95
765.53 1017.88
767.339 1021.61
767.425 1025.55
766.537 1029.6
767.441 1033.61
767.459 1037.58
767.443 1041.62
767.322 1045.65
766.418 1049.67
765.473 1053.77
764.528 1057.87
765.379 1062.01
765.641 1066.12
765.445 1070.22
761.829 1071.48
757.749 1070.32
753.557 1069.5
749.489 1068.3
746.171 1065.57
742.895 1062.69
739.158 1060.39
735.527 1057.92
731.679 1055.98
727.606 1054.8
723.49 1054.49
719.417 1055.18
715.575 1056.66
712.746 1059.6
711.065 1063.45
709.516 1067.42
709.48 1071.68
709.483 1075.94
709.493 1080.2
710.572 1084.25
713.212 1087.68
714.475 1091.54
713.408 1095.59
712.224 1099.66
711.534 1103.89
711.518 1108.14
711.484 1112.44
710.524 1116.64
710.49 1120.89
710.579 1125.1
711.495 1129.26
712.64 1133.35
714.567 1137.17
717.227 1140.6
719.593 1144.09
722.492 1147.2
724.829 1150.75
728.479 1153.07
731.21 1156.3
733.923 1159.54
736.815 1162.8
739.836 1165.97
743.265 1168.92
745.713 1172.51
748.775 1175.48
752.03 1178.25
755.269 1181.23
758.273 1184.49
761.28 1187.72
764.211 1190.97
767.531 1193.62
770.775 1196.47
772.923 1200.23
775.679 1203.52
779.555 1205.73
782.985 1208.66
785.47 1212.21
788.472 1215.2
791.892 1217.78
795.169 1220.53
798.057 1223.69
801.337 1226.4
804.961 1228.71
808.235 1231.49
811.837 1233.87
815.668 1235.77
819.624 1237.43
823.778 1238.46
827.924 1239.51
832.116 1240.2
836.394 1239.65
840.687 1239.55
844.889 1238.89
848.963 1237.63
853.024 1236.34
856.854 1234.49
860.768 1232.84
864.816 1231.57
868.813 1230.23
871.601 1226.94
875.051 1224.37
878.333 1221.67
879.331 1217.43
881.693 1214.03
884.204 1210.75
886.287 1207.2
887.651 1203.3
889.48 1199.53
890.473 1195.53
890.703 1191.41
890.69 1187.25
890.594 1183.1
889.716 1178.95
891.458 1174.96
891.551 1170.85
891.505 1166.71
891.105 1162.58
889.56 1158.63
888.827 1154.51
887.566 1150.47
887.343 1146.19
885.558 1142.26
885.468 1138.15
887.045 1134.34
889.747 1131.26
892.856 1128.54
896.2 1126.07
898.688 1122.7
901.257 1119.36
902.555 1115.41
903.735 1111.4
904.509 1107.31
904.559 1103.1
905.582 1099.04
907.484 1095.18
907.532 1090.96
907.392 1086.76
905.256 1083.2
902.126 1080.35
898.642 1077.87
895.394 1075.23
892.146 1072.53
889.5 1069.28
887.358 1065.65
884.909 1062.1
882.392 1058.6
879.703 1055.19
878.009 1051.14
876.077 1047.34
875.516 1043.17
875.5 1038.94
874.7 1034.78
874.513 1030.66
874.546 1026.5
874.504 1022.37
873.775 1018.29
873.453 1014.25
873.446 1010.13
873.508 1006.08
873.518 1002.01
873.626 997.919
873.508 993.885
873.908 989.942
876.894 987.554
880.876 988.494
884.885 989.487
888.958 989.513
893.04 989.511
897.131 989.49
901.226 989.269
905.253 988.473
909.29 987.528
913.258 986.456
917.222 985.255
921.044 983.44
924.773 981.52
928.874 980.399
932.49 978.291
935.644 975.47
938.685 972.51
942.402 970.536
946.443 969.349
950.169 967.307
954.146 965.506
958.409 964.499
962.609 963.453
966.467 961.445
969.63 958.471
972.331 954.946
975.567 951.916
978.734 948.923
981.507 945.621
984.284 942.33
987.091 938.906
989.389 935.212
991.273 931.271
992.567 927.161
995.826 924.413
999.121 921.717
1001.51 918.333
1003.49 914.695
1005.97 911.451
1009.19 908.801
1011.98 905.76
1015.19 903.198
1017.67 899.817
1020.74 897.516
1023.41 900.13
1022.52 904.151
1021.45 908.211
1019.57 912.041
1018.65 916.226
1018.47 920.515
1018.47 924.813
1018.5 929.113
1019.46 933.295
1020.75 937.344
1022.57 941.195
1023.81 945.228
1025.54 949.114
1027.44 952.958
1029.42 956.729
1031.45 960.504
1032.68 964.66
1033.99 968.821
1035.49 972.922
1036.46 977.154
1037.44 981.315
1038.41 985.402
1038.51 989.559
1039.39 993.653
1039.48 997.666
1038.52 1001.6
1037.45 1005.52
1036.48 1009.51
1035.5 1013.5
1034.47 1017.43
1032.72 1021.11
1032.48 1025.1
1032.47 1029.12
1030.93 1032.84
1029.51 1036.58
1029.09 1040.54
1028.45 1044.5
1027.52 1048.45
1027.33 1052.52
1025.77 1056.35
1025.45 1060.38
1024.56 1064.35
1023.54 1068.25
1022.39 1072.06
1021.43 1075.93
1020.3 1079.83
1019.47 1083.9
1018.5 1088
1017.24 1091.99
1015.65 1095.9
1014.6 1100.05
1013.47 1104.15
1011.94 1108.12
1011.36 1112.26
1009.34 1115.92
1007.36 1119.58
1005.52 1123.36
1004.36 1127.36
1003.5 1131.48
1002.47 1135.55
1000.84 1139.38
999.612 1143.32
998.355 1147.11
995.717 1150.17
993.768 1153.56
992.483 1157.22
991.513 1161.07
991.476 1165.12
989.775 1168.78
987.964 1172.35
985.831 1175.71
983.344 1178.88
980.787 1182.05
976.996 1183.73
973.524 1186.22
969.796 1188.25
968.4 1192.03
967.529 1196.01
969.292 1199.84
970.426 1203.86
970.457 1208
970.49 1212.18
971.493 1216.2
973.317 1219.9
975.482 1223.4
978.394 1226.39
981.541 1229.18
985.002 1231.44
988.924 1232.64
992.456 1234.73
996.339 1235.99
1000.04 1237.56
1001.61 1241.18
1001.5 1245.31
1001.5 1249.42
1001.44 1253.53
1000.49 1257.57
999.494 1261.63
998.459 1265.7
997.424 1269.76
996.512 1273.89
996.491 1278.11
996.488 1282.35
996.48 1286.59
996.038 1290.84
996.422 1295.1
997.466 1299.23
997.703 1303.46
999.472 1307.38
1000.48 1311.51
1001.42 1315.66
1002.62 1319.68
1004.73 1323.24
1008.09 1325.63
1011.74 1327.6
1015.4 1329.69
1019.18 1331.52
1023.23 1332.53
1027.29 1333.49
1031.45 1333.59
1035.53 1334.49

