CONTOUR

1

1385

1073.23 1243.6
1077.48 1243.51
1081.44 1242.41
1084.54 1239.63
1087.48 1236.71
1090.09 1233.5
1092.32 1230.03
1092.53 1225.89
1092.51 1221.73
1092.52 1217.56
1092.54 1213.41
1092.26 1209.29
1091.51 1205.19
1090.81 1201.09
1089.53 1197.15
1089.48 1193.02
1088.59 1188.99
1088.48 1184.89
1087.52 1180.89
1087.5 1176.82
1087.51 1172.76
1087.51 1168.69
1087.46 1164.62
1086.52 1160.57
1086.51 1156.48
1086.5 1152.38
1086.48 1148.23
1085.6 1144.17
1085.5 1140.1
1085.31 1136.03
1084.66 1131.95
1084.6 1127.89
1085.49 1123.84
1085.51 1119.77
1085.5 1115.72
1085.55 1111.68
1086.51 1107.69
1087.51 1103.7
1088.52 1099.72
1089.74 1095.82
1092.17 1092.57
1094.35 1089.16
1095.43 1085.32
1095.51 1081.32
1096.29 1077.43
1097.51 1073.59
1098.51 1069.7
1099.48 1065.8
1099.74 1061.8
1100.49 1057.78
1100.51 1053.72
1100.39 1049.66
1099.52 1045.6
1099.49 1041.45
1098.4 1037.43
1097.36 1033.37
1095.77 1029.44
1094.21 1025.53
1092.51 1021.65
1090.53 1017.93
1088.57 1014.23
1087.51 1010.13
1085.82 1006.3
1083.78 1002.65
1081.56 999.077
1079.47 995.386
1077.25 991.736
1075.13 988.06
1073.47 984.008
1070.64 980.799
1068.54 977.12
1067.42 972.972
1065.12 969.568
1062.18 966.408
1060.02 962.669
1058.36 958.639
1055.79 955.173
1053.31 951.726
1050.57 948.565
1048.09 945.263
1048.49 941.589
1052.31 940.446
1056.26 939.484
1060.22 938.476
1064.21 937.5
1068.21 936.519
1072.19 935.492
1076.23 934.507
1080.27 933.553
1084.42 933.493
1088.45 932.528
1092.48 931.45
1096.61 930.511
1100.73 929.585
1104.75 928.493
1108.85 927.512
1112.93 926.556
1116.96 925.52
1120.96 924.544
1124.94 923.454
1128.98 922.473
1133 921.315
1137.03 920.068
1140.95 918.55
1144.92 917.6
1148.36 919.879
1151.7 922.332
1155.26 924.519
1158.83 926.621
1162.47 928.523
1165.94 930.673
1169.58 932.574
1173.64 933.506
1177.66 934.512
1181.72 935.516
1185.78 936.558
1189.95 937.501
1194.08 938.476
1198.19 939.493
1202.42 939.525
1206.56 940.461
1210.74 940.514
1214.8 941.413
1218.89 941.513
1222.99 941.508
1227.1 941.537
1231.2 942.49
1235.35 942.505
1239.48 942.511
1243.24 943.889
1245.13 947.586
1247.48 951.062
1248.61 955.108
1250.09 958.979
1251.5 962.89
1253.43 966.621
1254.22 970.662
1255.44 974.457
1257.33 978.005
1257.52 981.938
1258.49 985.742
1259.49 989.523
1260.7 993.224
1262.28 996.796
1261.58 1000.66
1261.48 1004.51
1261.48 1008.38
1261.52 1012.26
1263.29 1015.87
1263.47 1019.81
1263.47 1023.87
1263.53 1027.89
1265.3 1031.74
1264.58 1035.93
1266.11 1039.75
1267.48 1043.72
1269.41 1047.47
1269.49 1051.62
1269.51 1055.79
1270.93 1059.73
1272.42 1063.56
1272.51 1067.55
1272.04 1071.35
1268.5 1069.91
1265.21 1067.44
1261.68 1065.51
1257.62 1065.48
1253.55 1065.5
1249.48 1065.5
1245.44 1065.22
1241.57 1063.55
1237.48 1063.47
1233.39 1063.51
1229.82 1065.46
1226.48 1067.96
1223.9 1071.32
1221.46 1074.7
1219.73 1078.51
1218.48 1082.5
1217.52 1086.54
1217.49 1090.72
1216.53 1094.66
1213.85 1097.48
1209.72 1097.75
1205.6 1098.29
1202.07 1095.88
1198.18 1094.55
1194.51 1092.72
1190.71 1091.5
1186.78 1090.45
1182.8 1089.48
1178.79 1088.5
1174.75 1088.5
1170.77 1089.46
1166.97 1090.86
1163.89 1093.52
1161.47 1096.85
1159.52 1100.52
1158.47 1104.54
1157.51 1108.6
1157.48 1112.71
1157.79 1116.77
1160.66 1119.47
1164.66 1120.53
1168.7 1121.52
1172.45 1123.22
1175.84 1125.6
1178.53 1128.59
1178.52 1132.76
1178.53 1136.92
1179.42 1141
1180.54 1144.98
1182.38 1148.68
1184.5 1152.2
1187.6 1154.96
1189.61 1158.62
1193.15 1160.61
1196.35 1163.13
1199.46 1165.8
1201.4 1169.39
1203.99 1172.42
1207.31 1174.65
1210.46 1177.07
1214.11 1178.71
1216.93 1181.54
1220.68 1183.05
1223.94 1185.3
1227.54 1186.92
1230.95 1188.96
1234.43 1190.8
1237.86 1192.79
1241.4 1194.52
1244.96 1196.19
1248.54 1197.74
1252.31 1198.78
1255.8 1200.56
1259.6 1201.66
1262.84 1203.94
1266.29 1205.86
1268.31 1209.31
1270.3 1212.77
1273.64 1215.08
1276.39 1217.96
1279.45 1220.58
1282.54 1223.14
1285.82 1225.51
1289.26 1227.67
1291.76 1231.08
1295.97 1231.65
1299.38 1234.07
1303.27 1235.34
1307.08 1236.66
1311.06 1237.42
1315.11 1237.33
1319.18 1237.52
1323.23 1237.53
1327.31 1237.5
1331.3 1236.54
1335.28 1235.53
1339.33 1234.85
1343.12 1233.34
1346.75 1231.5
1350.25 1229.37
1353.17 1226.52
1355.43 1223.18
1356.49 1219.27
1356.56 1215.17
1357.51 1211.2
1359.18 1207.4
1359.51 1203.4
1359.5 1199.35
1359.59 1195.31
1361.24 1191.46
1361.6 1187.4
1362.4 1183.36
1362.62 1179.32
1363.43 1175.31
1363.59 1171.27
1365.07 1167.41
1365.51 1163.35
1365.5 1159.24
1365.77 1155.19
1367.25 1151.33
1368.5 1147.41
1369.48 1143.4
1369.54 1139.24
1371.17 1135.38
1371.59 1131.31
1373.13 1127.48
1374.33 1123.59
1375.49 1119.66
1375.51 1115.58
1375.72 1111.51
1377.49 1107.76
1378.62 1103.86
1379.52 1099.89
1380.64 1095.94
1381.49 1092
1381.56 1087.93
1383.33 1084.19
1384.37 1080.28
1384.54 1076.2
1385.4 1072.14
1385.36 1068.07
1385.51 1064.05
1385.48 1060.02
1385.47 1055.92
1387.24 1052.18
1387.52 1048.16
1387.56 1044.09
1387.73 1039.96
1387.51 1035.86
1387.5 1031.76
1387.49 1027.65
1388.04 1023.57
1388.5 1019.53
1388.51 1015.46
1388.51 1011.38
1388.49 1007.31
1387.53 1003.33
1386.84 999.367
1386.7 995.363
1387.5 991.322
1387.46 987.295
1386 983.361
1385.51 979.22
1385.52 975.021
1385.41 970.849
1383.53 966.967
1383.35 962.768
1383.5 958.607
1382.87 954.525
1381.53 950.579
1380.5 946.556
1379.52 942.504
1378.54 938.505
1377.2 934.632
1374.73 931.215
1372.77 927.443
1371.55 923.446
1372.38 919.614
1376.01 917.606
1379.86 915.82
1383.84 914.501
1387.77 912.922
1391.83 911.491
1395.77 909.734
1399.7 907.829
1403.65 905.811
1407.56 903.967
1411.38 902.094
1414.9 899.607
1418.59 897.511
1422.11 895.161
1425.64 892.817
1429.5 890.936
1432.76 887.984
1436.55 886.096
1440.03 883.61
1443.89 881.676
1447.72 879.733
1451.65 877.894
1455.5 875.836
1459.54 874.41
1463.37 872.41
1467.28 870.59
1471.39 869.231
1475.34 867.489
1479.2 865.585
1483.05 863.653
1486.84 861.645
1490.66 859.545
1494.49 857.548
1498.29 855.594
1501.87 853.287
1505.76 851.461
1509.52 849.399
1513.23 847.29
1516.69 844.654
1520.47 842.54
1523.77 839.685
1527.36 837.246
1530.68 834.402
1534.11 831.689
1537.48 829.094
1540.51 826.097
1543.56 823.102
1546.83 820.337
1549.78 817.305
1552.29 813.951
1554.97 810.607
1557.63 807.288
1559.75 803.547
1561.86 799.74
1563.63 795.892
1565.36 791.984
1566.48 787.956
1567.54 783.902
1568.57 779.8
1569.53 775.652
1570.78 771.57
1571.51 767.333
1571.51 763.008
1571.52 758.681
1571.52 754.329
1571.43 750
1570.54 745.779
1568.83 741.809
1567.31 737.83
1564.67 734.315
1562.28 730.658
1559.39 727.45
1555.9 724.849
1552.97 721.621
1549.2 719.621
1545.11 718.402
1540.93 717.501
1536.8 716.444
1533.38 713.608
1529.26 713.373
1525.08 713.455
1520.97 712.646
1516.91 711.639
1512.8 711.487
1508.69 711.598
1504.56 712.422
1500.37 712.501
1496.28 713.441
1492.15 713.539
1488.11 714.516
1484.07 715.487
1480.02 716.453
1475.88 716.546
1471.85 717.507
1467.79 718.49
1463.75 719.475
1459.56 719.521
1455.66 721.117
1451.66 721.491
1447.65 721.9
1443.79 723.551
1439.74 724.49
1435.72 725.496
1431.71 726.493
1427.7 727.479
1423.73 728.517
1419.73 729.518
1415.69 730.477
1411.73 731.53
1408.02 733.437
1403.97 734.42
1400.01 735.557
1396.36 737.282
1392.61 738.58
1388.76 739.559
1385.19 741.447
1381.37 742.501
1377.59 743.631
1373.91 745.461
1369.91 745.634
1365.88 745.271
1362.09 743.539
1358.13 743.498
1354.2 744.449
1350.31 745.469
1347.66 743.033
1348.49 739.016
1348.51 735.005
1348.36 731.024
1347.52 727.049
1347.48 722.998
1346.58 719.02
1346.47 714.976
1346.11 710.922
1345.49 706.924
1343.72 703.175
1342.69 699.111
1341.54 695.034
1341.06 690.861
1339.54 686.957
1337.68 683.193
1336.29 679.307
1334.81 675.352
1333.34 671.444
1331.2 667.809
1328.83 664.338
1327.29 660.351
1325.5 656.371
1323.53 652.543
1320.76 649.261
1318.56 645.615
1316.5 641.936
1314.24 638.432
1311.62 635.162
1309.21 631.726
1306.71 628.329
1303.79 625.255
1301.42 621.71
1298.65 618.544
1295.44 615.738
1292.45 612.776
1289.5 609.824
1286.34 607.044
1282.98 604.244
1279.8 601.258
1276.57 598.373
1273.03 595.924
1269.58 593.504
1265.94 591.467
1262.25 589.447
1258.57 587.469
1254.95 585.336
1251.17 583.478
1247.37 581.708
1243.37 580.515
1239.65 578.853
1238.5 574.899
1238.51 570.646
1238.48 566.403
1237.58 562.193
1237.46 557.947
1236.22 553.897
1233.81 550.263
1231.52 546.546
1228.8 543.147
1226.3 539.578
1223.63 536.161
1222.47 532.095
1221.53 527.929
1221.74 523.727
1222.52 519.524
1223.49 515.321
1223.52 511.035
1223.52 506.753
1223.47 502.489
1222.22 498.39
1220.52 494.395
1218.31 490.643
1215.65 487.256
1212.79 483.991
1210.14 480.678
1207.52 477.326
1206.51 473.24
1206.42 468.956
1205.54 464.733
1205.52 460.461
1205.5 456.21
1204.84 452.029
1204.41 447.845
1203.17 443.814
1201.49 439.904
1199 436.42
1196.04 433.317
1192.79 430.494
1188.98 428.375
1186.34 425.124
1184.49 421.329
1183.5 417.18
1182.51 413.033
1181.52 408.885
1180.41 404.81
1178.67 400.996
1176.24 397.656
1172.85 395.479
1168.93 394.506
1164.79 394.377
1161.3 392.284
1158.58 389.213
1157.31 385.225
1155.72 381.332
1154.58 377.321
1153.42 373.377
1151.34 369.888
1148.1 367.486
1144.1 366.49
1139.91 366.072
1136.04 364.491
1132.04 363.188
1129.57 359.931
1127.17 356.433
1124.12 353.647
1119.89 353.73
1115.73 354.047
1111.72 352.569
1107.62 352.675
1103.47 352.789
1100.12 350.328
1096.5 348.532
1092.49 348.488
1088.53 349.334
1084.68 350.529
1080.89 351.579
1078.6 354.663
1076.74 358.196
1074.27 361.244
1071.2 363.568
1067.35 364.626
1063.69 366.407
1059.88 367.643
1057.04 370.332
1054.57 373.363
1051.37 375.395
1047.44 375.475
1043.83 376.546
1040.58 378.426
1037.67 380.765
1035.46 383.816
1033.46 387.002
1031.92 390.387
1031.46 394.106
1029.84 397.163
1026.58 395.765
1027.47 392.026
1027.52 388.324
1027.51 384.612
1027.54 380.894
1028.54 377.292
1029.49 373.638
1029.51 369.867
1029.52 366.087
1029.49 362.302
1028.5 358.607
1027.52 354.924
1028.42 351.197
1029.35 347.37
1029.27 343.375
1028.63 339.382
1028.51 335.397
1028.39 331.439
1027.4 327.575
1026.52 323.613
1026.5 319.563
1026.51 315.486
1026.5 311.406
1025.81 307.381
1025.4 303.348
1024.37 299.423
1022.7 295.586
1023.5 291.483
1023.77 287.35
1023.52 283.222
1023.49 279.091
1022.51 275.1
1021.13 271.214
1018.67 267.663
1016.49 263.951
1015.87 259.794
1016.49 255.427
1015.52 251.203
1014.52 246.985
1013.48 242.795
1011.41 238.99
1008.64 235.617
1007.5 231.442
1006.19 227.328
1004.33 223.429
1001.99 219.751
999.472 216.163
996.122 213.43
993.684 209.987
993.239 205.66
991.527 201.753
989.594 197.943
986.955 194.597
983.951 191.441
982.74 187.408
981.203 183.502
979.359 179.711
977.427 175.97
975.311 172.325
972.647 168.953
969.574 165.933
965.964 163.493
962.527 160.842
959.175 158.147
955.73 155.534
952.446 152.757
951.492 148.547
950.636 144.312
950.499 139.96
949.395 135.805
947.857 131.763
947.491 127.453
945.809 123.541
943.619 119.833
942.3 115.698
939.571 112.508
936.099 110.021
932.618 107.615
928.593 106.585
924.412 106.293
920.854 104.233
918.47 100.706
916.337 96.9802
914.289 93.1297
911.087 90.3544
907.19 88.5741
903.063 87.5659
898.798 87.4923
894.687 86.4718
890.577 85.5284
886.407 86.1086
882.268 86.5006
878.106 86.5767
873.938 87.0808
869.759 86.5785
865.603 86.4142
861.885 84.3895
858.13 82.4979
854.048 81.6045
849.877 81.5015
845.744 81.564
841.628 81.3823
837.515 80.542
833.367 80.4994
829.238 80.7437
825.178 81.6055
821.14 82.4878
817.003 82.6351
813.186 84.3173
809.226 85.6076
805.188 86.3378
801.329 84.6664
797.342 83.4733
793.247 82.6186
789.098 82.0502
785.107 80.5059
780.995 79.5773
776.802 79.4893
772.76 78.5251
769.042 76.6243
765.447 74.4586
761.718 72.5083
757.655 71.5326
753.466 71.5082
749.289 71.0605
745.097 70.5037
740.918 70.6005
736.808 71.6496
732.624 72.5175
728.523 73.4829
724.768 75.5013
720.707 76.7259
717.032 78.7124
713.854 81.389
711.313 84.6652
709.414 88.3748
708.024 92.3441
705.753 96.023
704.804 100.084
704.462 104.271
703.53 108.406
703.488 112.581
703.491 116.743
703.508 120.923
704.512 124.984
705.56 129.068
707.208 132.98
708.576 137.013
710.377 140.861
712.469 144.531
714.582 148.196
717.348 151.405
717.776 155.387
716.48 159.439
716.372 163.687
714.549 167.38
711.57 170.776
712.469 175.023
713.446 179.225
714.691 183.333
716.477 187.174
719.037 190.517
721.941 193.51
724.87 196.492
727.904 199.401
731.649 201.582
735.311 203.937
738.915 206.413
743.111 207.791
745.136 208.637
747.161 209.483
751.332 210.875
755.352 212.554
759.412 214.19
763.398 215.97
767.305 217.851
771.001 219.987
774.922 221.597
778.298 224.106
781.817 226.503
785.399 228.888
788.803 231.55
792.283 234.174
794.985 237.574
797.524 241.108
799.557 244.921
801.989 248.5
804.504 252.102
807.114 255.621
809.518 259.182
812.091 262.611
815.322 265.483
818.159 268.635
821.248 271.536
824.577 274.225
828.109 276.652
831.399 279.297
834.886 281.641
837.964 284.471
841.347 286.967
845.171 288.759
848.611 291.222
852.123 293.441
855.811 295.44
859.433 297.482
863.068 299.5
866.683 301.525
869.044 304.872
871.008 308.577
873.38 311.941
875.205 315.625
876.129 319.6
877.243 323.561
877.987 327.574
879.456 331.49
880.147 335.583
881.426 339.575
881.504 343.684
881.496 347.801
881.485 351.911
881.453 356.017
880.535 360.072
880.487 364.14
880.531 368.202
881.478 372.212
881.5 376.287
881.501 380.33
881.497 384.364
881.246 388.375
879.583 392.174
879.49 396.269
879.431 400.374
878.462 404.418
877.509 408.487
877.365 412.675
876.494 416.776
875.501 420.82
874.745 424.845
875.269 428.938
875.627 433.056
877.301 436.951
877.386 440.903
874.44 444.057
871.941 447.445
869.367 450.805
867.212 454.431
865.474 458.356
863.577 462.191
862.465 466.246
861.476 470.34
860.486 474.493
859.508 478.625
858.63 482.752
857.154 486.604
853.532 488.72
850.146 491.31
846.77 493.927
845.521 497.832
845.687 502.055
846.444 506.276
846.535 510.521
847.463 514.732
847.516 519.007
848.465 523.215
848.534 527.46
849.434 531.682
849.512 535.935
850.501 540.063
851.532 544.203
851.573 548.399
848.615 551.453
845.686 554.456
843.692 558.03
841.571 561.533
839.853 565.217
837.843 568.647
836.461 572.353
835.475 576.207
834.378 580.045
833.462 583.976
831.67 587.693
831.485 591.71
831.36 595.679
829.494 599.426
829.375 603.549
828.65 607.604
829.442 611.734
828.516 615.889
829.524 619.906
830.496 623.9
831.6 627.859
833.55 631.575
834.566 635.643
835.471 639.759
834.18 643.828
833.464 647.983
831.631 651.852
831.479 655.984
831.485 660.092
830.443 664.094
830.456 668.186
830.474 672.182
830.454 676.204
829.535 680.115
829.43 684.118
829.491 688.053
829.534 691.988
829.54 695.99
828.532 699.785
825.767 702.819
823.544 706.097
823.468 710.208
821.883 713.707
818.583 715.397
814.682 714.598
810.817 714.32
806.972 713.493
803.04 713.471
799.089 713.326
795.117 712.52
791.137 712.484
787.161 712.231
783.235 711.454
779.272 710.474
775.264 709.5
771.144 709.487
767.002 709.512
762.861 709.466
758.931 707.794
754.829 707.474
750.728 707.553
746.633 708.477
742.452 708.32
738.229 708.323
734.133 709.459
730.003 710.449
725.951 711.672
722.449 714.287
718.411 715.553
714.647 717.43
711.087 719.679
707.199 721.47
703.441 723.443
699.627 725.353
695.886 727.281
692.798 730.194
690.062 733.42
687.091 736.388
683.599 738.862
680.159 741.254
676.621 743.507
673.262 745.987
670.025 748.667
666.699 751.218
663.155 753.369
659.585 755.537
655.85 757.514
652.056 759.456
648.347 761.475
644.872 763.75
641.43 766.19
638.013 768.596
635.537 771.937
633.524 775.574
632.99 779.738
631.368 783.633
629.58 787.515
628.569 791.616
627.49 795.658
626.485 799.741
625.404 803.811
623.195 807.221
619.717 809.67
617.499 812.991
616.256 816.852
615.165 820.805
615.443 825.122
614.44 829.291
613.483 833.514
612.515 837.781
612.32 842.138
611.616 846.499
612.478 850.778
613.523 855.036
615.38 859.047
617.251 862.916
619.713 866.405
623.011 869.206
626.45 871.672
629.958 874.107
633.91 875.502
637.951 876.565
642.059 876.492
645.569 874.4
647.459 870.818
645.853 866.944
643.754 863.3
641.517 859.795
639.526 856.142
637.967 852.335
636.682 848.521
636.55 844.553
637.193 840.65
640.309 838.785
643.421 841.786
647.071 843.606
650.983 844.493
654.135 842.416
654.228 838.601
652.586 834.886
651.482 831.052
651.753 827.142
654.542 823.961
656.411 820.437
657.498 816.541
659.413 813.007
661.769 809.746
665.157 807.64
668.978 806.458
672.861 805.403
676.366 803.485
679.605 801.056
683.103 798.626
686.904 796.684
690.581 794.595
694.371 792.559
698.201 790.599
702.014 788.618
706.164 788.899
710.445 790.501
712.576 787.143
713.518 782.833
715.546 779.041
719.079 776.341
721.618 772.931
724.874 770.278
727.561 767.101
730.452 764.155
733.256 761.104
735.758 757.745
739.603 756.47
743.605 755.503
747.708 755.346
751.78 755.502
755.839 755.502
759.897 755.518
763.907 756.356
767.956 756.56
771.905 757.532
775.607 759.318
779.297 761.164
783.389 761.657
787.198 763.434
791.33 763.732
794.984 765.709
798.822 767.269
802.991 767.521
807.018 768.522
811.092 769.506
815.134 770.437
819.237 770.55
823.282 771.496
827.321 772.311
831.309 773.264
835.371 773.506
839.407 773.568
843.415 774.466
847.429 774.419
851.547 774.377
855.592 774.518
859.661 774.662
863.719 774.396
867.832 773.658
872.001 773.498
875.857 771.991
879.444 770.264
882.231 767.466
883.602 763.734
885.486 760.157
886.495 756.28
886.567 752.229
887.617 748.299
888.504 744.299
888.6 740.155
889.518 736.096
890.503 732.022
890.488 727.891
889.563 723.716
891.263 719.688
891.524 715.546
892.461 711.488
893.508 707.494
894.56 703.498
895.957 699.62
897.479 695.73
897.577 691.519
899.24 687.584
899.524 683.537
899.698 679.422
901.438 675.657
902.488 671.689
903.056 667.677
903.566 663.667
904.489 659.688
905.648 655.847
909.186 654.678
912.601 657.072
915.995 659.438
919.648 661.495
923.313 663.493
926.91 665.552
930.404 667.517
933.884 669.513
937.293 671.629
940.484 674.103
943.752 676.512
946.748 679.302
949.484 682.213
949.313 685.988
946.617 689.047
943.638 691.921
941.675 695.606
940.45 699.559
940.878 703.545
944.376 705.475
948.379 704.605
952.038 702.487
955.543 699.876
959.121 697.62
963.041 696.544
966.034 699.28
967.699 703.293
969.551 707.195
971.803 710.887
974.415 714.328
976.533 718.062
979.324 721.356
981.569 724.992
983.586 728.766
985.617 732.531
985.417 736.651
983.653 740.619
982.468 744.738
981.358 748.914
980.498 753.192
980.489 757.554
980.481 761.913
979.669 766.136
977.547 769.915
975.342 773.563
973.05 777.23
971.469 781.181
969.716 785.086
968.379 789.032
966.482 792.751
964.57 796.463
962.433 800.047
959.923 803.485
957.559 806.925
955.12 810.181
952.425 813.236
949.845 816.456
947.606 819.843
945.366 823.307
943.428 826.931
941.077 830.275
938.493 833.484
936.393 836.993
933.597 839.813
931.417 843.094
929.43 846.523
927.472 850.025
925.485 853.529
923.551 857.076
921.637 860.692
919.607 864.236
919.247 868.436
917.514 872.402
917.455 876.678
916.303 880.72
914.492 884.646
913.502 888.787
913.493 893.052
913.506 897.339
913.161 901.58
913.501 905.73
915.054 909.66
915.699 913.74
915.488 918.001
915.477 922.25
915.582 926.486
917.463 930.476
917.491 934.729
917.497 938.965
918.463 943.127
919.395 947.245
920.685 951.19
922.521 954.867
923.58 958.808
924.494 962.796
925.516 966.758
926.613 970.742
928.439 974.486
929.823 978.381
931.465 982.304
932.322 986.485
933.834 990.437
935.491 994.445
937.176 998.435
938.756 1002.46
940.652 1006.25
943.389 1009.51
944.344 1013.59
947.227 1016.62
949.37 1020.03
951.236 1023.68
953.402 1027.18
955.398 1030.79
958.254 1033.89
959.324 1037.82
960.451 1041.72
961.875 1045.48
963.686 1049.18
965.329 1052.94
966.486 1056.9
967.465 1060.91
968.458 1064.86
969.505 1068.77
970.485 1072.74
971.452 1076.7
972.682 1080.54
973.505 1084.46
974.447 1088.37
974.501 1092.34
974.389 1096.33
972.593 1099.94
970.657 1103.38
966.996 1103.45
963.694 1100.8
959.909 1099.04
956.671 1096.45
953.043 1094.59
949.09 1093.5
944.881 1093.41
940.779 1092.53
936.633 1093.45
932.775 1092.39
929.434 1089.92
926.039 1087.49
922.644 1085.13
919.277 1082.65
915.328 1081.51
911.19 1081.47
907.045 1081.5
903.066 1082.58
899.526 1084.73
896.376 1087.49
893.522 1090.5
891.315 1094.09
887.685 1095.06
883.963 1093.31
880.253 1091.53
876.154 1091.46
872.079 1091.5
867.999 1091.31
863.908 1090.51
859.775 1090.71
855.711 1091.48
851.638 1091.13
847.548 1090.51
843.403 1090.49
839.267 1090.5
835.185 1091.21
831.077 1091.51
827.097 1092.49
823.11 1093.64
819.414 1095.53
815.815 1097.62
812.913 1100.54
810.286 1103.72
807.595 1106.85
805.531 1110.42
804.494 1114.41
804.435 1118.56
803.504 1122.66
803.519 1126.72
805.205 1130.58
805.739 1134.54
802.268 1136.47
798.5 1138.03
795.52 1140.82
792.655 1143.77
790.33 1147.21
787.868 1150.5
786.493 1154.35
785.809 1158.36
785.463 1162.35
784.637 1166.32
786.265 1169.82
789.073 1172.46
793.136 1172.53
797.204 1172.5
801.256 1171.86
805.264 1171.5
809.342 1171.46
813.393 1170.82
817.365 1171.58
821.359 1172.53
825.19 1174.12
829.127 1175.57
832.35 1178.15
833.733 1182.14
835.508 1185.92
837.245 1189.71
839.842 1192.95
842.571 1196.06
845.95 1198.6
848.562 1201.78
850.556 1205.5
853.337 1208.46
856.61 1210.83
860.605 1211.83
863.958 1214.51
868.071 1215.33
871.994 1216.46
876.059 1216.57
879.798 1218.33
883.828 1218.54
887.753 1219.32
891.822 1219.57
895.659 1221
899.658 1221.52
903.688 1221.73
907.66 1222.51
911.604 1223.34
915.471 1224.47
919.454 1224.63
923.372 1225.5
927.351 1225.55
931.187 1226.71
935.214 1226.65
939.054 1227.79
942.973 1228.44
946.862 1229.11
950.841 1229.54
954.695 1230.62
958.612 1231.49
962.64 1231.63
966.596 1232.5
970.652 1232.63
974.677 1233.49
978.775 1233.71
982.6 1235.42
986.784 1235.59
990.692 1237.39
994.867 1236.64
998.929 1237.48
1003.08 1237.63
1006.95 1239.36
1011.13 1239.54
1015.16 1240.36
1019.11 1241.48
1023.27 1241.55
1027.35 1242.29
1031.49 1242.61
1035.61 1243.36
1039.84 1243.48
1043.98 1244.28
1048.19 1243.71
1052.38 1244.5
1056.59 1244.57
1060.74 1245.47
1064.95 1244.57
1069.24 1245.42

