CONTOUR

1

1078

874.352 1207.6
877.634 1205.68
877.685 1201.82
875.833 1198.29
872.904 1195.42
869.754 1193.04
867.167 1189.76
863.814 1187.21
861.968 1183.47
859.451 1180.13
857.5 1176.46
855.548 1172.74
853.734 1169.02
852.497 1165.01
851.505 1160.95
851.499 1156.84
852.417 1152.8
853.493 1148.82
853.51 1144.7
853.517 1140.56
853.402 1136.45
851.525 1132.81
849.777 1129.16
848.13 1125.52
845.526 1122.54
842.782 1119.56
839.498 1117.06
836.846 1113.98
835.508 1110.18
835.497 1106.11
835.5 1102.03
835.495 1097.95
835.505 1093.87
837.173 1090.3
839.942 1087.59
843.892 1087.49
847.712 1086.73
851.613 1085.65
855.458 1087.03
859.276 1087.96
862.824 1090.29
866.951 1090.53
871.102 1090.5
875.151 1089.59
879.266 1089.24
883.081 1087.53
887.098 1087.5
891.06 1088.34
895.021 1089.52
899.022 1090.58
903.109 1091.5
907.312 1091.53
911.455 1092.52
915.557 1093.5
919.771 1093.67
923.884 1094.53
927.979 1095.42
931.794 1093.99
934.526 1091.03
933.678 1087.05
931.18 1083.67
926.895 1082.47
922.915 1080.54
918.888 1078.54
915.335 1075.7
911.347 1073.69
907.336 1071.76
903.212 1070.41
898.937 1069.47
895.038 1067.54
891.593 1064.84
889.404 1061.05
885.958 1058.4
882.871 1055.57
879.211 1053.55
875.225 1052.49
871.211 1051.51
867.116 1051.49
863.011 1051.5
858.909 1051.5
854.809 1051.5
850.698 1051.49
846.763 1050.41
843.048 1048.57
839.316 1046.69
835.461 1044.94
831.549 1043.34
827.869 1041.2
823.94 1039.39
820.274 1037.33
816.478 1035.54
812.496 1034.43
808.777 1032.69
804.92 1031.28
803.453 1027.46
801.621 1023.7
801.487 1019.61
801.397 1015.45
801.513 1011.42
801.122 1007.41
799.671 1003.48
799.56 999.451
799.597 995.329
799.972 991.318
800.597 987.264
801.44 983.201
801.428 979.016
800.981 974.854
800.539 970.712
799.373 966.687
799.459 962.405
798.239 958.235
797.718 954.016
799.599 950.416
803.571 949.496
807.55 950.575
810.049 954.016
812.048 957.908
813.546 962.014
815.397 965.881
817.664 969.466
819.742 973.177
821.922 976.8
824.528 980.145
827.973 982.509
832.054 982.419
835.335 980.024
836.523 975.994
837.529 971.895
838.525 967.793
839.4 963.695
839.538 959.529
840.418 955.507
840.509 951.43
840.465 947.331
839.867 943.296
839.535 939.194
839.917 935.186
841.609 931.361
843.174 927.461
842.553 923.268
842.546 919.046
841.493 915.075
839.754 911.262
838.485 907.287
837.229 903.266
835.491 899.273
833.643 895.3
832.537 891.084
831.599 886.862
830.519 882.651
828.537 878.812
826.525 874.9
824.627 871.047
825.461 866.995
827.422 863.256
829.518 859.517
832.29 856.187
834.39 852.371
837.405 849.4
841.286 847.524
845.469 846.45
849.431 844.694
853.176 842.48
856.7 839.984
860.462 838.191
864.624 837.512
868.858 837.513
873.1 837.53
877.25 838.414
881.322 839.41
885.435 839.613
889.155 841.519
892.908 843.363
896.914 843.501
900.808 841.633
904.415 842.52
905.939 846.206
907.368 850.011
908.541 853.837
909.52 857.722
910.578 861.636
911.608 865.583
913.513 869.242
916.022 872.405
919.913 873.562
923.839 874.768
927.308 876.685
929.814 879.77
931.594 883.43
933.707 887.059
936.546 890.27
939.542 893.279
943.277 895.537
947.222 897.517
951.119 899.476
953.59 902.801
953.503 907.056
953.503 911.334
954.018 915.609
955.139 919.74
957.173 923.653
959.297 927.595
961.134 931.624
963.186 935.566
965.234 939.47
967.672 943.079
970.481 946.411
973.173 949.849
975.452 953.525
978.183 956.886
980.424 960.584
983.063 964.046
985.115 967.775
987.535 971.249
990.061 974.688
992.568 978.113
995.165 981.446
997.497 984.931
999.605 988.523
1001.72 992.198
1004.43 995.559
1005.95 999.486
1006.2 1003.82
1007.72 1007.86
1009.45 1011.89
1011.44 1015.82
1012.73 1020.01
1013.92 1024.24
1016.48 1027.86
1019.2 1031.4
1021.04 1035.41
1023.07 1039.33
1025.12 1043.18
1027.34 1046.91
1028.64 1051.09
1030.7 1054.9
1033.09 1058.51
1035.71 1061.95
1038.51 1065.22
1042.04 1067.4
1046.05 1066.54
1049.48 1064.24
1051.55 1060.72
1052.6 1056.68
1052.73 1052.4
1053.52 1048.22
1054.5 1044.08
1054.43 1039.83
1054.52 1035.61
1055.69 1031.63
1058.58 1028.54
1061.88 1025.81
1065.34 1023.35
1069.2 1021.59
1073.46 1021.52
1077.7 1021.6
1081.77 1022.98
1085.96 1023.56
1090.08 1024.58
1094.24 1025.4
1098.18 1026.74
1101.36 1029.48
1103.95 1032.85
1106.53 1036.21
1109.38 1039.4
1112.11 1042.62
1114.56 1046.08
1117.49 1049.12
1120.45 1052.13
1123.86 1054.54
1127.98 1055.53
1132.1 1056.57
1135.99 1055.59
1138.5 1052.43
1140.06 1048.61
1141.46 1044.81
1143.2 1041.14
1144.62 1037.41
1145.45 1033.42
1146.47 1029.46
1147.44 1025.53
1148.68 1021.71
1148.53 1017.69
1148.63 1013.82
1150.29 1010.22
1151.96 1006.64
1153.8 1003.11
1155.77 999.631
1159.57 999.583
1162.77 1002.21
1166.08 1004.66
1169.4 1007.06
1173.23 1008.4
1177.45 1008.6
1179.46 1012.05
1181.19 1015.72
1183.64 1019.16
1187.04 1021.46
1190.61 1023.46
1194.17 1025.29
1195.53 1028.99
1196.57 1032.97
1197.55 1036.97
1198.58 1040.99
1199.4 1045.13
1197.51 1049.12
1196.54 1053.21
1199.03 1056.72
1202.14 1059.48
1206.17 1059.51
1210.21 1058.8
1214.06 1057.43
1217.32 1055.06
1219.42 1051.44
1220.45 1047.45
1221.45 1043.45
1221 1039.45
1220.49 1035.33
1219.51 1031.28
1218.77 1027.24
1217.48 1023.39
1216.25 1019.57
1215.32 1015.65
1214.56 1011.69
1215.78 1007.79
1217.5 1003.97
1217.41 999.938
1215.55 996.35
1213.77 992.716
1211.78 989.277
1209.46 985.995
1207.49 982.403
1205.63 978.687
1203.68 975.094
1201.81 971.39
1200.52 967.605
1200.76 963.686
1201.77 959.902
1205.64 959.488
1209.66 959.495
1213.68 959.506
1217.25 960.941
1218.95 964.783
1220.79 968.452
1223.5 971.654
1225.75 975.241
1229.32 977.217
1233.18 978.519
1235.52 981.486
1234.45 985.002
1231.66 987.935
1229.57 991.535
1228.49 995.472
1229.62 999.241
1232.8 1001.48
1236.87 1001.51
1240.95 1001.48
1244.81 999.732
1248.93 998.747
1252.52 996.526
1255.69 993.796
1258.35 990.428
1260.17 986.482
1261.48 982.268
1261.5 977.89
1260.68 973.548
1259.59 969.245
1258.81 965.029
1258.51 960.754
1257.6 956.623
1255.62 952.842
1253.82 949.158
1251.3 945.893
1248.03 943.492
1245.19 940.623
1242.52 937.528
1238.95 935.522
1235.34 933.726
1232.01 931.502
1228.67 929.365
1225.2 927.375
1221.6 925.303
1217.84 923.168
1214.27 920.836
1210.51 918.863
1206.91 916.501
1203.5 913.804
1200.47 910.698
1197.25 907.773
1193.9 905.032
1190.63 902.267
1187.28 899.613
1184.17 896.598
1180.89 893.857
1177.65 891.268
1174.53 888.495
1171.28 885.808
1167.84 883.405
1165.33 879.9
1161.94 877.226
1159.38 873.929
1156.65 870.714
1154.57 866.898
1152.06 863.472
1149.51 860.147
1147.5 856.442
1145.41 852.805
1143.5 849.007
1140.66 845.804
1138.07 842.451
1135.62 839.063
1133.78 835.185
1131.49 831.538
1129.52 827.709
1126.72 824.444
1123.95 821.26
1122.24 817.489
1119.96 813.931
1119.3 809.832
1117.41 806.168
1115.51 802.454
1113.59 798.765
1111.68 794.923
1109.69 791.243
1107.57 787.675
1105.48 784.015
1103.27 780.406
1100.53 777.006
1098.01 773.492
1095.98 769.682
1095 765.548
1091.92 762.342
1089.52 758.779
1087.65 754.935
1085.17 751.516
1082.77 748.022
1080.57 744.356
1078.5 740.596
1075.73 737.209
1073.72 733.383
1070.62 730.334
1067.31 727.479
1063.27 725.591
1059.78 723.174
1059.48 718.938
1058.63 714.867
1058.49 710.752
1057.56 706.698
1058.45 702.52
1057.52 698.377
1057.5 694.212
1057.5 690.066
1057.49 685.934
1056.55 681.83
1056.52 677.699
1056.5 673.634
1055.58 669.724
1054.52 665.983
1054.39 662.17
1053.44 658.455
1051.59 654.947
1050.6 650.963
1049.61 647.011
1048.55 642.967
1047.42 639.013
1045.42 635.391
1043.54 631.726
1043.48 627.552
1042.29 623.657
1040.25 619.854
1040.48 615.537
1039.5 611.386
1038.54 607.228
1037.5 603.157
1036.47 599.063
1035.29 594.993
1033.61 591.041
1032.7 586.728
1031.64 582.543
1030.5 578.391
1029.44 574.167
1027.6 570.127
1026.51 565.926
1025.32 561.781
1023.5 557.905
1021.67 554.031
1019.47 550.329
1016.6 547.02
1013.99 543.423
1011.23 540.332
1007.83 537.824
1005.23 534.558
1002.37 531.512
999.503 528.553
996.042 526.245
993.594 522.857
991.609 519.094
989.543 515.235
987.685 511.295
986.453 507.133
984.542 503.3
982.74 499.413
981.006 495.448
979.12 491.556
977.332 487.676
975.371 483.846
972.838 480.311
970.9 476.429
968.522 472.774
965.799 469.371
962.739 466.328
959.754 463.134
957.082 459.62
954.427 455.893
951.319 452.72
947.57 450.473
943.757 448.273
940.43 445.492
936.757 443.344
932.942 441.355
929.063 439.593
924.814 439.468
920.48 439.467
916.238 439.485
912.003 439.485
907.783 439.519
903.6 440.486
899.403 440.714
895.377 439.51
893.525 435.53
891.642 431.586
888.84 428.17
887.048 424.195
885.423 420.023
882.95 416.428
881.154 412.522
879.204 408.665
876.696 404.937
875.524 400.656
874.501 396.424
873.232 392.267
871.546 388.172
870.513 383.962
869.401 379.842
867.549 375.972
866.568 371.913
865.498 367.888
864.441 363.811
863.488 359.67
861.648 355.809
860.523 351.711
859.521 347.603
858.297 343.534
856.686 339.565
855.594 335.544
854.465 331.558
852.518 327.877
850.737 324.128
849.469 320.187
847.488 316.754
844.4 314.533
840.531 314.485
836.776 315.492
833.509 317.46
831.501 320.739
830.625 324.607
830.46 328.633
829.522 332.619
829.412 336.72
825.634 336.803
823.677 333.086
821.337 329.631
819.453 325.9
817.365 322.313
814.668 319.049
813.323 314.838
810.387 311.618
808.361 307.859
805.636 304.601
803.52 301.112
801.344 297.669
798.764 294.483
796.54 290.994
793.641 288.108
791.489 284.516
789.395 280.911
787.038 277.527
784.545 274.059
782.269 270.472
780.513 266.546
777.822 263.135
776.385 258.89
773.82 255.325
772.141 251.509
770.597 247.665
769.287 243.676
766.646 240.241
765.641 236.143
763.539 232.5
762.498 228.59
761.531 224.643
761.496 220.588
760.333 216.741
759.51 212.853
759.48 208.849
758.383 204.998
757.488 201.049
756.42 197.141
755.51 193.168
755.516 189.074
755.503 184.977
754.569 180.909
755.326 176.752
754.51 172.746
753.542 168.724
753.518 164.586
753.631 160.439
755.334 156.581
755.521 152.455
756.372 148.413
757.307 144.441
758.48 140.467
759.501 136.463
760.517 132.465
762.192 128.704
763.73 124.887
766.042 121.475
768.506 118.114
771.596 115.248
775.226 112.994
778.351 109.887
781.907 107.524
785.713 105.538
789.549 103.623
793.772 103.493
797.952 102.987
802.232 103.392
806.461 103.513
810.719 103.557
814.893 104.485
819.072 105.255
823.131 106.691
827.208 107.812
830.867 110.219
834.918 111.817
838.353 114.454
841.739 117.094
845.268 119.408
848.86 121.621
852.396 124.007
855.453 126.976
858.431 129.976
861.386 132.991
864.31 136.124
867.379 139.155
870.539 142.043
873.68 144.938
876.789 147.896
879.548 151.2
882.322 154.497
884.542 158.187
887.653 161.051
891.324 162.833
895.315 163.504
899.294 163.085
901.819 159.843
903.183 155.836
903.504 151.86
902.507 147.96
901.489 144.021
899.528 140.409
897.569 136.893
895.18 133.621
893.294 130.106
891.159 126.699
889.003 123.217
886.393 119.909
883.568 116.786
881.43 113.086
878.434 109.995
875.506 106.811
872.505 103.653
869.528 100.374
866.501 97.1031
862.973 94.4516
859.837 91.3048
857.192 87.802
853.629 85.2428
849.58 83.4914
845.493 81.853
841.69 79.729
837.71 78.1339
833.831 76.3393
829.997 74.502
826.122 72.9145
822.216 71.206
818.029 70.1474
813.933 68.4484
809.626 67.406
805.253 66.5449
800.806 66.3197
796.674 64.8752
792.435 64.5111
788.188 64.5191
784.045 65.4574
779.736 65.525
775.706 66.7692
772.169 69.3759
767.815 69.6386
764.395 71.9169
760.976 74.3849
757.191 76.2552
754.134 79.1142
750.642 81.2823
746.742 82.7674
743.754 85.6031
740.703 88.4304
738.17 91.7968
735.631 95.2009
732.919 98.563
729.892 101.805
728.075 105.923
724.885 109.028
723.078 113.018
720.089 116.396
716.812 119.468
715.347 123.57
712.794 127.086
710.816 130.832
709.515 134.865
709.533 139.219
707.529 143.061
707.502 147.239
706.52 151.324
706.09 155.535
705.116 159.603
704.202 163.666
703.519 167.759
703.486 171.869
703.484 175.996
703.487 180.117
703.434 184.223
702.972 188.363
702.461 192.446
701.507 196.475
702.428 200.454
702.496 204.551
703.061 208.593
704.235 212.418
704.484 216.462
705.463 220.401
705.499 224.429
706.49 228.332
708.359 231.987
708.5 236.236
709.653 240.272
711.475 244.032
712.433 248.007
714.085 251.691
715.097 255.58
716.499 259.398
717.493 263.354
718.608 267.286
719.524 271.273
721.307 275.039
721.738 279.315
723.488 283.22
724.653 287.31
725.51 291.501
727.404 295.374
728.495 299.461
729.485 303.599
730.863 307.568
732.482 311.498
733.521 315.601
735.366 319.352
737.285 323.065
737.507 327.284
738.647 331.283
739.726 335.338
741.438 339.253
741.805 343.481
743.47 347.402
744.507 351.458
745.552 355.462
747.581 359.139
749.421 362.772
749.869 366.801
751.39 370.544
751.778 374.451
752.493 378.411
752.687 382.414
752.543 386.345
754.869 389.732
755.502 393.7
756.487 397.636
757.548 401.529
758.498 405.496
759.48 409.42
759.431 413.413
758.495 417.479
758.497 421.587
759.471 425.658
759.51 429.794
760.562 433.798
761.476 437.868
761.492 442.076
762.328 446.123
763.496 449.975
765.472 453.575
765.523 457.525
764.479 461.399
763.1 465.289
762.453 469.428
761.483 473.588
759.115 477.087
755.555 479.381
751.911 481.464
748.323 483.505
745.252 486.291
741.714 488.442
737.55 488.526
733.792 489.693
730.692 492.261
727.574 494.837
724.674 497.622
722.369 501.035
719.556 503.98
717.221 507.611
714.996 511.396
713.218 515.341
711.282 519.251
709.088 522.983
707.598 527.034
705.577 530.781
704.517 534.796
703.201 538.788
702.384 542.999
701.347 546.984
700.439 551.055
699.491 555.215
699.022 559.393
698.48 563.502
697.64 567.57
696.786 571.515
696.529 575.473
697.05 579.517
697.202 583.569
696.494 587.645
696.476 591.765
695.517 595.797
695.489 599.882
695.492 603.954
695.509 608.034
695.451 612.149
694.701 616.33
695.382 620.485
695.483 624.522
694.505 628.455
693.805 632.347
693.491 636.267
693.491 640.21
693.446 644.132
693.147 648.105
693.057 652.095
692.514 656.049
692.031 660.007
691.482 663.939
690.952 667.948
690.662 671.974
690.478 676.021
690.421 680.036
689.98 684.152
690.25 688.316
689.477 692.398
688.669 696.473
688.508 700.594
688.472 704.667
687.403 708.581
684.497 711.644
681.767 714.905
680.489 718.82
680.475 722.995
680.429 727.177
679.512 731.425
680.37 735.667
680.893 739.879
681.477 744.133
682.46 748.312
683.488 752.465
685.394 756.319
687.297 760.058
688.779 764.125
691.148 767.79
692.368 771.865
693.946 775.801
695.494 779.823
697.411 783.727
698.905 787.757
701.477 791.399
704.101 794.96
707.693 797.45
711.578 799.438
715.443 801.548
719.391 803.487
723.171 805.549
723.604 809.669
724.45 813.799
723.485 817.85
721.79 821.704
720.533 825.585
719.693 829.508
720.649 833.433
722.287 837.227
723.591 841.181
723.154 845.304
721.512 849.235
720.514 853.316
720.265 857.508
719.51 861.642
718.225 865.642
716.68 869.534
714.665 873.212
711.799 876.466
708.738 879.659
706.383 883.365
702.352 885.057
699.268 888.096
695.797 890.537
692.095 892.598
689.481 895.727
688.265 899.891
685.74 903.489
683.498 907.284
681.582 911.258
679.592 915.194
678.675 919.431
678.598 923.6
680.016 927.587
681.483 931.673
681.326 935.875
679.508 939.756
677.687 943.711
676.546 947.948
675.502 952.186
674.585 956.433
674.46 960.727
673.821 965.014
674.449 969.264
674.526 973.567
675.483 977.783
676.477 981.992
677.528 986.17
679.396 989.987
682.654 992.465
686.728 991.942
690.116 989.551
692.554 986.105
694.144 982.09
695.764 978.111
698.286 974.58
700.69 971.003
703.274 967.552
705.523 963.913
708.465 960.817
711.723 958.039
715.828 956.852
719.706 955.152
723.672 953.514
727.663 951.986
731.572 952.909
734.26 956.057
736.384 959.682
737.486 963.691
738.414 967.748
738.513 971.851
739.426 975.869
740.45 979.88
741.505 983.877
743.094 987.781
743.956 991.868
745.485 995.835
747.505 999.553
749.348 1003.41
751.409 1007.11
753.887 1010.37
757.97 1011.54
761.246 1013.9
761.785 1017.92
762.567 1021.99
763.509 1026.01
764.392 1030.07
765.459 1034.02
765.492 1037.99
765.48 1041.94
765.491 1045.9
766.19 1049.83
766.493 1053.75
767.476 1057.62
767.509 1061.59
768.74 1065.37
769.469 1069.26
768.543 1073.31
769.104 1077.35
769.495 1081.38
769.497 1085.45
769.491 1089.55
769.783 1093.69
770.503 1097.81
770.564 1101.91
771.484 1106.01
771.64 1110.2
773.358 1114.19
772.549 1118.34
772.494 1122.4
773.317 1126.48
772.433 1130.5
771.51 1134.6
771.485 1138.86
770.576 1143.08
771.474 1147.16
772.595 1151.17
773.634 1155.15
776.532 1158.26
779.375 1161.36
779.808 1165.52
781.395 1169.42
782.784 1173.28
783.815 1177.19
785.862 1180.75
788.501 1184.17
791.198 1187.71
793.688 1191.17
796.93 1193.57
800.497 1195.57
804.196 1197.46
808.205 1198.51
812.254 1199.41
816.29 1199.49
820.386 1199.39
824.163 1197.53
828.115 1196.13
831.533 1193.94
832.461 1190.17
830.447 1186.66
827.337 1183.91
823.154 1183.33
819.56 1181.38
815.811 1179.46
812.543 1176.71
809.955 1173.4
807.704 1169.94
805.896 1166.23
805.4 1162.35
805.522 1158.37
807.979 1155.6
811.856 1155.51
815.52 1157.2
819.047 1159.46
822.696 1161.4
825.657 1164.18
827.647 1167.82
829.98 1171.46
831.647 1175.38
833.71 1179.24
835.831 1183.22
839.31 1186.25
841.901 1189.83
843.467 1191.46
845.032 1193.09
848.385 1196.11
851.67 1199.18
855.361 1201.43
858.992 1203.52
862.661 1205.56
866.469 1207.21
870.373 1208.19

