CONTOUR

1

1496

1084.18 1191.5
1088.28 1190.5
1092.27 1189.27
1095.46 1186.71
1097.59 1182.99
1099.44 1179.16
1099.38 1175.02
1097.11 1171.62
1093.17 1170.52
1088.96 1171.48
1084.78 1171.51
1080.8 1170.51
1077.87 1167.5
1075.33 1164.41
1071.75 1162.27
1070.51 1158.62
1071.48 1154.55
1071.52 1150.43
1071.41 1146.32
1069.98 1142.42
1067.94 1138.75
1065.71 1135.29
1062.43 1132.62
1059.3 1129.79
1055.83 1127.36
1055.58 1123.5
1059.15 1121.51
1063.25 1120.51
1067.47 1120.49
1071.7 1120.59
1075.37 1122.64
1079.11 1124.63
1082.76 1126.63
1085.95 1129.37
1089.56 1131.47
1093.25 1133.46
1096.97 1135.39
1100.88 1136.59
1104.91 1137.52
1109 1137.5
1112.86 1135.87
1116.64 1134.55
1120.51 1135.51
1124.13 1137.42
1128.03 1138.69
1131.74 1140.32
1135.65 1141.52
1139.65 1142.6
1143.69 1143.61
1147.57 1145.19
1151.63 1146.27
1155.67 1147.18
1159.81 1147.56
1163.94 1148.5
1168.16 1148.52
1172.38 1148.48
1176.46 1147.47
1179.44 1144.71
1179.23 1140.8
1175.84 1138.13
1172.37 1135.56
1168.21 1134.41
1164.43 1132.65
1160.85 1130.41
1157.25 1128.32
1154.02 1125.61
1150.43 1123.57
1146.41 1122.44
1142.72 1120.5
1139.06 1118.26
1135.41 1115.83
1131.73 1113.53
1127.92 1111.37
1125.64 1107.82
1124.28 1103.7
1121.31 1100.6
1118.18 1097.67
1114.34 1095.71
1110.21 1094.39
1106.02 1093.03
1101.61 1092.45
1097.19 1091.52
1092.88 1090.56
1088.79 1089.07
1085.19 1086.66
1081.65 1084.06
1079.49 1080.34
1078.51 1076.15
1079.65 1072.05
1082.81 1069.1
1085.71 1065.82
1088.62 1062.56
1091.89 1059.68
1095.52 1057.13
1099.7 1055.49
1104.13 1054.38
1108.3 1052.59
1112.5 1050.92
1116.32 1048.37
1119.82 1045.54
1122.22 1041.76
1124.43 1037.94
1128.4 1036.26
1132.48 1034.73
1136.52 1033.19
1140.49 1031.45
1144.44 1029.52
1148.41 1027.55
1152.54 1025.87
1156.55 1024.02
1160.24 1021.57
1164.18 1019.51
1166.53 1015.93
1166.24 1011.73
1162.66 1009.57
1158.22 1009.49
1153.77 1009.5
1149.32 1009.49
1144.87 1009.51
1140.52 1010.44
1136.22 1011.32
1132.03 1012.48
1127.82 1013.49
1123.68 1014.47
1119.56 1015.31
1115.7 1013.47
1111.62 1012.49
1107.4 1012.48
1103.2 1012.58
1099.46 1014.52
1095.81 1016.59
1092.44 1018.93
1089.25 1021.4
1085.91 1023.51
1082.55 1025.57
1079.32 1027.99
1075.65 1029.75
1071.94 1031.56
1068.02 1032.57
1064.02 1033.54
1060.14 1035.12
1056.02 1035.52
1051.98 1036.57
1047.9 1037.59
1044.08 1039.39
1039.96 1039.52
1035.9 1040.2
1031.82 1040.5
1027.91 1041.5
1023.99 1042.57
1020.27 1044.31
1016.26 1044.7
1012.35 1045.68
1008.34 1044.67
1004.36 1043.36
1001.03 1040.93
998.692 1037.69
1001.89 1035.53
1006.13 1035.66
1010.26 1035.12
1012.79 1031.86
1013.56 1027.66
1013.44 1023.4
1011.6 1019.48
1009.46 1015.66
1007.45 1011.77
1004.95 1008.18
1002.6 1004.51
999.923 1001.07
996.799 998.035
993.808 994.912
991.754 991.194
991.649 987.04
993.569 983.479
997.645 982.425
1001.87 981.729
1006.15 981.433
1010.01 979.624
1014.04 978.259
1017.42 975.722
1020.8 973.259
1024.82 972.438
1028.92 972.582
1032.91 973.783
1037.03 974.571
1041.11 975.748
1045.07 977.47
1049.23 978.497
1053.36 979.506
1057.45 980.519
1061.58 981.494
1065.67 981.463
1069.01 979.402
1069.6 975.426
1069.54 971.273
1069.46 967.148
1068.03 963.219
1066.22 959.474
1063.54 956.177
1060.5 953.261
1057.44 950.394
1054.28 947.597
1051 944.903
1047.54 942.398
1044.17 939.772
1040.54 937.587
1036.62 936.028
1032.76 934.459
1029.03 932.69
1025.13 931.453
1021.25 930.155
1019.29 927.024
1022.28 924.45
1026.39 923.513
1030.66 923.48
1034.95 923.498
1039.22 923.551
1043.45 924.487
1047.66 925.249
1051.93 925.502
1055.95 924.614
1057.52 920.813
1057.5 916.551
1056.57 912.309
1055.65 908.108
1053.74 904.382
1051.12 901.085
1047.87 898.329
1044.56 895.703
1041.12 893.344
1037.35 891.558
1033.53 890.011
1029.58 888.59
1025.56 887.55
1021.54 886.635
1017.51 886.251
1013.45 885.725
1009.38 886.463
1005.26 886.579
1001.26 887.48
997.267 887.377
993.784 884.943
989.94 883.492
985.812 883.211
981.593 883.38
977.52 883.28
973.419 882.648
969.314 882.513
965.226 882.893
961.142 882.594
957.111 882.478
953.084 882.786
949.13 883.554
945.149 884.419
941.102 884.512
937.082 885.096
933.067 885.468
929.144 885.322
929.709 881.511
932.89 878.772
936.217 876.164
939.156 873.179
941.998 870.154
943.709 866.253
946.921 863.387
949.85 860.352
951.498 856.499
953.566 852.881
956.203 849.736
959.581 847.403
963.258 845.458
967.294 844.336
971.473 843.5
975.55 842.189
979.626 841.444
983.642 842.313
987.453 844.002
991.37 845.667
995.182 847.769
998.812 850.365
1002.75 852.356
1007.04 853.49
1011.43 852.667
1015.65 851.552
1019.73 849.954
1023.55 847.723
1027.4 845.737
1031.2 843.582
1035.03 841.59
1038.69 839.228
1041.65 835.954
1045.03 833.333
1047.97 830.53
1051.05 827.66
1053.56 824.468
1056.27 821.451
1059.18 818.498
1061.57 815.166
1063.8 811.671
1065.72 807.861
1067.61 804.111
1069.54 800.237
1070.83 796.131
1071.65 791.887
1073.47 788.032
1074.49 783.877
1075.8 779.944
1079.75 779.506
1083.87 780.31
1087.93 781.489
1092.19 781.681
1096.11 783.456
1100.26 784.414
1104.32 785.677
1108.17 787.462
1111.92 789.374
1116.17 790.025
1120.17 791.747
1124.22 793.516
1128.07 795.675
1131.34 798.486
1135 800.8
1137.4 804.097
1139.26 807.685
1140.94 811.426
1143.89 814.534
1146.67 817.891
1149.6 821.116
1152.59 824.189
1155.82 827.151
1158.78 830.205
1161.69 833.192
1165.04 835.636
1168.23 838.174
1172 839.745
1175.55 841.887
1179.22 843.916
1181.45 847.353
1181.5 851.525
1181.48 855.715
1181.48 859.921
1181.77 864.084
1183.48 867.956
1185.28 871.749
1187.71 875.2
1191.45 876.888
1195.47 877.499
1199.65 876.946
1203.27 878.764
1205.21 882.643
1206.76 886.66
1207.51 890.843
1207.5 895.131
1207.5 899.415
1207.21 903.678
1205.66 907.769
1205.53 911.932
1207.96 915.208
1212.21 915.51
1216.44 914.532
1220.29 912.386
1223.36 909.301
1225.3 905.525
1226.85 901.576
1227.52 897.318
1228.53 893.068
1228.51 888.669
1227.81 884.27
1227.28 879.937
1225.43 876.148
1223.5 872.388
1221.56 868.697
1219.62 864.996
1217.68 861.248
1216.55 857.269
1217.58 853.407
1220.97 851.568
1224.85 853.457
1228.86 854.756
1233.01 855.485
1237.22 855.875
1239.39 859.365
1240.49 863.416
1240.62 867.636
1241.46 871.846
1239.68 875.707
1237.8 879.525
1237.4 883.52
1239.88 886.43
1243.87 886.507
1247.88 885.562
1251.58 883.901
1254.97 881.627
1258.34 879.301
1260.43 875.672
1262.5 872.031
1263.62 868.113
1264.5 864.061
1264.5 859.946
1263.96 855.858
1263.31 851.782
1261.45 848.024
1259.48 844.455
1257.48 840.943
1255.18 837.532
1253.51 833.735
1252.3 829.735
1249.94 826.331
1247.51 822.936
1245.07 819.59
1241.59 817.201
1237.8 815.162
1237.38 811.047
1238.44 806.886
1239.47 802.671
1239.52 798.381
1239.52 794.086
1239.49 789.829
1238.54 785.648
1237.7 781.511
1236.29 777.596
1234.36 773.93
1231.5 770.9
1228.01 768.724
1223.98 767.48
1220.16 765.629
1215.99 765.397
1211.88 764.496
1207.76 763.491
1203.65 762.506
1199.49 762.56
1195.33 762.479
1191.23 761.505
1187.17 760.443
1183.33 758.715
1179.35 757.49
1175.36 756.331
1171.2 755.477
1167.27 753.673
1163.36 751.733
1159.21 750.602
1154.93 750.478
1150.8 749.483
1146.68 748.484
1142.55 747.407
1138.7 745.572
1134.59 744.695
1130.61 743.385
1126.31 743.438
1122.25 742.562
1118.42 740.65
1114.38 739.515
1110.6 737.749
1106.61 737.341
1102.62 736.493
1098.67 735.493
1095.07 733.56
1091.31 731.964
1087.21 731.48
1083.25 730.388
1079.42 728.754
1075.46 727.665
1071.62 726.467
1067.92 725.011
1064.46 722.69
1060.49 721.374
1056.69 719.622
1052.75 718.437
1049.26 716.361
1046.54 713.452
1046.12 709.401
1046.1 705.265
1045.58 701.17
1045.52 697.176
1048.1 694.55
1052.1 695.407
1056.08 695.809
1059.87 697.108
1063.9 697.528
1067.82 698.554
1071.75 699.485
1075.76 699.624
1079.72 700.525
1083.69 701.481
1087.78 701.614
1091.78 702.549
1095.82 703.52
1099.63 705.228
1103.64 706.251
1107.64 707.356
1111.8 707.703
1115.67 709.356
1119.52 711.03
1123.48 712.342
1127.45 713.512
1131.3 715.009
1135.39 715.679
1139.25 717.3
1143.22 718.543
1147.22 719.937
1150.94 722.452
1155.35 723.604
1159.54 725.395
1163.6 727.36
1167.56 729.457
1171.48 731.489
1175.33 733.628
1179.29 735.554
1183.17 737.665
1186.97 739.626
1190.71 741.511
1194.41 743.531
1197.96 745.72
1201.73 747.555
1205.33 749.845
1209.21 751.535
1212.95 753.534
1216.73 755.475
1220.86 756.691
1224.56 759.046
1228.47 760.457
1232.19 762.384
1236.33 763.51
1240.56 764.475
1244.94 764.511
1249.35 764.528
1253.7 764.465
1257.96 763.487
1261.97 761.597
1265.95 759.75
1269.67 757.782
1273.19 755.351
1276.53 752.643
1279.5 749.526
1281.53 745.781
1283.69 742.081
1286.14 738.537
1287.68 734.506
1289.19 730.423
1289.28 726.155
1287.62 722.132
1285.68 718.248
1285.53 714.24
1287.69 710.771
1291.3 708.288
1293.35 704.599
1295.39 700.993
1296.57 697.136
1297.5 693.158
1297.5 689.104
1296.53 685.115
1295.49 681.157
1294.09 677.303
1292.61 673.394
1291.07 669.5
1289.23 665.649
1287.04 661.952
1284.18 658.59
1281.2 655.408
1277.98 652.438
1274.71 649.494
1271.01 647.027
1267.58 644.038
1263.89 641.384
1259.98 639.206
1256.32 636.603
1252.14 635.008
1247.95 633.399
1243.98 631.494
1240.08 629.481
1236.2 627.518
1232.28 625.656
1228.06 624.468
1223.81 623.297
1219.82 621.507
1215.65 620.142
1211.63 618.635
1207.62 617.225
1203.77 615.466
1199.96 613.551
1195.91 612.186
1192.48 609.815
1188.65 608.344
1185.07 606.404
1182.11 603.556
1179.11 600.583
1176.39 597.326
1173.35 594.293
1170.6 590.929
1168.55 586.976
1166.05 583.37
1163.45 579.852
1160.93 576.373
1157.99 573.217
1154.78 570.35
1152.39 566.818
1148.51 565.267
1144.57 563.566
1140.65 561.954
1138.48 558.623
1137.43 554.572
1135.57 550.799
1134.27 546.694
1131.71 543.139
1129.8 539.242
1127.37 535.667
1123.84 533.173
1120.51 530.485
1117.66 527.22
1114.71 524.018
1111.23 521.537
1107.52 519.453
1103.35 518.408
1099.37 516.618
1095.08 516.443
1090.85 516.491
1086.61 516.56
1082.39 517.46
1078.14 517.495
1073.86 517.543
1069.57 517.07
1065.92 514.42
1061.88 512.507
1058.36 509.804
1054.76 507.271
1051.41 504.491
1047.29 503.482
1043.01 503.49
1038.87 504.506
1035.02 506.364
1030.96 507.665
1027.76 510.382
1025.31 513.944
1022.39 517.073
1018.9 519.494
1014.79 520.001
1011.01 518.247
1007.34 516.3
1003.22 515.368
999.658 512.932
995.662 511.316
991.567 509.744
987.395 508.485
983.142 507.509
978.726 507.423
974.687 505.532
970.546 503.798
966.245 503.369
961.959 502.511
957.688 503.455
953.533 504.481
949.301 504.481
945.043 504.498
940.927 505.521
936.757 506.648
932.885 508.552
929.086 510.55
924.967 511.801
920.892 513.192
916.599 513.536
912.685 515.193
909.018 517.374
905.56 519.889
901.975 522.652
900.295 524.165
898.616 525.677
895.467 528.998
891.804 531.739
889.578 535.56
887.24 539.23
884.17 542.351
881.641 545.871
879.54 549.667
877.483 553.504
875.52 557.38
873.827 561.363
872.832 565.51
871.478 569.574
870.486 573.784
869.506 577.977
868.579 582.117
867.5 586.156
866.584 590.243
865.389 594.074
861.572 593.931
859.117 590.404
856.65 586.883
853.837 583.644
850.554 580.848
847.421 577.859
843.834 575.462
840.906 572.365
839.116 568.483
837.168 564.55
835.216 560.534
833.129 556.573
830.641 552.786
828.159 549.041
824.883 545.936
821.427 542.904
817.484 540.675
813.674 538.177
810.755 534.71
807.779 531.27
805.631 527.344
803.513 523.457
801.291 519.644
798.41 516.282
794.983 513.467
791.067 511.32
787.47 508.73
783.75 506.273
781.066 502.623
777.879 499.312
775.333 495.589
772.85 491.814
770.545 487.908
767.916 484.325
765.12 481.009
761.753 478.227
758.418 475.408
754.534 473.282
750.399 471.512
746.056 470.519
741.664 470.013
738.031 467.715
735.065 464.52
732.011 461.337
729.363 457.92
725.98 455.288
722.684 452.633
718.762 451.183
714.893 449.537
710.767 449.49
706.612 449.434
702.906 447.523
699.479 444.881
695.904 442.279
692.442 439.574
688.344 438.466
684.059 438.467
679.875 439.51
675.678 440.478
671.712 439.168
668.581 436.071
665.143 433.492
661.325 431.492
657.382 429.714
653.091 429.471
648.8 429.511
644.959 431.436
641.4 433.806
637.291 433.629
633.394 431.843
629.369 430.514
625.206 430.487
621.363 431.962
618.521 435.3
616.365 439.187
614.523 443.168
610.161 443.558
606.004 444.613
602.316 446.789
599.068 449.562
597.312 453.215
596.489 457.264
596.512 461.405
597.24 465.591
593.65 467.592
589.502 469.02
585.584 470.823
582.656 473.813
581.502 477.876
581.474 482.258
579.372 485.764
575.242 487.38
571.882 490.131
569.555 493.579
569.452 498.033
567.232 501.43
562.964 502.592
559.586 504.868
557.474 508.547
555.288 512.163
551.253 513.559
547.694 515.627
545.507 519.017
544.504 522.911
544.548 527.02
542.905 530.418
539.036 530.527
535.113 530.488
531.187 530.502
527.337 531.453
523.485 532.449
519.69 531.507
515.936 530.356
512.356 528.684
508.478 528.487
504.575 528.422
501.089 526.619
497.327 525.48
493.485 524.373
489.511 523.498
485.473 523.505
481.498 524.605
477.441 525.487
473.624 524.054
470.338 521.643
466.861 519.525
463.252 517.651
459.271 516.735
455.194 516.485
451.105 516.672
446.887 516.449
442.748 515.499
438.657 514.21
435.174 511.678
431.151 510.487
427.092 509.389
422.987 508.319
419.092 506.616
415.01 505.258
411.242 503.192
407.139 501.743
403.456 499.455
399.723 497.248
395.731 495.504
391.831 493.581
388.054 491.57
384.212 489.666
380.432 487.593
376.659 485.59
372.687 484.199
369.454 481.489
365.751 479.544
362.172 477.513
358.195 476.301
354.713 474.2
351.288 472.212
348.277 469.598
344.894 467.451
341.345 465.646
338.082 463.415
334.755 461.145
331.465 458.916
327.796 457.241
325.388 453.871
322.567 451.091
319.565 448.506
317.178 445.418
314.283 442.558
311.766 439.372
309.552 435.966
307.504 432.469
304.929 429.344
303.266 425.793
300.58 422.815
298.871 419.202
297.674 415.418
295.655 412.011
293.506 408.614
292.476 404.695
290.71 401.053
290.44 397.035
289.51 393.085
288.701 389.144
287.502 385.286
286.537 381.388
286.516 377.452
287.449 373.541
287.512 369.603
288.467 365.808
289.561 361.94
291.601 358.388
293.476 354.687
295.586 351.119
298.731 348.431
301.291 345.256
303.657 341.879
307.002 339.633
310.679 337.875
314.43 336.525
318.233 335.324
321.946 333.494
325.714 331.802
329.628 330.782
333.447 329.611
337.427 329.505
341.379 329.445
345.374 329.001
349.384 328.611
353.321 329.486
357.304 329.502
361.283 329.506
365.266 329.521
369.132 330.561
373.096 331.502
377.006 332.593
381.096 333.52
385.152 334.769
389.334 335.514
393.495 336.512
397.684 337.515
401.677 339.213
405.81 340.454
409.975 341.505
414.155 342.483
418.341 342.483
422.453 341.48
425.606 338.799
427.495 335.105
427.51 330.919
426.601 326.84
423.849 323.576
420.052 321.472
416.185 319.445
412.566 317.143
408.62 315.467
404.764 313.527
400.742 312.071
397.193 309.691
393.288 308.217
389.366 306.694
385.418 305.432
381.711 303.561
377.776 302.528
373.887 301.382
369.907 300.319
365.779 299.589
361.759 298.558
357.664 298.451
353.645 297.492
349.527 297.412
345.444 296.506
341.268 296.465
337.099 295.808
332.909 296.623
328.662 296.712
324.466 297.393
320.239 297.454
316.005 297.499
311.804 297.805
307.826 299.461
303.664 300.482
299.491 301.5
295.292 302.375
291.161 303.307
287.402 305.131
284.011 307.625
280.865 310.317
277.255 312.224
274.05 314.771
270.937 317.425
267.644 319.956
265.394 323.643
262.489 326.774
260.185 330.253
258.038 333.87
256.384 337.752
254.526 341.572
253.471 345.704
251.77 349.603
250.501 353.586
249.479 357.651
248.468 361.748
246.851 365.726
246.46 369.953
245.263 374.031
244.49 378.171
244.485 382.399
244.481 386.642
243.63 390.831
243.506 395.042
244.487 399.227
245.41 403.387
245.492 407.612
246.489 411.73
247.505 415.826
248.498 419.973
249.432 424.17
250.398 428.287
251.477 432.371
252.69 436.364
254.44 440.142
255.474 444.162
257.228 447.883
258.497 451.833
259.565 455.924
261.862 459.61
263.303 463.708
265.3 467.613
267.236 471.532
269.659 475.187
271.633 479.132
274.403 482.479
277.205 485.845
279.384 489.555
281.545 493.305
284.583 496.395
287.503 499.598
290.395 502.792
293.284 506.042
296.53 508.941
300.031 511.506
303.163 514.52
306.722 516.885
309.635 520.048
312.931 522.953
316.514 525.435
320.209 527.76
323.683 530.438
327.293 532.862
330.776 535.589
334.4 538.103
338.238 540.351
341.572 543.209
345.054 545.791
349.119 547.66
353.045 549.815
355.767 553.296
359.278 555.769
363.024 557.85
365.659 561.135
368.955 563.607
372.675 565.505
375.645 568.447
378.652 571.506
382.263 573.685
385.981 575.66
388.581 579.053
391.961 581.472
395.354 583.934
398.075 587.212
401.746 589.305
405.08 591.789
408.334 594.681
411.831 597.154
415.269 599.744
418.599 602.486
422.275 604.724
425.129 607.95
427.797 611.244
431.433 613.62
434.44 616.84
437.774 619.634
441.412 622.052
444.991 624.76
448.478 627.594
451.592 630.982
455.122 633.586
458.008 636.674
461.112 639.575
464.272 642.515
467.587 645.247
471.145 647.693
474.146 650.694
477.198 653.753
480.241 656.695
483.142 659.792
486.374 662.595
489.186 665.787
491.723 669.262
495.133 671.95
497.908 675.305
500.662 678.661
503.484 682.06
506.405 685.129
508.76 688.758
511.453 692.124
514.983 694.665
517.469 698.085
519.957 701.494
523.361 704.229
526.133 707.55
528.612 711.2
531.51 714.367
534.198 717.693
536.728 721.206
539.437 724.559
539.514 728.803
539.603 733.046
541.241 737.147
540.533 741.483
541.474 745.585
543.144 749.521
542.693 753.709
543.483 757.779
544.351 761.85
544.51 765.96
545.526 769.929
547.243 773.747
547.494 777.83
547.507 781.938
548.516 785.925
549.499 789.935
550.479 794.012
551.41 798.057
552.494 801.932
553.494 805.822
553.481 809.887
553.48 813.966
553.831 818.018
554.59 822.124
555.496 826.197
556.419 830.298
557.398 834.37
557.487 838.509
558.235 842.56
559.482 846.576
559.502 850.85
560.284 855.042
560.548 859.199
561.608 863.259
563.468 867.152
564.443 871.228
564.859 875.34
564.089 879.241
559.974 879.505
555.783 879.708
551.859 881.282
547.905 882.477
543.948 883.6
540.402 885.535
537.085 887.887
533.578 889.909
531.448 893.52
529.578 897.369
528.465 901.501
527.494 905.693
527.48 910.018
527.416 914.345
526.479 918.534
525.531 922.658
526.175 926.931
525.502 931.148
525.477 935.33
525.491 939.511
526.505 943.546
527.926 947.534
529.807 951.41
531.571 955.429
533.474 959.41
535.357 963.4
536.903 967.453
538.474 971.484
539.525 975.716
541.477 979.617
543.565 983.451
545.37 987.485
547.481 991.377
549.572 995.292
551.416 999.285
552.421 1003.5
552.491 1007.86
553.498 1012.03
555.315 1015.92
557.224 1019.86
559.15 1023.69
560.456 1027.66
561.582 1031.73
563.491 1035.55
565.476 1039.32
567.594 1043.03
569.479 1046.88
570.486 1051.09
571.622 1055.24
574.049 1058.81
576.365 1062.36
578.286 1066.11
579.801 1070.06
582.22 1073.47
585.534 1076.21
587.47 1079.89
588.832 1083.88
590.572 1087.81
591.524 1092.08
593.459 1096.03
595.582 1099.89
597.775 1103.71
599.485 1107.89
600.493 1112.3
601.499 1116.65
603.008 1120.9
604.48 1125.2
605.394 1129.61
606.593 1133.85
609.461 1137.11
612.371 1140.28
615.546 1143.19
619.366 1145.08
622.776 1147.56
626.478 1149.46
630.339 1150.96
632.071 1154.62
633.766 1158.34
635.522 1162.06
638.343 1165.25
639.709 1169.2
642.05 1172.54
644.517 1175.81
647.158 1178.92
650.184 1181.63
652.955 1184.62
655.895 1187.41
659.696 1188.47
663.517 1187.76
666.37 1185.27
666.568 1181.24
666.541 1177.12
666.533 1173.01
666.496 1168.9
665.748 1164.84
665.533 1160.76
665.557 1156.68
665.066 1152.59
664.585 1148.53
664.539 1144.44
665.029 1140.37
665.725 1136.4
667.965 1133.27
671.913 1132.36
676.058 1131.79
680.235 1131.59
684.352 1132.52
688.492 1132.55
692.573 1132.94
696.532 1133.91
699.621 1136.78
703.199 1138.93
706.968 1140.64
710.392 1143.02
713.731 1145.42
717.305 1147.46
720.706 1149.76
724.095 1152.17
727.647 1154.36
731.369 1156.34
735.306 1157.76
739.335 1158.36
742.511 1156.04
743.412 1151.99
742.36 1147.77
741.091 1143.59
739.747 1139.43
737.801 1135.51
735.846 1131.57
733.797 1127.71
731.772 1123.87
729.869 1119.99
728.023 1116.09
726.173 1112.23
723.617 1108.79
721.297 1105.22
719.139 1101.56
716.733 1098.01
715.236 1094.09
716.163 1090.21
720.009 1088.58
724.406 1088.06
728.272 1086.22
731.547 1083.2
735.461 1081.41
739.754 1081.16
743.94 1082.28
747.849 1084.3
751.65 1086.47
755.548 1088.47
759.217 1090.84
762.864 1093.1
766.583 1095.27
770.782 1095.59
775.004 1095.44
777.572 1092.27
778.41 1088.07
778.188 1083.75
777.32 1079.5
775.141 1075.73
772.676 1072.05
770.622 1068.18
768.661 1064.28
766.596 1060.45
764.31 1056.78
761.435 1053.56
758.29 1050.61
754.916 1047.92
751.383 1045.49
747.855 1043.14
744.385 1040.7
740.578 1038.84
736.966 1036.67
733.72 1033.86
729.825 1032.22
725.664 1031.16
721.97 1028.91
717.997 1027.4
713.774 1026.5
709.531 1025.66
705.721 1023.54
701.509 1022.37
698.352 1019.43
695.164 1016.63
691.093 1015.59
686.869 1015.45
682.907 1014.15
679.242 1011.89
674.994 1011.41
670.774 1010.68
666.587 1009.9
662.826 1007.52
658.579 1006.47
654.264 1005.65
651.535 1002.52
650.696 998.195
649.285 994.086
647.11 990.283
643.759 987.097
643.513 982.979
647.039 980.677
651.254 979.42
655.242 977.558
659.128 975.415
663.085 973.518
667.274 972.106
670.949 969.619
674.73 967.372
677.938 964.381
681.503 961.9
684.246 958.501
687.216 955.299
689.919 951.922
691.641 948.109
693.416 944.31
694.591 940.323
695.543 936.281
695.532 932.075
695.533 927.898
696.5 923.808
696.978 919.735
697.549 915.754
698.49 911.795
698.52 907.745
698.949 903.734
700.545 900.063
701.529 896.177
702.488 892.25
702.542 888.216
703.469 884.234
703.501 880.226
703.581 876.228
704.497 872.249
704.506 868.23
704.536 864.218
705.561 860.284
706.578 856.347
707.585 852.478
708.511 848.538
709.586 844.627
711.36 840.947
712.612 837.083
714.477 833.493
715.541 829.554
717.459 825.945
719.545 822.436
722.279 819.526
726.352 819.502
730.448 819.561
734.452 820.518
738.456 821.487
742.511 821.788
746.495 822.497
750.433 823.472
753.524 825.917
755.699 829.298
758.379 832.348
760.372 835.873
761.939 839.611
763.479 843.407
764.801 847.269
766.487 851.028
768.129 854.816
769.632 858.781
770.622 862.951
771.506 867.178
772.483 871.434
773.065 875.743
773.471 880.045
774.268 884.306
775.499 888.343
776.439 892.456
776.518 896.655
776.494 900.867
776.495 905.086
776.47 909.314
775.529 913.473
774.726 917.61
773.338 921.647
771.577 925.633
772.232 929.895
772.62 934.223
773.473 938.465
774.517 942.692
776.062 946.786
778.531 950.515
781.404 953.948
783.983 957.579
787.063 960.843
789.923 964.269
792.766 967.695
794.981 971.59
799.195 973.727
802.253 977.109
805.571 980.066
809.548 982.038
812.67 985.191
816.466 987.204
820.083 989.419
824.247 990.228
828.187 991.667
832.004 993.507
835.807 995.351
839.457 997.313
842.595 1000.05
845.548 1003.15
848.63 1006.17
851.96 1009.02
855.539 1011.47
859.191 1013.77
863.106 1015.67
866.358 1018.52
869.905 1021.02
873.562 1023.39
877.238 1025.64
881.169 1027.54
885.094 1029.54
889.059 1031.51
892.917 1033.64
896.875 1035.61
900.955 1037.45
904.841 1039.68
908.515 1042.27
912.852 1043.52
916.938 1045.39
921.043 1047.14
925.216 1048.47
929.394 1049.64
933.385 1051.55
937.346 1053.58
941.358 1055.51
945.338 1057.52
949.323 1059.47
953.414 1061.16
957.196 1063.41
961.113 1065.23
964.527 1067.89
968.286 1069.96
971.704 1072.82
975.524 1075.09
979.424 1077.14
982.584 1080.3
985.705 1083.57
988.542 1087.15
992.204 1089.74
994.672 1093.33
997.327 1096.73
1000.07 1100.03
1002.25 1103.75
1003.58 1107.91
1005.79 1111.56
1007.73 1115.35
1009.66 1119.28
1011.68 1123.19
1014.71 1126.43
1017.21 1129.95
1019.54 1133.67
1021.74 1137.36
1023.53 1141.3
1025.61 1145.1
1028.55 1148.38
1030.43 1152.31
1031.4 1156.66
1032.43 1160.9
1033.59 1165.02
1036.53 1168.17
1039.62 1171.24
1043.6 1172.48
1047.84 1172.52
1051.89 1173.49
1055.27 1175.87
1057.87 1179.36
1061.05 1182.41
1064.53 1185.03
1068 1187.39
1071.87 1189.17
1075.91 1190.4
1080.01 1191.49

