CONTOUR

1

1560

829.589 1331.85
830.319 1327.86
829.702 1323.75
828.65 1319.73
826.5 1316.13
824.225 1312.58
821.638 1309.29
819.196 1305.91
816.675 1302.57
813.847 1299.46
810.892 1296.49
807.897 1293.6
804.925 1290.68
801.37 1288.53
798.451 1285.72
796.919 1282.15
798.372 1278.68
802.062 1277.08
805.72 1275.33
808.895 1272.68
812.467 1270.8
816.582 1270.46
820.597 1269.58
824.665 1269.51
828.743 1269.5
832.819 1269.51
836.891 1269.51
840.982 1269.45
845.11 1269.4
849.214 1269.51
853.332 1269.51
857.437 1269.44
861.262 1268.3
862.662 1264.59
862.559 1260.37
862.458 1256.15
861.018 1252.27
858.411 1248.8
855.288 1245.78
851.618 1243.56
847.921 1241.39
844.186 1239.39
840.41 1237.4
836.618 1235.56
832.617 1234.28
828.755 1232.56
824.912 1230.76
820.819 1229.58
816.685 1228.52
812.548 1227.6
808.471 1226.53
804.744 1224.71
802.289 1221.31
798.838 1219.29
794.864 1218.06
792.528 1215.1
795.167 1212.19
799.006 1210.47
802.997 1209.14
806.949 1207.64
811.104 1207.38
815.228 1206.56
819.373 1206.5
823.534 1206.51
827.683 1206.48
831.728 1205.54
835.599 1204.12
838.386 1201.3
838.525 1197.28
837.397 1193.31
835.275 1189.73
832.479 1186.48
829.604 1183.25
826.28 1180.54
822.658 1178.21
818.854 1176.23
815.026 1174.24
810.89 1173.17
806.898 1171.56
802.676 1171.48
798.439 1171.49
794.203 1171.49
789.951 1171.5
785.768 1172.2
781.559 1172.55
777.453 1173.56
773.494 1175.27
769.317 1175.46
765.109 1175.52
761.388 1177.48
757.629 1179.36
753.381 1179.27
749.448 1180.3
745.843 1182.35
741.936 1183.47
737.843 1183.5
733.753 1183.5
729.668 1183.62
725.65 1184.47
721.664 1185.41
717.709 1186.49
714.052 1188.44
710.057 1189.45
706.068 1190.49
702.483 1192.47
698.912 1194.53
695.141 1195.98
691.423 1195.12
689.783 1191.77
692.65 1189.13
696.136 1187.04
699.741 1185.14
702.937 1182.6
706.442 1180.5
709.981 1178.52
713.493 1176.62
716.967 1174.62
720.519 1172.85
723.183 1169.9
726.218 1167.47
729.492 1165.34
732.245 1162.56
735.512 1160.45
739.115 1158.8
742.212 1156.22
744.899 1153.18
747.51 1150.06
748.909 1146.11
751.889 1143.21
754.764 1140.17
757.916 1137.39
760.929 1134.44
763.845 1131.43
767.256 1129
769.686 1125.66
771.977 1122.22
773.578 1118.33
775.696 1114.71
777.434 1110.93
777.539 1106.63
779.524 1103.17
783.132 1101.38
787.392 1101.36
791.037 1099.27
794.771 1097.46
798.553 1095.58
802.602 1094.46
806.29 1092.44
810.283 1091.21
813.846 1088.94
817.661 1087.23
821.485 1085.51
825.512 1084.37
828.994 1081.86
832.941 1080.58
836.923 1079.29
840.716 1077.53
844.35 1075.51
847.991 1073.61
852.269 1073.29
855.703 1070.72
859.351 1068.7
862.836 1066.44
867.015 1065.78
871 1064.55
875.02 1063.51
878.97 1061.8
883.202 1061.5
887.286 1060.52
891.167 1058.86
895.174 1057.54
899.419 1057.28
903.233 1055.55
907.204 1054.34
910.639 1052.08
913.705 1049.29
916.81 1046.51
920.002 1043.81
924.19 1043.47
928.381 1043.02
932.022 1040.64
936.224 1040.48
940.273 1039.47
944.348 1038.5
948.406 1037.41
952.301 1035.9
955.877 1033.77
957.532 1030.11
957.712 1025.98
956.686 1022
954.937 1018.38
952.057 1015.51
948.65 1013.25
945.095 1011.22
941.463 1009.29
937.463 1008.36
933.583 1006.8
929.454 1006.16
925.326 1005.23
921.162 1004.36
917.206 1002.89
914.428 999.768
912.652 996.008
913.592 991.917
914.839 987.876
915.505 983.726
916.601 979.782
920.006 977.601
923.876 976.148
927.746 974.622
931.668 973.387
935.624 972.136
939.542 970.626
943.578 969.498
947.404 967.694
951.314 966.165
953.431 962.693
953.504 958.573
952.515 954.422
951.457 950.272
949.063 946.879
945.501 944.486
941.743 942.477
937.701 941.074
933.668 939.82
929.504 939.273
925.31 938.527
921.076 939.458
916.815 939.48
912.553 939.504
908.352 940.499
904.193 941.508
900.111 943.005
896.004 943.536
892.143 941.705
887.953 941.113
887.435 937.46
891.113 935.34
894.117 932.608
894.62 928.607
893.645 924.593
892.507 920.647
890.081 917.414
887.045 914.673
883.309 912.928
879.425 911.487
875.399 910.521
871.309 910.493
867.246 911.492
863.158 912.5
859.045 913.642
855.12 915.442
851.251 917.303
847.702 919.636
844.405 922.443
840.966 925.052
838.398 928.349
834.998 930.442
830.894 930.518
826.986 931.472
823.313 933.135
819.849 935.151
817.322 938.546
813.301 939.52
809.718 941.442
806.309 943.56
803.308 946.301
799.889 948.543
796.894 951.338
793.696 953.797
790.257 955.575
787.546 953.11
788.6 949.289
790.134 945.534
791.729 941.674
793.47 937.825
794.536 933.701
796.421 929.895
798.504 926.224
801.427 923.208
805.354 921.494
808.849 919.07
812.496 916.61
816.337 914.517
820.349 912.683
824.097 910.39
827.455 907.625
831.106 905.275
834.586 902.521
838.289 900.097
842.007 897.746
845.847 895.687
849.587 893.645
853.283 891.621
856.95 889.629
860.623 887.559
864.267 885.547
867.957 883.563
871.788 881.879
875.556 879.608
879.549 877.971
883.622 876.483
887.597 874.914
891.445 872.637
895.409 870.667
899.508 869.201
903.455 867.406
907.332 865.39
911.232 863.373
915.096 861.414
918.924 859.418
922.726 857.493
926.359 855.332
930.223 853.507
933.955 851.45
937.507 849.261
941.068 847.17
944.652 844.916
948.58 843.194
952.533 841.541
956.222 843.25
958.918 846.599
961.285 850.19
962.531 854.244
963.508 858.337
964.521 862.468
965.49 866.571
966.465 870.707
967.144 874.816
967.527 878.888
968.48 882.921
968.631 887.013
969.559 890.951
970.482 894.908
970.74 899.001
971.507 903.033
972.552 907.077
973.432 911.202
974.376 915.259
975.482 919.273
976.477 923.311
977.439 927.371
978.501 931.347
979.482 935.376
980.083 939.421
980.597 943.419
981.462 947.487
981.773 951.62
983.401 955.5
984.462 959.515
985.988 963.342
987.506 967.301
989.349 971.143
990.641 975.181
992.384 979.019
994.391 982.653
996.113 986.428
997.546 990.281
1000.06 993.533
1002.43 996.889
1005.47 999.494
1009.01 1001.44
1012.94 1002.53
1016.96 1003.49
1021.07 1003.51
1025.18 1003.52
1029.37 1003.55
1033.45 1003.5
1037.51 1003.5
1041.57 1003.49
1045.66 1003.48
1049.69 1003.51
1053.72 1003.51
1057.74 1003.5
1061.75 1003.51
1065.76 1003.49
1069.7 1002.5
1073.65 1001.59
1077.73 1002.39
1081.65 1001.44
1085.54 1000.33
1089.56 1000.49
1093.42 999.473
1097.31 998.334
1101.33 997.486
1105.41 996.49
1109.49 995.52
1113.56 994.612
1117.55 993.539
1121.6 993.229
1125.55 992.13
1129.58 991.489
1133.55 990.491
1137.52 989.514
1141.61 989.489
1145.6 988.611
1149.53 987.537
1153.52 987.499
1157.53 987.502
1161.55 987.511
1165.59 987.481
1169.61 986.799
1173.61 987.501
1177.64 988.18
1181.56 989.209
1185.49 990.206
1189.19 991.763
1192.74 993.982
1195.77 997.171
1199.63 999.224
1203.17 1001.62
1206.31 1004.6
1209.75 1007.31
1213.43 1009.47
1217.05 1011.63
1220.77 1013.57
1224.28 1015.77
1227.12 1018.86
1229.63 1022.21
1232.39 1025.31
1234.71 1028.75
1237.89 1031.42
1241.34 1033.83
1245.2 1035.54
1249.32 1036.56
1253.6 1036.52
1257.66 1035.15
1261.73 1033.51
1266.02 1033.52
1270.2 1034.82
1274.52 1035.51
1278.9 1035.52
1283.24 1035.01
1287.14 1033.34
1289.48 1029.88
1289.17 1025.69
1287.33 1021.76
1284.55 1018.39
1281.17 1015.62
1276.98 1014.5
1272.83 1013.48
1269.63 1010.82
1267.48 1007.02
1264.97 1003.51
1262.46 999.964
1259.18 997.361
1255.71 995.18
1251.98 993.298
1249.43 990.246
1249.51 986.226
1251.46 982.463
1253.28 978.643
1255.96 975.558
1259.36 973.378
1263.32 972.512
1267.37 972.503
1271.42 972.571
1275.52 973.487
1279.55 972.528
1283.55 971.557
1287.58 971.194
1291.48 970.081
1294.9 967.722
1298.55 965.888
1301.39 962.993
1303.46 959.196
1307.24 957.475
1311.41 956.499
1315.62 955.493
1319.68 953.902
1323.91 952.786
1328.02 951.436
1332 949.696
1336.16 948.446
1340.02 946.529
1342.98 943.566
1344.5 939.758
1343.37 935.885
1340.13 933.615
1336.09 933.48
1332.04 933.186
1328.01 932.51
1323.94 932.489
1319.87 932.554
1315.8 933.48
1311.69 933.496
1307.58 933.486
1303.47 933.552
1299.41 934.482
1295.44 933.758
1291.68 932.125
1287.94 930.437
1283.9 929.489
1279.8 929.494
1275.75 930.27
1271.82 931.345
1268.23 933.27
1264.8 935.394
1260.85 936.498
1256.89 937.411
1252.92 937.507
1249.03 937.296
1246.26 934.579
1244.54 931.079
1244.36 927.156
1244.61 923.177
1245.47 919.179
1245.51 915.151
1246.32 911.242
1247.52 907.291
1249.33 903.507
1251.68 900.14
1254.43 897.03
1256.85 893.582
1259.32 890.197
1260.37 886.206
1261.46 882.207
1261.5 878.1
1261.55 874.027
1263.3 870.27
1264.97 866.639
1267.33 863.229
1268.4 859.273
1269.86 855.413
1271.48 851.447
1271.83 847.196
1272.5 843.067
1271.63 839.115
1269.38 835.753
1265.37 835.513
1261.44 837.193
1257.89 839.489
1255.57 842.94
1253.52 846.573
1251.56 850.234
1249.51 853.815
1246.71 856.842
1242.97 858.683
1238.62 859.526
1234.78 861.551
1231.68 864.639
1228.62 867.701
1226.75 871.586
1225.5 875.698
1224.61 879.854
1224.15 884.118
1222.55 887.979
1220.06 891.574
1218.23 895.309
1216.18 898.878
1212.95 901.64
1210.5 904.842
1207.68 907.761
1205.36 911.112
1202.51 913.807
1199.74 916.575
1197.51 919.826
1195.27 922.993
1192.58 925.746
1189.51 928.209
1187.08 931.338
1185.18 935.072
1182.52 938.143
1180.01 941.42
1176.44 943.397
1172.52 944.344
1168.55 944.257
1164.57 943.504
1160.52 943.472
1156.54 942.514
1152.8 943.512
1149.19 945.462
1145.35 945.179
1141.49 944.099
1137.55 943.497
1133.56 943.483
1129.69 942.565
1125.75 942.401
1121.84 941.506
1117.81 941.448
1113.84 940.517
1109.85 940.495
1105.86 940.5
1101.88 940.421
1097.91 939.503
1093.9 939.498
1089.9 939.496
1085.89 939.506
1081.96 940.475
1078.02 940.503
1074.09 940.473
1070.08 940.492
1066.09 940.473
1062.06 940.46
1058.08 939.509
1054.03 939.484
1050.22 938.68
1049.46 934.885
1049.58 930.81
1049.51 926.844
1049.53 922.923
1049.45 918.949
1048.51 915.049
1048.5 911.05
1048.51 907.029
1048.49 903.006
1047.66 899.064
1047.5 895.133
1047.48 891.189
1046.51 887.334
1045.5 883.474
1043.66 879.891
1042.46 875.947
1041.07 872.031
1039.46 868.29
1037.51 864.623
1036.28 860.663
1035.21 856.657
1035.62 852.713
1037.47 849.023
1039.28 845.359
1041.37 841.867
1042.25 837.98
1044.07 834.566
1045.49 830.997
1045.49 827.12
1046.37 823.319
1047.35 819.612
1046.53 815.833
1046.52 812.023
1046.35 808.241
1045.37 804.471
1044.55 800.679
1045.5 797.079
1048.1 794.53
1052.02 794.486
1055.79 793.698
1059.5 792.466
1062.73 790.222
1066 788.104
1069.06 785.422
1071.6 782.36
1074.36 779.479
1077.45 776.814
1080.13 773.626
1082.77 770.412
1085.29 767.068
1087.28 763.291
1089.16 759.57
1091.34 756.154
1092.54 752.32
1093.87 748.599
1095.47 744.895
1096.62 741.068
1100.28 741.817
1102.66 745.254
1105.29 748.405
1108.06 751.399
1112.01 752.662
1115.93 754.023
1120 753.482
1123.75 751.456
1127.6 749.66
1131.16 751.684
1133.6 755.167
1135.5 758.934
1136.45 763.006
1136.31 767.183
1135.45 771.148
1134.43 775.155
1134.58 779.204
1137.77 781.486
1141.77 780.699
1145.33 778.354
1148.46 775.453
1151.04 771.861
1153.75 768.359
1155.5 764.331
1156.51 760.05
1157.33 755.744
1156.53 751.453
1155.54 747.205
1153.8 743.252
1151.8 739.397
1149.37 735.883
1146.28 733.06
1142.99 730.438
1139.72 727.695
1136.08 725.635
1133.51 722.557
1132.52 718.648
1132.37 714.552
1130.6 710.797
1129.28 706.748
1127.44 702.827
1125.5 698.889
1122.61 695.68
1119.47 692.763
1116.02 690.475
1112.35 688.527
1108.24 687.504
1104.17 686.507
1100.13 685.521
1095.93 685.415
1092.7 682.994
1090.54 679.325
1087.74 676.184
1085.58 672.663
1082.99 669.591
1079.65 667.153
1075.81 665.495
1071.55 665.49
1067.3 665.496
1063.04 665.498
1058.79 665.504
1054.56 665.433
1051.04 663.49
1050.5 659.605
1050.51 655.583
1050.47 651.562
1049.53 647.582
1049.18 643.568
1048.33 639.639
1047.52 635.639
1047.33 631.547
1046.51 627.456
1046.46 623.27
1046.51 619.148
1047.57 615.173
1049.82 611.59
1051.9 607.862
1055.09 604.916
1057.91 601.799
1061.08 599.378
1064.55 597.219
1068.36 595.466
1072.51 594.518
1076.77 594.488
1080.93 593.527
1085.16 593.49
1089.24 592.525
1093.34 591.49
1097.49 590.506
1101.62 589.693
1105.7 588.835
1109.79 588.504
1113.78 587.528
1117.7 586.563
1121.57 585.482
1125.49 584.476
1129.47 583.513
1133.52 582.937
1137.37 581.471
1141.13 579.623
1145.05 578.362
1148.68 576.542
1152.49 575.177
1156.25 573.518
1159.84 571.626
1163.65 569.889
1167.58 568.268
1171.5 566.552
1175.5 565.055
1179.49 563.506
1183.53 562.093
1187.57 560.745
1191.61 559.465
1195.56 557.996
1199.58 556.69
1203.59 555.569
1207.73 555.398
1211.55 553.6
1215.5 552.438
1219.54 551.451
1223.51 550.046
1227.49 548.547
1231.55 547.531
1235.64 546.857
1239.62 545.569
1243.7 544.876
1247.63 543.566
1251.76 543.483
1255.77 542.506
1259.77 541.592
1263.82 541.456
1267.83 540.516
1271.77 539.631
1275.79 539.495
1279.78 538.964
1283.96 538.544
1288.17 538.486
1292.3 537.576
1296.45 537.505
1300.6 537.508
1304.76 537.461
1308.89 536.518
1312.97 535.53
1317.16 535.492
1321.23 534.527
1325.23 533.53
1329.38 533.386
1333.38 532.145
1337.23 530.426
1340.65 527.884
1344.44 526.143
1347.8 523.735
1351.26 521.343
1354.36 518.424
1357.33 515.372
1359.64 511.834
1361.76 508.269
1363.51 504.417
1364.5 500.232
1365.42 496.034
1365.51 491.83
1365.47 487.612
1363.52 483.791
1361.69 480.007
1363 476.133
1365.76 473.014
1368.64 469.999
1371.05 466.647
1373.41 463.209
1375.44 459.61
1376.54 455.633
1377.5 451.628
1377.14 447.546
1376.32 443.525
1375.23 439.535
1373.37 435.748
1371.49 431.956
1369.17 428.404
1366.53 424.933
1363.43 421.939
1360.11 419.54
1356.72 417.449
1353.18 415.453
1349.38 413.671
1345.36 412.502
1341.29 411.46
1337.16 410.48
1332.99 409.527
1328.78 409.489
1324.57 409.498
1320.37 409.495
1316.2 409.577
1312.03 410.469
1307.83 410.49
1303.69 410.743
1299.61 411.49
1295.52 412.075
1291.5 412.825
1287.54 413.641
1283.55 414.499
1279.57 415.35
1275.51 415.545
1271.53 416.493
1267.54 417.471
1263.59 418.456
1259.67 419.506
1255.77 420.613
1251.83 421.453
1247.76 420.509
1243.67 420.481
1239.56 420.547
1235.51 420.549
1231.43 419.723
1227.56 418.319
1223.52 417.301
1219.66 415.52
1215.69 414.017
1212.12 411.66
1208.11 410.504
1204.13 409.281
1200.34 407.551
1196.45 406.216
1192.39 405.505
1188.27 405.291
1184.11 404.636
1180.04 405.537
1176.18 407.42
1172.07 407.608
1167.9 407.291
1165.26 403.86
1161.95 401.455
1158.55 399.096
1154.7 397.47
1151.02 395.513
1147.04 394.484
1142.83 394.486
1138.66 394.482
1134.5 394.22
1130.3 393.513
1125.93 393.545
1121.59 392.553
1117.35 393.406
1113.22 394.46
1109.18 395.535
1105.72 397.831
1102.57 400.689
1099.24 403.35
1095.66 405.667
1091.85 407.654
1088.78 410.544
1085.13 412.454
1080.91 412.5
1076.76 413.379
1072.67 413.484
1068.6 412.556
1064.53 412.473
1060.48 412.467
1056.61 413.401
1053.36 415.719
1049.89 417.715
1047.4 420.915
1044.57 423.924
1042.52 427.543
1040.56 431.217
1040.48 435.472
1039.58 439.523
1036.75 442.438
1033.07 444.256
1029.07 445.501
1025.38 447.438
1021.75 449.504
1017.74 450.515
1013.49 450.586
1009.36 451.475
1005.31 452.472
1001.32 453.597
997.612 455.502
994.242 458.106
990.267 459.46
985.988 459.494
981.927 460.486
978.129 462.257
974.108 463.577
970.696 465.933
968.056 469.323
965.078 472.283
961.066 473.496
957.343 475.251
953.718 477.177
950.439 479.805
946.895 482.143
943.546 484.708
940.605 487.868
938.053 491.411
934.992 494.321
931.562 496.997
928.562 500.241
925.722 503.653
923.58 507.476
921.036 510.968
918.325 514.274
915.71 517.687
913.252 521.181
910.744 524.543
908.338 528.11
905.687 531.653
903.269 535.345
901.162 539.109
899.226 543.005
897.476 546.855
896.273 550.952
895.337 555.065
892.761 558.61
891.562 562.587
891.442 566.77
890.5 570.903
890.49 575.064
890.49 579.237
890.522 583.394
891.472 587.541
890.562 591.658
890.439 595.76
889.543 599.874
890.385 603.983
890.496 608.028
890.439 612.06
889.445 616.051
888.489 620.106
888.492 624.302
888.427 628.476
885.517 631.32
881.553 632.483
877.367 632.492
873.17 632.49
868.966 632.49
864.767 632.479
860.701 631.509
857.063 629.45
853.647 626.982
849.793 625.263
845.963 623.618
841.795 623.437
837.864 622.322
835.205 619.28
832.62 616.091
830.131 612.641
827.074 609.658
823.573 607.148
819.733 605.13
815.792 603.502
811.619 602.839
807.404 602.496
803.18 602.488
799.104 601.585
795.27 599.627
791.445 597.432
787.769 595.136
784.202 592.636
779.997 591.495
775.612 591.339
771.14 591.344
766.807 590.63
762.744 589.135
759.145 586.549
755.524 583.957
751.955 581.394
748.33 579.252
744.404 577.412
740.486 575.595
736.237 575.472
731.95 575.446
727.79 575.615
723.86 576.988
720.005 578.668
716.293 580.486
712.363 581.368
708.406 580.416
704.415 579.474
700.367 578.407
696.293 577.384
692.121 576.495
687.946 576.49
683.904 577.588
680.125 579.422
676.447 581.481
672.749 583.467
668.76 584.486
664.619 584.498
660.478 584.418
656.315 583.508
652.14 583.767
647.961 584.594
644.509 587.194
641.387 590.164
638.074 592.911
634.661 595.59
630.84 597.511
626.711 598.496
622.47 598.438
618.215 597.491
613.986 597.501
609.826 598.466
605.805 599.466
602.188 601.259
598.928 603.769
596.005 606.609
593.616 609.843
591.274 613.203
587.897 615.629
584.058 617.482
579.874 618.427
575.716 619.323
571.677 620.378
567.853 621.966
564.625 624.732
562.216 628.268
560.26 632.111
558.565 635.949
557.569 639.953
556.421 644.004
553.041 646.445
549.123 648.354
545.239 650.372
541.46 652.763
538.459 655.925
536.506 659.768
535.497 663.978
535.453 668.398
534.512 672.774
534.522 677.205
534.422 681.583
531.427 684.658
527.489 686.892
523.79 689.365
519.915 691.596
517.323 695.113
515.398 698.916
513.546 702.761
513.48 706.984
513.492 711.224
512.31 715.159
508.888 717.473
505.246 719.538
501.988 722.174
499.556 725.502
498.497 729.482
498.494 733.674
498.496 737.848
497.257 741.687
493.648 743.747
489.85 745.639
486.751 748.33
484.492 751.609
483.304 755.421
482.504 759.448
481.165 763.257
477.848 765.646
474.784 768.454
471.602 771.126
470.499 775.043
470.489 779.186
470.538 783.346
470.451 787.529
467.749 790.659
464.579 793.418
461.286 795.97
457.647 797.848
453.844 799.625
450.311 801.799
446.992 804.442
443.716 807.386
440.159 809.917
436.064 811.484
431.781 812.478
427.528 813.552
424.067 816.392
420.269 818.474
415.802 818.52
411.581 819.722
407.494 821.451
403.447 823.187
399.806 825.538
396.763 828.617
393.578 831.522
389.575 832.824
385.324 832.494
381.076 832.501
376.885 833.463
372.787 834.607
369.238 836.83
365.973 839.543
362.583 841.784
358.952 843.537
355.08 844.55
350.968 844.495
346.891 844.568
342.899 845.567
339.115 847.508
335.538 849.841
331.767 851.45
327.732 851.724
323.922 852.707
320.037 853.538
316.261 855.134
312.286 855.49
308.287 855.505
304.26 855.493
300.253 855.582
296.282 856.479
292.195 856.51
288.18 857.451
284.115 857.526
280.075 858.462
276.033 858.367
271.97 857.508
267.934 858.334
263.922 859.235
259.765 858.585
255.743 859.319
251.797 859.495
247.85 859.496
243.875 859.44
239.895 858.585
235.973 858.489
232.044 858.494
228.098 858.433
224.278 857.319
220.63 855.636
216.718 855.103
213.02 853.536
209.231 852.462
205.667 850.696
201.907 849.389
198.341 847.512
194.528 845.95
191.179 843.648
187.449 841.805
184.049 839.312
181.017 836.557
177.322 834.567
174.553 831.372
171.489 828.269
168.234 825.543
165.158 822.644
161.353 820.605
158.457 817.405
155.669 814.114
153.574 810.323
150.674 807.097
149.288 802.793
146.208 799.614
143.523 796.183
142.26 791.909
139.971 788.227
139.435 783.993
138.52 779.878
138.473 775.669
138.429 771.395
137.573 767.146
138.667 763.005
139.593 758.787
141.507 754.816
143.459 750.89
145.686 747.013
149.214 744.293
152.423 741.216
155.846 738.393
157.707 737.153
159.569 735.913
163.571 733.862
167.385 731.579
171.518 730.013
175.626 728.629
179.831 727.51
184.016 726.508
187.911 724.735
191.936 723.522
196.173 723.21
200.15 721.541
204.35 720.303
207.856 717.712
211.372 715.201
212.53 711.251
212.648 707.015
211.564 703.039
209.237 699.732
205.531 698.253
201.442 697.488
197.21 697.48
192.978 697.484
188.752 697.51
184.513 697.513
180.303 698.424
176.094 698.512
171.936 699.306
167.771 699.517
163.695 700.498
159.594 701.46
155.411 701.923
151.463 703.49
147.335 704.501
143.352 705.967
139.362 707.572
135.564 709.615
131.72 711.756
128.246 714.482
124.99 717.345
121.384 719.835
118.333 723.07
115.232 726.241
112.099 729.369
109.514 732.828
106.533 735.984
104.446 739.908
101.818 743.545
99.8916 747.444
98.05 751.421
96.5987 755.501
95.4092 759.564
94.4733 763.734
93.4974 767.928
93.4823 772.184
93.4897 776.422
93.4863 780.664
93.5236 784.908
94.4851 789.184
94.4847 793.576
95.5008 797.779
97.4279 801.665
99.162 805.63
99.5144 810.043
101.376 813.904
103.447 817.604
105.214 821.42
105.725 825.653
107.581 829.469
109.477 833.311
110.721 837.352
111.806 841.419
113.727 845.114
117.14 847.817
119.356 851.598
121.398 855.439
124.243 858.649
127.203 861.757
130.297 864.708
133.194 867.787
135.274 871.499
138.498 874.435
141.676 877.375
145.095 879.929
147.845 883.264
151.301 885.686
154.346 888.668
157.625 891.341
160.628 894.328
163.723 897.203
167.176 899.601
170.521 902.085
173.835 904.568
177.226 906.981
180.629 909.301
184.028 911.539
187.738 913.33
191.318 915.48
195.317 916.841
198.867 919.243
203.085 919.887
206.855 922.073
210.776 923.511
214.623 925.273
218.586 926.485
222.627 927.54
226.695 928.512
230.776 929.491
234.937 929.518
239.06 930.064
243.082 930.557
247.119 931.49
251.265 931.523
255.357 932.355
259.398 932.51
263.437 932.51
267.475 932.547
271.522 933.497
275.605 933.508
279.686 933.506
283.788 933.524
287.856 934.502
291.919 935.371
296.01 935.512
300.088 935.514
304.091 936.493
308.097 936.551
312.037 937.482
315.869 938.59
319.786 939.507
323.699 940.519
327.64 941.506
331.597 942.272
335.551 942.992
339.622 943.517
343.617 944.549
347.658 945.498
351.672 946.498
355.659 947.355
359.484 948.648
363.467 949.51
367.602 949.65
371.566 950.585
375.563 951.682
379.474 953.099
383.576 953.523
387.642 954.289
391.596 955.469
395.587 956.299
399.503 957.495
403.542 957.527
407.597 957.755
411.783 957.538
415.648 959.325
419.615 960.389
423.534 961.507
427.437 962.664
431.451 963.507
435.435 964.499
439.428 965.492
443.48 966.022
447.397 967.251
451.357 967.569
455.266 968.506
459.114 969.719
462.77 971.347
466.801 971.505
470.596 972.55
474.136 974.233
477.784 975.313
481.645 975.515
485.287 976.735
489.099 977.51
492.867 978.417
496.663 979.549
500.585 980.504
504.692 980.652
508.301 982.708
512.242 983.525
516.201 984.481
520.214 984.554
523.864 986.33
527.689 987.492
531.685 987.502
535.684 987.524
539.654 988.481
543.608 988.331
547.632 987.525
551.656 988.41
555.639 988.523
559.643 988.82
563.633 988.516
567.599 988.559
571.54 988.514
575.469 988.481
579.363 987.608
583.306 988.488
587.243 988.505
591.178 988.508
594.853 989.664
597.534 992.65
599.456 996.301
601.39 999.92
603.557 1003.48
605.552 1007.16
607.467 1010.92
609.709 1014.45
611.52 1018.27
613.321 1022.15
615.238 1025.88
617.247 1029.42
618.525 1033.21
619.766 1037.06
622.167 1040.46
624.357 1044.01
626.245 1047.72
627.866 1051.6
629.926 1055.36
632.622 1058.88
634.939 1062.7
637.055 1066.62
639.386 1070.37
641.452 1074.2
642.381 1078.28
639.392 1081.13
635.799 1083.55
632.45 1086.25
629.297 1089.2
625.938 1091.78
623.247 1095.14
619.81 1097.68
617.273 1101.05
613.909 1103.34
610.473 1105.48
606.982 1107.58
603.607 1109.8
600.311 1112.27
596.756 1114.51
593.605 1117.38
589.95 1119.59
586.839 1122.47
583.169 1124.7
579.829 1127.43
576.592 1130.32
573.365 1133.11
570.084 1135.87
567.595 1139.51
565.252 1143.25
563.437 1147.11
561.432 1150.97
559.594 1154.85
558.485 1158.91
558.508 1163.05
559.461 1167.2
559.573 1171.44
560.912 1175.49
562.481 1179.46
563.917 1183.48
565.681 1187.4
567.422 1191.37
568.548 1195.5
569.947 1199.52
571.801 1203.49
573.546 1207.5
575.465 1211.48
577.399 1215.42
579.577 1219.24
581.57 1223.19
583.603 1227.1
585.616 1231.07
587.57 1234.98
589.662 1238.78
591.469 1242.69
591.683 1247.01
592.288 1251.22
592.364 1255.51
593.407 1259.69
593.531 1263.95
595.396 1267.85
596.416 1271.89
597.83 1275.88
600.502 1279.23
603.553 1282.12
607.392 1283.88
611.218 1285.72
615.162 1287.45
619.271 1288.53
623.599 1288.56
627.753 1289.46
631.842 1290.45
635.877 1291.52
639.762 1293.23
643.944 1293.54
648.26 1293.53
652.257 1295.33
656.338 1296.42
660.1 1298.41
664.109 1299.47
668.111 1300.44
671.801 1302.12
675.673 1303.55
679.707 1304.63
683.819 1305.35
687.932 1305.7
691.644 1307.51
695.341 1309.4
699.304 1310.46
703.22 1311.58
707.143 1312.57
711.154 1313.52
714.849 1315.48
718.827 1316.45
722.785 1317.56
726.813 1318.55
730.836 1319.64
734.722 1321.45
738.807 1322.58
742.619 1324.37
746.628 1325.49
750.756 1325.52
754.903 1325.52
759.048 1325.53
763.23 1325.54
767.343 1325.45
771.345 1324.51
775.205 1322.84
779.197 1321.48
783.431 1321.22
787.654 1321.51
791.752 1322.51
795.661 1324.12
799.598 1325.63
803.318 1327.62
807.057 1329.55
811.001 1331.11
814.949 1332.48
818.895 1333.6
822.861 1334.72
826.828 1334.46

