CONTOUR

1

1210

869.662 1427.56
874.012 1427.52
878.362 1427.51
882.643 1426.84
886.758 1425.51
890.666 1423.54
894.51 1421.48
898.305 1419.48
902.146 1417.55
906.298 1416.38
910.134 1414.52
913.494 1411.7
917.315 1409.94
921.293 1408.71
925.228 1407.52
929.208 1406.62
933.054 1405.45
936.985 1404.47
940.752 1402.88
944.688 1401.75
948.232 1399.66
951.724 1397.53
955.617 1396.4
959.598 1395.43
963.573 1394.15
967.633 1392.91
971.687 1391.45
975.705 1389.68
979.673 1387.86
983.667 1386.27
987.48 1384.23
991.572 1383.49
995.625 1382.5
999.589 1381.4
1003.37 1379.53
1007.38 1378.32
1011.44 1377.32
1015.25 1375.39
1019.07 1373.47
1023.06 1372.09
1026.97 1370.64
1030.88 1369.43
1034.29 1367.27
1037.67 1364.92
1040.23 1361.63
1043.72 1359.18
1046.49 1356.07
1047.48 1352.04
1047.55 1347.69
1050.54 1344.86
1054.61 1343.56
1058.77 1342.53
1062.91 1341.56
1067.01 1340.59
1071.23 1340.26
1075.46 1339.55
1079.67 1338.7
1083.82 1337.6
1087.28 1335.37
1088.54 1331.52
1088.6 1327.3
1088.6 1323.09
1086.4 1319.68
1082.85 1317.4
1079.1 1315.43
1075.36 1313.48
1071.59 1311.58
1067.58 1310.48
1063.53 1309.48
1059.49 1308.53
1055.37 1308.32
1051.18 1308.15
1046.96 1308.41
1042.83 1307.66
1038.75 1306.57
1034.8 1305.18
1032.52 1301.71
1031.39 1297.68
1032.84 1293.78
1035.84 1290.69
1039.1 1287.88
1041.95 1284.74
1044.99 1281.77
1048.38 1279.18
1051.22 1275.97
1054.29 1272.97
1055.83 1269.16
1055.86 1264.9
1055.51 1260.6
1053.75 1256.76
1050.76 1253.8
1046.83 1252.5
1042.76 1251.51
1038.59 1251.46
1034.42 1251.49
1030.32 1252.38
1026.15 1252.7
1022.08 1253.64
1018.24 1255.4
1014.28 1256.81
1010.46 1258.48
1006.58 1259.9
1002.53 1259.44
998.704 1257.44
994.572 1257.44
990.473 1258.46
986.344 1259.23
982.233 1259.35
979.294 1256.46
977.017 1252.99
978.322 1249.14
980.575 1245.62
983.105 1242.28
984.488 1238.5
983.971 1234.54
982.581 1230.77
982.164 1226.81
984.331 1223.19
985.547 1219.09
987.402 1215.21
989.796 1211.55
991.82 1207.69
993.44 1203.73
993.577 1199.4
995.343 1195.46
996.446 1191.39
997.549 1187.38
999.664 1183.78
1001.35 1180.07
1002.48 1176.17
1003.6 1172.28
1004.56 1168.26
1005.52 1164.2
1006.55 1160.19
1007.49 1156.13
1007.51 1151.99
1007.49 1147.86
1006.59 1143.8
1006.5 1139.67
1005.54 1135.62
1004.99 1131.56
1004.49 1127.55
1003.55 1123.57
1003.5 1119.51
1002.49 1115.56
1001.32 1111.63
1000.51 1107.59
999.519 1103.56
998.548 1099.52
997.471 1095.49
995.575 1091.76
993.671 1088.03
993.26 1083.7
991.388 1079.79
990.515 1075.69
990.023 1071.49
988.586 1067.53
986.428 1063.83
985.522 1059.78
985.22 1055.57
983.478 1051.71
982.198 1047.62
979.892 1043.99
978.622 1040.02
977.503 1036.04
976.43 1032.03
975.487 1028.09
974.546 1024.1
974.518 1019.96
973.645 1016.02
973.059 1012.02
972.518 1007.83
971.477 1003.76
970.301 999.66
968.692 995.687
967.856 991.565
966.548 987.598
966.507 983.5
966.485 979.425
965.541 975.393
965.455 971.249
963.967 967.342
962.505 963.32
960.942 959.323
959.559 955.213
958.575 951.061
958.341 946.826
955.899 943.33
953.591 939.872
951.708 936.158
950.668 932.072
949.359 928.056
946.576 924.826
947.788 921.16
949.971 917.66
951.8 913.781
954.621 910.294
956.792 906.406
959.111 902.596
960.641 898.531
963.367 895.13
965.558 891.381
967.49 887.46
969.281 883.458
971.179 879.529
972.504 875.445
974.122 871.475
976.011 867.539
978.603 863.821
980.459 859.841
981.826 855.63
983.856 851.68
985.798 847.725
987.523 843.791
988.826 839.684
990.473 835.768
991.792 831.71
993.64 827.931
995.487 824.164
996.656 820.146
998.536 816.419
1000.48 812.788
1001.81 808.913
1003.5 805.218
1005.71 801.813
1008.96 799.463
1012.96 798.494
1016.99 797.538
1020.81 798.556
1023.89 801.328
1027.24 803.813
1030.63 806.332
1034.29 808.544
1037.66 811.24
1040.77 814.225
1043.84 817.18
1047.62 819.31
1050.68 822.373
1053.32 825.807
1055.78 829.356
1058.87 832.447
1062.1 835.461
1065.09 838.744
1067.65 842.343
1070.37 845.862
1072.93 849.509
1075.67 853.003
1078.49 856.378
1081.19 859.918
1083.38 863.809
1085.45 867.779
1087.41 871.796
1089.92 875.473
1093.36 878.485
1095.72 882.327
1098.81 885.5
1101.71 888.832
1104.55 892.211
1107.49 895.465
1111.17 897.903
1114.26 900.928
1117.7 903.488
1120.84 906.45
1124.37 908.78
1127.86 911.278
1131.92 912.545
1136.15 913.507
1140.48 913.494
1144.59 911.932
1148.27 909.736
1151.87 907.673
1155.45 905.515
1158.68 902.842
1162.1 900.429
1165.08 897.528
1168.29 895.033
1171.39 892.311
1174.39 889.462
1177.32 886.497
1179.91 883.247
1182.56 880.005
1185.43 877.081
1187.93 873.694
1191.34 871.025
1193.51 867.07
1196.4 863.542
1198.84 859.766
1200.12 857.883
1201.41 856
1203.42 851.933
1205.62 847.984
1208.69 844.685
1211.47 841.187
1214.5 837.986
1217.53 834.683
1220.74 831.495
1224.16 828.502
1227.84 825.816
1232.08 824.521
1236.47 825.517
1240.74 827.278
1245.29 827.648
1249.47 829.329
1253.23 831.767
1256.52 834.986
1260.36 837.433
1264.39 839.471
1268.76 840.512
1273.24 840.512
1277.66 839.522
1281.8 837.734
1285.37 835.029
1287.57 830.977
1290.5 827.572
1293.51 824.274
1295.48 820.563
1293.62 816.78
1290.54 813.682
1287.41 810.67
1284.15 807.808
1280.48 805.493
1276.68 803.515
1272.92 801.416
1269.43 798.827
1266.65 795.534
1265.5 791.346
1264.45 787.063
1263.51 782.83
1263.52 778.581
1265.1 774.708
1268.5 771.983
1271.61 769.01
1274.51 765.488
1278.06 762.545
1281.24 759.365
1283.54 755.568
1285.75 751.727
1287.43 747.791
1286.3 743.641
1284.61 739.565
1285.6 735.498
1287.48 731.577
1289.13 727.564
1289.54 723.378
1289.49 719.164
1287.35 715.625
1283.68 713.695
1279.59 713.793
1275.63 715.444
1271.59 716.765
1269.19 720.291
1267.03 724.017
1264.28 727.196
1260.69 729.234
1256.59 730.024
1252.75 731.476
1249.09 733.289
1245.74 735.555
1243.57 738.958
1241.59 742.438
1240.5 746.304
1238.65 749.621
1235.02 749.581
1232.52 746.538
1231.11 742.589
1228.6 739.136
1226.6 735.425
1225.13 731.502
1224.04 727.489
1223.51 723.352
1223.53 719.147
1223.52 714.901
1223.57 710.721
1223.87 706.477
1223.49 702.346
1222.53 698.259
1221.17 694.293
1218.48 690.964
1215.61 687.812
1214.28 683.695
1211.86 680.177
1209.53 676.572
1207.19 672.946
1203.72 670.321
1200.27 667.678
1196.32 665.885
1191.98 665.48
1187.63 665.479
1183.47 666.428
1179.8 668.629
1176.76 671.588
1173.76 674.637
1172.5 678.462
1173.86 682.143
1177.74 683.517
1181.83 684.492
1185.84 685.661
1189.35 687.858
1191.46 691.404
1189.22 695.069
1186.58 698.566
1185.69 702.714
1185.49 706.984
1185.51 711.252
1186.71 715.355
1188.5 719.253
1191.1 722.717
1193.45 726.14
1194.56 730.204
1195.41 734.431
1195.51 738.676
1195.38 742.926
1195.4 747.111
1195.48 751.239
1195.49 755.337
1195.49 759.423
1195.48 763.514
1195.51 767.591
1196.47 771.574
1197.48 775.567
1198.55 779.552
1199.89 783.47
1201.7 787.266
1203.16 791.162
1199.87 793.509
1196.43 795.641
1192.84 797.648
1191.25 801.734
1187.63 803.855
1184.16 806.374
1180.33 808.491
1176.59 810.691
1172.67 812.482
1168.8 814.469
1165.3 817.113
1161.77 819.56
1157.99 821.634
1154.86 824.564
1151.83 827.518
1148.82 830.531
1145.93 833.638
1143.03 836.4
1139.21 835.738
1135.9 833.384
1132.94 830.514
1130.15 827.431
1128.36 823.764
1127.46 819.753
1126.38 815.743
1125.28 811.688
1123.41 807.837
1121.44 804.128
1118.66 801.079
1115.72 798.099
1113.49 794.469
1110.56 791.463
1107.33 788.622
1104.17 785.774
1100.7 783.143
1100.46 778.709
1099.49 774.478
1097.62 770.441
1097.5 766.088
1097.29 761.767
1095.6 757.772
1094.32 753.735
1091.62 750.344
1091.24 746.1
1089.15 742.505
1086.72 739.015
1085.52 734.963
1083.81 731.229
1081.52 727.914
1079.25 724.578
1077.43 720.956
1075.2 717.713
1071.89 715.191
1069.9 711.625
1066.7 709.532
1062.88 708.331
1059.71 706.258
1058.17 702.762
1057.5 698.999
1056.72 695.218
1056.5 691.285
1056.03 687.38
1055.53 683.387
1056.51 679.448
1057.49 675.506
1057.88 671.486
1058.51 667.414
1059.52 663.381
1060.51 659.335
1061.32 655.298
1061.5 651.199
1061.48 647.09
1061.49 642.933
1061.51 638.786
1061.26 634.697
1058.78 631.427
1055.88 628.323
1052.8 625.533
1049.26 623.336
1045.69 621.092
1041.88 619.301
1038.16 617.419
1034.4 615.601
1030.76 613.625
1027.6 611.166
1027.48 607.048
1026.38 603.186
1025.02 599.373
1023.62 595.477
1023.5 591.449
1023.55 587.422
1024.53 583.432
1025.51 579.399
1026.5 575.369
1027.17 571.306
1027.51 567.183
1028.5 563.153
1029.39 559.156
1029.74 555.036
1031.36 551.132
1031.79 546.858
1033.53 543.01
1035.35 539.193
1036.59 535.163
1038.35 531.271
1039.58 527.212
1041.43 523.38
1043.09 519.502
1045.43 516.032
1047.83 512.475
1051.08 509.469
1054.11 506.51
1057.32 503.791
1060.5 501.099
1063.46 498.052
1066.65 495.014
1069.16 491.399
1071.69 487.879
1075.13 485.184
1077.78 481.757
1080.79 478.703
1083.36 475.283
1086.03 471.961
1088.73 468.701
1091.33 465.397
1093.7 462.003
1095.93 458.373
1097.79 454.663
1099.65 450.902
1101.65 447.279
1103.56 443.573
1105.6 439.898
1107.62 436.303
1110.35 433.181
1113.33 430.256
1115.51 426.733
1118.06 423.429
1119.93 419.66
1121.94 415.77
1123.71 411.79
1125.53 407.82
1126.99 403.663
1128.83 399.776
1131.55 396.439
1134.23 393.066
1136.82 389.57
1140 386.545
1143.12 383.394
1145.65 379.808
1148.71 376.669
1151.78 373.464
1154.65 370.034
1158.22 367.275
1161.49 364.181
1165.03 361.34
1167.85 357.905
1171.42 355.135
1174.52 351.846
1177.71 348.798
1180.8 345.633
1183.67 342.23
1187.18 339.356
1189.23 335.458
1191.68 331.759
1193.77 327.814
1195.69 323.892
1197.64 319.97
1199.5 316.051
1200.54 311.874
1201.51 307.663
1202.28 303.416
1201.52 299.19
1200.26 295.056
1199.52 290.871
1200.69 286.787
1202.44 282.895
1203.5 278.722
1204.44 274.516
1205.47 270.405
1205.51 266.188
1205.51 261.967
1205.51 257.745
1205.52 253.524
1205.46 249.346
1203.99 245.385
1202.6 241.439
1200.48 237.837
1198.57 234.132
1195.68 231.096
1193.07 227.698
1189.35 225.492
1185.33 223.694
1181.09 222.574
1176.83 221.493
1172.61 220.534
1168.37 220.475
1164.12 220.525
1159.92 221.495
1155.63 222.493
1151.35 223.503
1147.31 225.233
1143.39 227.266
1139.46 229.126
1135.77 231.582
1132.23 234.239
1128.51 236.603
1125.03 239.306
1121.51 241.79
1118.09 244.446
1115.02 247.467
1111.95 250.48
1108.88 253.511
1105.89 256.622
1103.29 260.066
1100.26 263.209
1097.49 266.407
1094.75 269.638
1091.76 272.706
1089.26 276.193
1085.37 277.486
1081.12 277.509
1076.96 278.138
1072.82 278.53
1068.73 279.454
1064.71 280.308
1060.91 281.636
1058.05 284.404
1055.62 287.593
1053.47 290.957
1050.27 293.443
1046.26 293.405
1042.14 292.256
1037.9 291.493
1033.65 291.52
1029.36 292.014
1025.37 293.413
1021.76 295.656
1018.03 297.53
1014.28 299.315
1010.71 301.374
1007.5 303.979
1004.82 307.334
1001.9 310.568
1000.47 314.671
998.678 318.639
997.448 322.928
995.489 326.966
993.505 330.971
991.964 335.104
990.64 339.198
987.941 342.322
984.21 344.332
980.529 346.472
977.3 349.227
975.279 352.979
973.369 356.803
971.437 360.659
969.521 364.572
968.501 368.788
967.912 373.053
967.496 377.295
966.821 381.489
965.073 385.42
963.097 389.176
959.689 391.993
956.794 395.359
953.607 398.514
950.551 401.753
947.534 404.973
944.821 408.613
942.304 412.251
939.654 415.809
937.614 419.735
935.683 423.645
933.996 427.611
932.549 431.552
931.515 435.588
930.729 439.625
930.466 443.753
930.465 447.949
930.482 452.044
928.684 455.744
926.507 459.298
924.6 463.067
923.494 467.202
922.417 471.307
919.747 474.712
917.822 478.461
916.421 482.42
915.47 486.559
914.489 490.744
913.325 494.869
910.833 498.481
909.441 502.59
908.5 506.758
907.653 510.951
905.705 514.792
905.358 519.018
904.459 522.992
903.483 527.028
902.498 531.091
901.517 535.105
901.485 539.193
900.486 543.098
899.456 547.009
898.474 551.023
897.502 555.078
897.49 559.202
897.249 563.295
896.075 567.29
895.497 571.276
895.492 575.315
895.494 579.363
895.435 583.42
894.67 587.512
894.283 591.609
893.498 595.734
893.482 599.903
893.478 604.044
893.468 608.212
893.433 612.369
892.528 616.516
892.485 620.667
892.503 624.815
893.287 628.928
893.471 632.95
891.519 636.527
888.913 639.726
886.613 643.16
884.043 646.323
880.138 646.563
876.065 645.508
871.908 645.45
867.702 645.519
863.985 647.461
860.414 649.644
856.292 649.929
852.046 649.474
847.792 648.662
843.706 649.697
839.795 651.603
835.717 652.343
831.545 651.12
827.285 650.468
823.013 649.645
819.053 651.282
815.202 653.187
812.108 656.214
809.464 659.627
807.471 663.444
805.363 667.183
802.239 669.989
798.239 671.479
794.073 672.48
789.951 673.659
786.853 676.512
783.925 679.554
782.156 683.285
780.358 686.964
778.233 690.358
775.825 693.538
772.435 695.891
768.646 697.84
765.322 700.571
762.119 703.602
759.782 707.268
758.091 711.331
756.517 715.339
755.378 719.48
753.498 723.382
751.299 727.094
747.76 729.459
743.996 731.488
740.512 733.903
737.479 736.926
734.564 739.997
732.556 743.792
731.494 747.974
730.46 752.179
729.492 756.403
728.485 760.631
726.568 764.579
724.264 768.38
721.284 771.712
718.333 775.098
715.439 778.402
712.616 781.811
710.631 785.776
709.496 790.143
708.532 794.472
708.443 798.849
707.52 803.165
707.474 807.51
705.838 811.506
704.109 815.411
701.657 818.831
699.48 822.433
697.34 826.095
695.334 829.819
693.514 833.724
692.618 837.849
692.494 842.044
692.489 846.224
691.371 850.152
688.902 853.433
685.535 856.167
682.717 859.58
679.642 862.716
676.665 865.87
673.644 869.006
671.007 872.452
668.709 876.047
667.376 880.097
665.212 883.841
663.389 887.717
660.853 891.226
659.381 895.233
657.495 899.103
656.322 903.191
655.233 907.298
653.477 911.239
652.487 915.379
651.499 919.534
650.757 923.719
649.55 927.776
649.467 931.895
649.265 936.041
648.498 940.128
648.256 944.279
647.5 948.437
646.697 952.568
645.551 956.594
645.476 960.74
645.406 964.897
644.895 969.002
645.411 973.066
645.452 977.141
645.486 981.134
645.478 985.171
645.484 989.201
645.445 993.206
645.542 997.285
645.672 1001.41
645.525 1005.47
646.46 1009.53
646.49 1013.63
646.491 1017.74
646.502 1021.84
647.422 1025.87
648.323 1029.87
647.289 1033.76
644.592 1037.07
642.485 1040.79
640.334 1044.48
637.439 1047.74
635.434 1051.49
633.333 1055.11
630.446 1058.25
627.877 1061.63
625.874 1065.37
623.605 1068.93
621.813 1072.8
619.493 1076.49
617.459 1080.37
614.745 1083.93
613.393 1088.1
611.574 1091.94
609.62 1095.7
607.8 1099.52
605.415 1103.04
603.046 1106.35
600.714 1109.75
598.844 1113.47
596.476 1116.98
594.513 1120.76
593.498 1124.95
592.33 1129.08
590.48 1132.98
589.291 1137.16
587.145 1141.02
585.48 1145.07
583.582 1149.08
581.645 1153.1
579.413 1156.95
576.725 1160.53
573.784 1163.92
571.055 1167.45
567.903 1170.58
565.285 1174.18
561.433 1176.56
558.211 1179.69
555.294 1183.12
551.602 1185.27
547.511 1186.26
543.313 1186.56
539.203 1187.52
535.064 1188.48
530.874 1188.34
526.722 1187.49
522.543 1186.52
518.249 1186.33
514.323 1184.51
510.183 1183.5
505.868 1183.48
501.657 1182.69
497.606 1181.5
493.724 1179.65
489.662 1178.39
485.996 1176.32
482.753 1173.57
478.75 1172.34
474.578 1171.33
471.218 1168.39
467.431 1165.8
463.443 1163.81
459.453 1161.8
455.651 1159.51
452.331 1156.7
449.214 1153.67
445.601 1151.17
442.419 1147.81
438.421 1145.77
434.768 1143.24
431.497 1140.23
428.729 1136.76
425.831 1133.48
423.701 1129.69
421.447 1126.05
419.498 1122.21
418.173 1118.11
417.401 1113.9
416.651 1109.63
417.491 1105.25
417.355 1100.83
417.786 1096.53
419.378 1092.3
419.441 1088.02
417.651 1084.05
415.151 1080.49
411.319 1078.33
407.003 1077.49
402.617 1077.77
399.066 1080.42
395.868 1083.6
392.858 1086.91
390.101 1090.37
387.542 1094
385.494 1097.91
383.609 1101.87
382.499 1106.08
381.492 1110.23
380.672 1114.42
380.501 1118.6
381.131 1122.8
381.576 1127.01
383.015 1130.97
383.573 1135.06
385.445 1138.73
386.463 1142.59
387.63 1146.31
389.499 1149.88
391.238 1153.56
392.1 1157.51
393.685 1161.15
395.522 1164.73
398.13 1167.9
399.542 1171.91
402.027 1175.43
404.525 1178.98
407.551 1181.98
409.906 1185.54
413.154 1188.62
415.565 1192.34
418.558 1195.65
422.084 1198.5
425.214 1201.75
427.928 1205.28
431.747 1207.47
434.914 1210.47
438.654 1212.62
442.004 1215.37
445.616 1217.49
449.374 1219.37
452.495 1222.21
455.839 1224.65
458.921 1227.48
462.31 1229.84
465.681 1232.29
469.358 1234.07
472.994 1235.93
476.824 1237.55
480.653 1239.34
484.405 1241.12
488.19 1242.57
492.234 1243.54
496.039 1245.39
499.904 1247.35
504.037 1248.48
507.879 1250.32
511.949 1251.55
516.122 1252.67
520.382 1253.72
524.498 1255.42
528.777 1256.5
533.057 1257.49
537.297 1258.45
541.462 1259.46
545.695 1259.51
549.942 1259.51
554.202 1259.51
558.473 1259.51
562.742 1259.37
566.962 1258.51
571.161 1257.52
575.275 1256.31
579.054 1254.43
582.63 1252.23
585.999 1249.7
589.611 1247.47
592.856 1244.66
596.556 1242.52
600.247 1240.3
603.635 1237.59
607.319 1235.28
610.661 1232.38
614.507 1230.25
618.506 1228.52
622.629 1227.1
626.679 1225.44
630.642 1223.48
634.595 1221.5
638.627 1219.8
643.065 1219.36
646.756 1216.84
650.977 1215.41
655.058 1213.63
659.271 1212.17
663.356 1210.33
667.377 1208.43
671.258 1206.34
674.83 1203.83
678.791 1202.48
682.789 1201.41
686.555 1199.51
690.551 1198.13
694.4 1196.27
698.304 1194.62
702.368 1193.48
706.137 1191.66
710.104 1190.51
713.803 1188.85
717.612 1187.56
721.458 1186.46
725.076 1184.7
728.862 1183.39
732.555 1181.63
735.499 1183.89
736.457 1187.76
736.503 1191.81
736.518 1195.94
736.586 1200.07
737.165 1204.19
737.518 1208.3
738.633 1212.3
739.57 1216.33
741.239 1220.16
742.392 1224.09
743.532 1228.07
745.18 1231.89
746.188 1235.96
747.884 1239.84
749.411 1243.87
751.752 1247.45
754.796 1250.58
758.289 1253.12
762.379 1254.6
766.712 1255.17
771.06 1254.55
775.426 1254.11
779.574 1252.58
783.855 1251.68
788.09 1250.57
792.26 1249.24
795.94 1246.74
799.788 1244.55
803.802 1242.7
808.001 1241.29
811.55 1238.48
815.063 1235.61
819.085 1233.49
823.158 1231.4
826.309 1228.16
829.865 1225.52
833.135 1222.58
835.647 1218.92
838.751 1215.78
841.581 1212.51
844.207 1209.02
845.662 1204.88
847.585 1201.04
848.808 1196.8
850.819 1192.84
851.691 1188.61
853.453 1184.68
855.556 1180.94
856.948 1176.79
859.481 1173.22
860.626 1169.04
862.276 1165.1
864.136 1161.25
865.454 1157.02
868.764 1154.7
872.614 1156.27
875.715 1159.37
878.574 1162.68
880.687 1166.41
881.636 1170.46
880.05 1174.35
878.478 1178.33
876.549 1182.13
874.499 1185.85
872.647 1189.65
871.345 1193.7
868.715 1197.18
867.101 1201.21
864.604 1204.87
863.29 1209.09
861.402 1212.98
859.397 1216.78
857.507 1220.76
855.729 1224.78
854.432 1228.94
851.968 1232.61
850.28 1236.61
847.619 1240.09
846.16 1244.21
844.076 1248.19
842.236 1252.25
839.644 1255.83
837.645 1259.76
835.721 1263.7
833.691 1267.63
831.608 1271.5
829.811 1275.5
827.915 1279.44
826.391 1283.48
824.47 1287.4
823.474 1291.69
821.117 1295.17
816.972 1296.4
813.676 1298.73
812.341 1302.6
811.461 1306.63
811.456 1310.88
811.508 1315.1
812.57 1319.2
814.364 1323
816.793 1326.42
819.845 1329.3
823.359 1331.84
825.579 1335.54
827.513 1339.48
829.639 1343.29
831.534 1347.2
833.556 1351.07
835.46 1354.93
836.576 1359.03
837.472 1363.13
837.688 1367.31
838.482 1371.44
839.157 1375.58
838.608 1379.75
837.964 1383.9
838.39 1388.36
837.566 1392.7
837.477 1397.05
837.543 1401.4
839.17 1405.45
841.611 1408.97
844.322 1412.37
847.28 1415.58
850.321 1418.77
853.48 1421.74
857.451 1423.58
861.481 1425.42
865.437 1427.31

