CONTOUR

1

987

1177.79 1375.49
1181.88 1375.51
1185.97 1375.51
1190.09 1375.5
1194.09 1374.62
1198.07 1373.51
1202.11 1372.55
1205.93 1371.16
1209.39 1369.07
1211.91 1365.76
1213.98 1362.08
1216.32 1358.49
1217.72 1354.47
1219.45 1350.51
1219.59 1346.17
1220.9 1342.14
1223.14 1338.47
1225.58 1334.93
1227.67 1331.15
1230.18 1327.55
1231.03 1323.23
1233.19 1319.54
1235.38 1315.94
1237.51 1312.3
1239.39 1308.51
1241.36 1304.82
1242.86 1300.9
1243.67 1296.67
1245.71 1292.94
1247.73 1289.23
1249.55 1285.36
1251.6 1281.63
1253.59 1277.8
1256.5 1274.53
1258.57 1270.73
1260.57 1266.83
1262.27 1262.78
1264.51 1259.03
1267.22 1255.52
1269.09 1251.63
1270.85 1247.72
1273.66 1244.46
1275.51 1240.65
1276.67 1236.55
1277.6 1232.41
1279.45 1228.55
1279.54 1224.38
1279.52 1220.18
1279.38 1216.01
1277.65 1212.12
1277.53 1208.11
1278.4 1204.13
1279.53 1200.23
1280.64 1196.31
1282.47 1192.56
1282.53 1188.53
1282.42 1184.48
1281.27 1180.65
1279.05 1177.38
1275.7 1175.16
1271.95 1173.54
1267.91 1173.44
1263.85 1173.67
1260.14 1175.43
1256.38 1177.02
1252.57 1176.34
1251.54 1172.48
1251.51 1168.39
1251.52 1164.29
1251.52 1160.19
1251.41 1156.13
1250.53 1152.12
1250.54 1147.98
1250.18 1143.86
1249.53 1139.83
1249.46 1135.74
1248.51 1131.7
1247.5 1127.67
1246.35 1123.67
1245.52 1119.6
1244.98 1115.46
1244.03 1111.47
1242.7 1107.51
1241.52 1103.54
1240.54 1099.52
1239.52 1095.53
1238.54 1091.53
1237.44 1087.6
1236.36 1083.61
1235.49 1079.56
1234.3 1075.55
1233.19 1071.49
1231.57 1067.54
1230.06 1063.53
1228.44 1059.61
1227.26 1055.56
1225.52 1051.61
1224.19 1047.53
1222.99 1043.38
1221.12 1039.44
1219.44 1035.4
1217.32 1031.57
1215.54 1027.6
1214.06 1023.53
1211.85 1019.78
1210.46 1015.83
1209.37 1011.81
1206.97 1008.3
1205.44 1004.3
1203.52 1000.44
1200.96 997.007
1198.55 993.491
1197.12 989.467
1195.25 985.591
1193.28 981.81
1191.48 977.925
1190.47 973.765
1189.42 969.576
1187.54 965.586
1186.4 961.386
1184.47 957.489
1183.63 953.225
1182.71 949.096
1181.52 944.985
1179.36 941.289
1177.57 937.39
1176.55 933.26
1175.35 929.217
1173.54 925.297
1171.99 921.312
1170.29 917.507
1168.41 913.811
1166.47 910.129
1164.5 906.505
1163.27 902.525
1161.37 898.713
1158.8 895.267
1157.31 891.263
1155.51 887.362
1153.59 883.511
1151.49 879.752
1148.93 876.275
1146.41 872.746
1143.34 869.687
1140.31 866.641
1137.27 863.703
1133.72 861.276
1130.38 858.614
1127.32 855.667
1123.81 853.249
1120.41 850.678
1117.33 847.724
1113.96 845.269
1110.5 842.846
1107.03 840.561
1103.3 838.703
1099.17 838.522
1094.87 839.832
1091.31 837.675
1087.65 836.155
1083.83 835.45
1080.34 833.687
1076.66 832.463
1073.01 831.23
1069.52 829.7
1067.5 826.475
1066.42 822.811
1065.47 819.029
1064.02 815.361
1063.45 811.349
1062.16 807.466
1061.3 803.378
1059.56 799.456
1058.54 795.384
1057.21 791.469
1055.49 787.629
1054.29 783.6
1053.16 779.505
1051.5 775.536
1049.67 771.612
1048.34 767.61
1047.2 763.517
1045.52 759.608
1043.65 755.824
1042.34 751.819
1040.68 747.959
1043.58 745.47
1047.74 746.464
1051.95 746.509
1056.04 747.493
1060.09 748.502
1063.91 749.984
1067.27 752.471
1070.36 755.339
1074.03 757.275
1077.46 759.477
1080.54 762.158
1083.92 764.412
1087.61 766.232
1091.45 767.943
1094.93 770.483
1098.56 772.514
1102.42 774.07
1106.4 775.524
1110.18 777.412
1114.15 778.729
1117.57 781.01
1121.02 783.375
1124.57 785.373
1128.27 786.799
1132.21 787.552
1135.96 789.301
1140.15 789.525
1144.29 790.491
1148.4 790.464
1152.36 789.222
1155.71 786.693
1158.26 783.394
1159.32 779.333
1160.26 775.307
1160.58 771.12
1161.51 766.93
1162.49 762.753
1163.49 758.586
1163.51 754.364
1163.5 750.139
1162.51 746.023
1161.51 741.957
1159.71 738.15
1157.97 734.289
1156.47 730.419
1153.77 727.161
1151.7 723.382
1149.22 719.915
1145.92 717.275
1142.76 714.358
1139.8 711.315
1137.49 707.835
1135.46 704.083
1133.18 700.612
1131.47 696.762
1129.52 693.006
1128.51 688.994
1128.99 684.834
1129.49 680.62
1128.2 676.611
1125.78 673.07
1123.37 669.628
1120.33 666.553
1117.52 663.26
1115.27 659.746
1112.78 656.463
1109.52 653.88
1106.17 651.417
1103.18 648.606
1099.77 646.106
1097.18 642.664
1093.9 639.984
1091.15 636.899
1089.52 633.036
1089.18 628.778
1088.51 624.599
1087.58 620.486
1086.23 616.532
1084.45 612.756
1081.6 609.836
1077.84 608.237
1073.73 607.466
1069.72 606.135
1066.64 603.086
1063.88 599.72
1060.37 597.415
1056.56 595.551
1052.34 595.474
1048.11 595.489
1044.02 596.472
1040 597.569
1036.3 599.519
1032.33 599.399
1029.11 596.669
1025.53 594.586
1021.54 593.485
1017.44 592.477
1013.52 590.895
1009.46 589.501
1005.3 588.524
1001.23 587.525
997.024 587.479
993.657 585.509
993.492 581.498
993.507 577.429
993.489 573.373
992.193 569.455
991.516 565.438
991.513 561.342
991.48 557.268
990.511 553.258
989.516 549.274
989.497 545.176
988.903 541.144
988.498 537.113
987.51 533.154
986.556 529.159
985.596 525.218
985.509 521.237
985.518 517.248
985.518 513.257
985.508 509.263
985.494 505.275
984.475 501.391
983.439 497.506
982.542 493.47
982.496 489.325
981.515 485.307
980.558 481.311
979.523 477.38
978.063 473.652
975.564 470.247
975.488 466.084
974.524 462.087
974.521 458.1
976.306 454.399
977.533 450.473
978.982 446.597
980.527 442.778
981.604 438.75
983.177 434.812
983.509 430.636
984.215 426.507
984.494 422.302
983.537 418.046
983.495 413.659
982.509 409.4
981.52 405.162
980.632 400.934
978.659 397.19
976.79 393.356
975.504 389.273
974.433 385.088
973.502 380.859
972.579 376.648
971.513 372.539
970.561 368.429
969.542 364.418
968.588 360.476
967.572 356.665
965.8 353.143
964.507 349.377
963.274 345.65
961.531 342.116
960.008 338.452
957.788 335.163
956.457 331.34
955.16 327.487
954.057 323.492
953.513 319.468
953.509 315.404
953.519 311.341
954.275 307.314
954.403 303.255
953.515 299.179
953.493 294.958
952.559 290.831
952.502 286.644
951.25 282.683
949.561 278.802
949.033 274.587
945.636 272.412
941.553 271.488
937.321 271.329
933.222 271.432
929.92 269.276
928.114 265.615
927.497 261.462
926.201 257.511
924.29 253.81
920.741 251.224
918.592 247.507
917.517 243.343
916.643 239.205
915.754 235.083
915.487 230.868
914.489 226.731
913.316 222.613
911.576 218.702
909.95 214.758
907.965 211.139
906.134 207.461
903.668 204.13
901.396 200.721
898.971 197.485
896.109 194.438
893.501 191.143
890.24 188.485
887.223 185.621
883.702 183.353
879.945 181.469
876.178 179.602
872.337 177.743
868.058 177.177
863.758 176.495
859.421 176.493
855.169 177.461
850.96 178.482
846.796 179.479
843.054 181.343
839.535 183.686
836.219 186.352
833.207 189.338
830.287 192.395
827.733 195.724
825.927 199.416
824.531 203.169
823.409 207.048
822.243 210.829
820.745 214.581
820.384 218.571
819.5 222.567
819.227 226.64
818.5 230.703
818.489 234.784
818.49 238.849
818.597 242.908
819.477 246.975
819.483 251.114
819.502 255.23
820.445 259.255
820.712 263.296
821.526 267.238
822.59 271.182
823.518 275.184
824.599 279.207
825.656 283.195
827.463 286.936
828.55 290.856
829.849 294.7
830.684 298.672
831.515 302.652
832.501 306.602
833.468 310.592
833.584 314.65
834.373 318.748
833.47 322.712
832.477 326.733
831.5 330.834
830.478 334.885
829.516 338.942
829.45 343.084
827.687 346.924
827.486 351.041
827.47 355.208
826.503 359.269
826.494 363.344
827.455 367.375
827.494 371.4
827.518 375.422
828.472 379.418
828.508 383.507
829.496 387.496
830.488 391.506
831.478 395.516
831.902 399.59
832.492 403.752
833.466 407.851
834.488 411.912
834.499 416.102
835.333 420.201
835.492 424.339
836.027 428.399
837.474 432.274
837.866 436.42
839.475 440.198
840.493 444.127
842.163 447.764
843.74 451.478
845.652 455.083
847.689 458.529
850.28 461.707
851.988 465.421
854.414 468.849
857.32 471.859
859.474 475.353
861.524 478.947
863.772 482.322
865.516 485.979
866.485 489.895
867.135 493.893
867.477 497.895
867.483 501.903
867.473 505.911
867.448 509.929
866.802 513.934
867.475 517.95
867.487 521.95
867.485 525.949
867.492 529.947
867.492 533.945
867.495 537.941
867.495 541.938
867.659 545.928
868.474 549.982
868.498 554.111
869.369 558.179
869.481 562.254
869.481 566.323
869.483 570.406
869.484 574.477
869.494 578.546
869.545 582.602
870.476 586.566
870.537 590.622
871.486 594.523
872.452 598.385
871.292 602.089
869.329 605.537
867.261 609.006
865.46 612.72
864.478 616.737
863.507 620.811
862.625 624.865
862.509 629.028
861.467 632.965
860.498 637.028
859.511 641.027
859.394 645.164
857.749 649.114
857.461 653.286
856.494 657.425
855.73 661.567
855.464 665.709
854.417 669.748
853.485 673.873
852.584 678.016
853.45 682.325
851 685.376
846.89 686.572
843.002 688.334
838.898 689.585
835.179 691.49
831.677 693.645
829.28 697.198
825.811 699.721
824.011 703.448
821.633 706.759
820.072 710.49
817.953 713.986
816.427 717.812
814.277 721.246
812.473 724.888
811.436 728.878
809.543 732.675
809.452 736.84
808.501 740.931
808.482 745.05
808.409 749.209
808.402 753.411
808.478 757.527
808.465 761.644
809.482 765.643
809.491 769.686
809.461 773.727
807.862 777.553
807.469 781.605
805.619 785.265
804.497 789.153
804.119 793.227
802.532 797.013
802.026 801.111
798.291 800.473
795.179 797.679
791.792 795.234
788.903 792.392
787.995 788.646
789.63 784.74
790.504 780.651
790.508 776.438
790.508 772.225
790.465 768.016
789.501 763.896
788.399 759.806
787.258 755.748
784.669 752.314
782.226 748.734
779.161 745.704
775.491 743.536
771.125 743.414
766.777 743.51
762.603 744.714
758.735 746.792
755.61 749.813
753.029 753.369
750.418 756.843
749.452 758.827
748.487 760.812
747.475 765.284
744.636 768.702
740.991 771.197
736.67 771.491
732.276 771.445
727.875 771.452
723.587 770.7
719.455 769.426
715.26 768.515
711.022 769.469
706.808 770.528
703.311 773.064
699.917 775.659
698.454 779.475
697.169 783.383
696.442 787.412
696.964 791.447
698.47 795.356
698.268 799.217
695.491 802.099
692.17 804.47
688.723 806.622
685.858 809.393
682.283 811.211
678.762 813.4
675.051 815.458
671.251 817.278
667.311 818.921
663.486 820.792
659.749 822.75
657.086 826.135
654.77 829.686
653.497 833.69
653.488 837.939
653.493 842.193
653.494 846.448
653.881 850.663
655.509 854.593
657.429 858.35
659.455 862.024
661.912 865.335
665.309 867.832
668.62 870.333
672.2 872.438
675.913 874.423
679.706 876.2
683.844 876.559
687.555 875.08
689.476 871.535
687.634 867.645
685.671 863.861
683.25 860.394
680.477 857.074
679.517 853.194
681.869 849.823
685.275 847.304
688.309 844.378
691.2 841.333
692.548 837.224
696.046 835.514
700.143 835.501
704.21 835.197
707.987 833.634
712.009 833.489
715.929 832.533
719.807 831.731
723.905 831.507
727.901 830.664
731.909 829.429
735.558 827.517
739.108 825.437
742.636 823.361
745.91 820.785
749.687 820.389
752.724 823.205
755.901 825.668
758.416 828.894
761.145 831.878
763.418 835.298
765.481 838.802
767.506 842.186
769.851 845.371
772.614 848.525
774.877 852.135
777.216 855.719
779.435 859.325
781.514 862.95
783.718 866.349
786.542 869.232
789.729 871.705
792.778 874.445
795.636 877.37
799.046 879.645
802.18 882.018
805.401 884.182
808.673 886.297
812.26 887.951
815.681 890.333
819.691 891.609
823.576 893.365
827.653 892.695
831.649 891.856
835.392 890.208
838.338 887.24
840.703 883.665
843.185 880.185
844.517 876.155
845.494 872.004
845.606 867.725
846.875 863.651
849.243 860.015
850.472 855.959
851.508 851.878
852.58 847.847
853.797 843.844
854.573 839.711
855.847 835.606
857.775 831.7
859.587 827.82
860.862 823.656
861.555 819.382
863.75 815.618
865.478 811.903
865.526 807.797
866.498 803.803
867.496 799.857
868.733 796.044
870.518 792.417
871.53 788.589
873.37 785.12
875.453 781.861
878.977 782.484
881.194 785.71
882.38 789.539
883.474 793.371
883.557 797.376
884.503 801.302
884.54 805.3
883.563 809.124
883.495 812.987
883.483 816.888
882.295 820.597
880.575 824.121
881.484 827.773
884.272 830.972
883.35 834.637
880.62 837.918
879.488 841.906
878.597 845.987
878.485 850.236
878.491 854.476
879.495 858.531
882.313 861.596
886.172 863.757
887.401 867.598
887.511 871.668
887.47 875.771
885.845 879.676
885.485 883.789
885.258 887.922
884.486 892.049
883.478 896.191
881.596 899.987
879.722 903.852
878.487 907.979
876.48 911.856
874.567 915.648
872.278 919.255
870.327 922.991
867.863 926.399
865.992 930.014
863.866 933.535
861.694 936.947
859.688 940.46
857.578 943.946
856.324 948.015
854.565 951.921
853.478 956.052
852.548 960.193
851.612 964.298
849.769 968.023
847.677 971.664
846.055 975.529
844.75 979.516
843.784 983.536
843.397 987.624
842.487 991.704
841.546 995.797
840.606 999.826
838.748 1003.6
836.861 1007.36
835.502 1011.22
834.53 1015.17
834.383 1019.25
833.238 1023.28
833.431 1027.35
834.365 1031.34
835.487 1035.26
837.226 1038.93
837.554 1042.96
839.42 1046.72
838.463 1050.51
836.836 1054.24
836.371 1058.28
835.502 1062.31
835.49 1066.37
835.546 1070.45
835.541 1074.5
837.469 1078.13
839.66 1081.59
840.532 1085.53
840.481 1089.63
840.29 1093.7
837.641 1096.42
833.822 1095.17
830.005 1093.24
826.024 1091.62
821.779 1091.43
817.544 1090.85
813.93 1092.58
811.372 1095.72
809.518 1099.33
809.362 1103.44
809.452 1107.47
809.432 1111.52
809.483 1115.6
810.49 1119.48
813.217 1122.64
815.354 1126.16
816.44 1130.12
818.334 1133.81
818.586 1137.97
819.646 1141.99
820.18 1146.04
818.68 1149.76
816.006 1152.61
812.135 1151.35
808.33 1149.51
804.412 1147.98
800.449 1146.53
796.65 1144.74
792.719 1143.42
788.686 1142.25
784.517 1141.38
780.377 1140.46
776.154 1140.47
771.993 1141.18
768.312 1143.23
765.565 1146.33
764.502 1150.3
765.408 1154.44
766.303 1158.52
767.576 1162.42
770.128 1165.61
772.917 1168.61
775.869 1171.49
778.829 1174.44
781.812 1177.42
784.741 1180.43
787.7 1183.41
788.64 1187.44
788.395 1191.63
788.434 1195.83
789.27 1199.89
790.214 1203.97
792.158 1207.71
793.507 1211.67
794.506 1215.77
796.051 1219.63
798.852 1222.91
801.536 1226.25
805.133 1228.6
808.659 1231.09
812.101 1233.45
815.765 1235.68
819.456 1237.88
823.266 1239.85
826.531 1242.67
829.937 1245.37
833.68 1247.65
837.069 1250.47
841.031 1252.5
844.442 1255.14
847.347 1258.37
850.903 1260.6
854.691 1262.49
858.422 1264.45
861.698 1267.24
865.468 1269.13
868.843 1271.52
872.478 1273.55
876.088 1275.58
879.589 1277.81
883.279 1279.91
886.463 1282.86
890.035 1285.16
893.584 1287.53
897.126 1289.88
900.776 1292.23
904.463 1294.57
907.805 1297.31
911.467 1299.44
915.091 1301.62
918.853 1303.52
922.502 1305.56
926.16 1307.61
929.856 1309.52
933.585 1311.39
937.555 1312.64
941.265 1314.52
945.177 1315.89
949.092 1317.5
953.247 1318.21
957.43 1318.82
961.611 1319.51
965.797 1319.49
969.602 1317.61
973.283 1315.57
976.646 1313.14
979.553 1310.15
981.856 1306.62
983.459 1302.72
985.875 1299.28
987.557 1295.45
989.384 1291.67
989.945 1287.52
991.446 1283.66
992.506 1279.74
992.513 1275.63
993.086 1271.58
993.604 1267.62
994.677 1263.67
994.295 1259.5
994.895 1255.64
998.923 1255.46
1002.99 1255.55
1006.94 1256.83
1010.79 1258.22
1014.73 1259.2
1018.79 1259.61
1022.79 1260.37
1026.47 1262.02
1029.73 1264.38
1033.46 1265.68
1037.14 1267.45
1041.18 1267.52
1045.08 1268.49
1049.02 1268.85
1052.94 1269.5
1056.81 1270.42
1060.67 1271.5
1064.59 1272.47
1068.65 1272.6
1072.47 1274.21
1076.44 1274.62
1080.39 1275.52
1084.33 1276.55
1088.33 1277.47
1092.36 1277.96
1096.34 1279.14
1100.42 1279.54
1104.48 1280.48
1108.62 1280.65
1112.27 1282.18
1113.21 1286.13
1113.55 1290.34
1115.4 1294.16
1117.65 1297.67
1119.52 1301.41
1121.79 1304.99
1124.59 1308.2
1128.61 1309.47
1132.67 1310.57
1136.75 1311.61
1139.93 1314.15
1140.53 1318.28
1141.45 1322.39
1141.52 1326.55
1141.99 1330.7
1142.77 1334.79
1143.94 1338.76
1145.49 1342.69
1147.24 1346.54
1149.24 1350.25
1150.69 1354.12
1153.32 1357.17
1155.47 1360.56
1157.38 1364.16
1159.76 1367.33
1162.56 1370.23
1165.91 1372.44
1169.82 1373.55
1173.8 1374.55

