CONTOUR

1

1249

971.53 1275.52
975.549 1275.54
979.667 1275.52
983.742 1275.51
987.827 1275.49
991.853 1274.62
995.81 1273.68
999.815 1273.5
1003.82 1273.51
1007.82 1273.5
1011.8 1272.71
1015.76 1272.51
1019.75 1272.51
1023.73 1271.7
1027.79 1271.45
1031.81 1270.53
1035.85 1270.5
1039.88 1270.49
1043.85 1269.54
1047.83 1269.5
1051.8 1269.5
1055.74 1269.02
1059.83 1268.46
1063.9 1267.52
1068.09 1267.51
1072.26 1267.5
1076.32 1266.55
1080.32 1265.53
1084.41 1265.5
1088.5 1265.51
1092.59 1265.3
1096.68 1264.57
1100.75 1263.73
1104.81 1263.51
1108.88 1263.43
1113 1262.68
1117.18 1262.51
1121.32 1262.58
1125.49 1262.21
1129.62 1261.5
1133.81 1260.58
1138.08 1260.47
1142.33 1259.55
1146.49 1258.54
1150.59 1257.51
1154.71 1256.5
1158.87 1255.51
1163.05 1254.52
1166.95 1252.63
1171.09 1251.37
1174.98 1249.48
1178.44 1246.98
1180.71 1243.21
1183.24 1239.71
1184.48 1235.83
1183.54 1231.7
1183.46 1227.5
1182.12 1223.52
1180.7 1219.57
1179.49 1215.56
1177.53 1211.81
1175.53 1208.1
1174.45 1203.99
1173 1199.94
1171.52 1195.96
1170.49 1191.87
1169.55 1187.77
1169.08 1183.62
1168.29 1179.53
1168.48 1175.36
1168.53 1171.19
1170.1 1167.4
1172.59 1164.04
1175.35 1160.86
1177.37 1157.22
1179.32 1153.5
1181.48 1149.86
1182.57 1145.8
1183.56 1141.65
1184.52 1137.44
1185.37 1133.23
1184.59 1128.94
1184.48 1124.62
1183.04 1120.52
1181.42 1116.36
1180.31 1111.99
1177.89 1108.23
1175.36 1104.63
1172.67 1101.12
1170.01 1097.55
1167.19 1094.18
1164.48 1090.77
1161.5 1087.65
1158.81 1084.26
1156.37 1080.73
1153.44 1077.56
1149.87 1075.12
1147.23 1071.78
1144.38 1068.77
1141.44 1065.85
1138.6 1062.93
1140.04 1059.59
1143.97 1059.49
1147.93 1059.17
1151.94 1058.62
1155.93 1058.36
1159.58 1056.52
1163.48 1055.41
1167.3 1053.72
1170.99 1053.7
1170.62 1057.92
1170.44 1062.14
1170.63 1066.38
1172.36 1070.12
1176.21 1071.93
1179.69 1074.39
1183.49 1076.17
1187.44 1077.6
1191.24 1079.47
1194.92 1081.52
1198.64 1083.64
1202.34 1085.77
1205.64 1088.3
1206.37 1092.49
1207.22 1096.63
1208.73 1100.52
1211.47 1103.66
1214.59 1106.5
1217.73 1109.3
1221.8 1110.53
1225.66 1112.29
1229.71 1113.53
1233.79 1114.76
1237.61 1116.73
1241.76 1117.81
1245.52 1119.91
1249.75 1120.63
1253.86 1121.71
1258.04 1122.4
1262.21 1122.93
1266.41 1123.49
1270.64 1123.8
1274.78 1124.71
1278.91 1125.73
1283.11 1126.5
1287.28 1127.57
1291.47 1128.54
1295.65 1129.6
1299.79 1130.91
1303.47 1133.19
1306.59 1136.3
1310.23 1138.76
1312.53 1142.49
1315.59 1145.5
1318.85 1148.32
1322.12 1151.09
1324.74 1154.43
1327.76 1157.31
1331.5 1159.23
1335.28 1161.08
1339.28 1162.12
1343.13 1163.49
1347.15 1164.54
1351.16 1165.62
1355.22 1166.54
1359.28 1167.47
1363.39 1167.52
1367.53 1167.52
1371.69 1167.48
1375.73 1166.51
1379.57 1164.78
1383.48 1163.15
1387.24 1161.2
1390.03 1157.96
1393.2 1155.25
1394.59 1151.42
1395.73 1147.47
1397.51 1143.62
1398.5 1139.54
1398.53 1135.35
1399.3 1131.24
1399.51 1127.16
1399.53 1123.08
1400.51 1119.01
1400.46 1114.99
1399.53 1110.94
1399.87 1106.87
1400.49 1102.72
1400.52 1098.54
1401.49 1094.49
1402.52 1090.4
1403.51 1086.32
1404.5 1082.24
1405.53 1078.17
1406.48 1074.05
1407.51 1070.02
1408.51 1065.99
1409.54 1062.03
1410.52 1057.99
1410.54 1053.8
1411.43 1049.7
1411.51 1045.58
1411.51 1041.48
1413.12 1037.96
1417.09 1037.45
1420.99 1036.53
1424.84 1035.59
1428.77 1035.44
1432.62 1034.51
1436.47 1033.54
1440.29 1032.61
1444.11 1031.47
1447.96 1030.18
1451.78 1028.55
1455.78 1027.46
1459.68 1026.13
1463.64 1024.79
1467.64 1023.76
1471.65 1023.15
1475.63 1021.9
1479.58 1020.52
1483.66 1019.49
1487.6 1018.01
1491.71 1016.92
1495.73 1015.5
1499.71 1013.85
1503.6 1011.94
1507.52 1010.17
1511.3 1008.48
1515.39 1007.5
1519.43 1006.25
1523.56 1005.5
1527.66 1004.45
1531.61 1002.82
1535.64 1001.52
1539.67 1000.23
1543.84 999.505
1547.91 998.457
1551.78 996.62
1555.88 995.545
1559.65 993.795
1563.54 992.52
1567.43 991.199
1571.2 989.473
1574.98 987.541
1578.78 985.741
1582.84 984.503
1587.08 983.439
1591.06 981.574
1595.01 979.657
1599.1 978.458
1603.13 976.914
1607.08 975.104
1611.03 973.295
1615.03 971.432
1619 969.544
1623.07 968.119
1627.03 966.488
1630.85 964.586
1634.89 963.405
1638.43 961.223
1642.18 959.457
1645.88 957.491
1649.57 955.444
1653.22 953.337
1656.46 950.461
1659.39 947.254
1661.8 943.632
1663.49 939.674
1663.51 935.355
1663.48 931.028
1662.63 926.694
1663.49 922.371
1663.42 918.112
1661.5 914.219
1659.69 910.318
1657.7 906.546
1655.56 902.952
1652.84 899.688
1649.61 896.857
1646.42 893.934
1642.5 892.373
1638.37 891.47
1634.18 890.503
1630.01 889.803
1625.81 889.49
1621.57 889.482
1617.34 889.482
1613.13 889.505
1608.95 890.33
1604.76 890.508
1600.64 891.427
1596.52 891.493
1592.41 891.541
1588.33 892.453
1584.19 892.497
1580.06 892.514
1575.93 892.488
1571.79 892.504
1567.7 893.388
1563.59 893.507
1559.56 894.298
1555.68 895.462
1551.82 896.475
1547.89 895.839
1544.02 895.494
1540.14 895.499
1536.33 896.344
1532.64 897.496
1529.11 899.241
1525.23 899.496
1521.33 898.478
1517.42 897.505
1513.43 897.502
1509.53 898.444
1505.74 899.704
1502 901.413
1497.94 900.524
1493.91 900.242
1489.81 900.227
1485.71 900.469
1481.81 901.597
1477.85 902.438
1473.88 901.496
1469.95 900.448
1465.83 899.984
1461.78 899.612
1457.97 901.512
1453.98 902.393
1449.91 901.489
1446.02 899.849
1442.24 897.553
1437.82 897.433
1433.83 895.6
1429.86 894.038
1426.25 891.864
1422.24 890.54
1418.35 889.014
1414.44 887.372
1411 884.65
1407.22 882.741
1403.16 881.373
1399.54 879.063
1395.51 877.343
1391.59 875.196
1389.52 874.333
1387.45 873.47
1383.34 871.625
1379.34 869.697
1375.44 867.625
1371.54 865.592
1367.65 863.577
1363.86 861.523
1359.91 859.891
1356.09 858.31
1352.9 855.465
1349.14 853.329
1345.98 850.446
1343.52 847.094
1343.51 842.993
1344.47 838.83
1344.51 834.665
1344.51 830.488
1344.54 826.294
1344.52 822.064
1344.7 817.826
1344.53 813.602
1344.39 809.335
1343.52 805.098
1343.16 800.796
1341.55 796.6
1341.39 792.146
1339.6 788.179
1338.31 784.064
1335.62 780.543
1333.67 776.755
1331.56 773.126
1329 769.918
1326.4 766.591
1324.13 762.954
1320.71 760.311
1317.73 757.344
1315.36 753.852
1312.69 750.714
1309.33 748.2
1306.08 745.526
1303.09 742.514
1299.58 740.076
1296.23 737.573
1292.74 735.31
1289.4 732.644
1285.79 730.145
1282.21 727.755
1278.48 725.846
1274.95 723.517
1271.22 721.543
1267.48 719.485
1263.67 717.536
1259.66 716.098
1255.84 714.301
1252.16 712.42
1248.14 711.367
1244.55 709.494
1240.98 707.585
1236.96 706.54
1233.19 704.864
1229.86 702.32
1227.2 699.049
1225.54 695.185
1224.59 691.058
1223.56 686.989
1222.32 682.927
1220.4 679.15
1218.21 675.503
1215.61 672.171
1212.33 669.529
1208.59 667.478
1204.84 665.518
1201.06 663.578
1197.33 661.476
1194.4 658.465
1191.69 655.167
1189.8 651.313
1187.99 647.41
1186.13 643.526
1183.41 639.994
1180.03 637.444
1176.21 635.509
1172.09 634.388
1167.87 633.482
1163.64 632.523
1159.58 631.184
1156.57 628.083
1154.17 624.466
1151.68 620.832
1149.63 617.054
1147.18 613.711
1143.7 611.564
1139.81 610.202
1135.96 608.615
1131.8 608.616
1127.65 608.516
1123.76 607.444
1120.58 604.84
1117.54 602.045
1114.35 599.414
1110.72 597.129
1107.2 594.658
1102.95 594.437
1098.67 594.475
1094.43 594.495
1090.2 594.486
1086.15 593.365
1082.46 591.45
1078.87 589.275
1075.27 587.243
1071.53 585.431
1067.51 584.494
1063.45 584.848
1059.66 586.736
1056.22 589.356
1052.65 591.838
1049.06 594.374
1044.82 593.483
1040.61 592.537
1036.39 593.529
1032.39 595.445
1028.72 597.721
1024.83 599.46
1020.69 598.453
1016.53 597.486
1012.31 597.502
1008.37 599.045
1004.94 601.463
1001.99 604.497
1000.31 608.247
999.137 612.193
996.45 615.22
992.654 616.469
988.829 617.435
985.087 618.482
981.429 617.445
978.074 615.542
974.9 613.477
973.566 609.997
974.5 606.049
974.533 602.071
973.605 598.192
973.513 594.287
973.312 590.412
972.466 586.58
971.534 582.701
971.514 578.785
971.492 574.874
970.574 571.003
970.203 567.117
969.5 563.162
968.509 559.153
967.532 555.106
967.492 550.948
966.56 546.949
965.603 543.052
964.746 539.111
963.457 535.204
962.172 531.358
961.499 527.251
960.47 523.207
958.892 519.417
957.219 515.565
955.288 511.8
953.522 507.908
953.196 503.574
951.731 499.528
950.187 495.559
948.525 491.715
946.471 488.095
943.64 485.1
940.774 482.286
939.491 478.426
938.364 474.429
936.385 470.701
933.846 467.301
931.386 463.893
928.21 461.225
925.616 458.175
923.518 454.783
921.037 451.57
917.669 448.966
914.326 446.29
910.565 444.255
907.517 441.345
905.491 437.691
902.868 434.419
899.949 431.434
896.906 428.509
893.403 425.943
890.055 423.377
887.836 419.807
885.237 416.56
882.244 413.653
879.158 410.792
875.803 408.131
872.614 405.127
868.646 403.275
864.494 401.676
860.559 399.696
856.762 397.589
853.049 395.451
850.482 391.978
847.239 389.562
844.182 386.938
841.457 383.868
838.569 381.106
835.85 378.142
834.529 374.438
833.15 370.715
830.779 367.311
829.371 363.27
827.466 359.406
824.63 356.17
821.725 352.962
818.618 350.051
815.172 347.567
811.652 345.135
807.74 343.251
803.612 342.099
799.431 340.95
795.264 339.534
790.948 338.891
787.751 336.178
785.155 332.573
782.006 329.478
778.772 326.31
775.351 323.423
771.729 320.934
767.708 319.119
763.701 317.506
759.564 316.445
755.369 315.499
751.092 315.207
746.92 315.712
743.009 317.472
739.116 319.315
735.342 321.264
731.591 323.456
727.458 323.356
723.496 321.614
719.702 319.526
715.691 317.788
711.671 316.211
707.74 314.528
703.629 314.486
699.633 315.748
695.898 317.653
692.201 319.536
688.124 320.509
684.051 321.61
680.181 323.458
675.985 323.61
671.823 324.367
667.615 324.266
663.498 323.432
659.547 321.716
655.435 320.772
651.375 319.512
647.107 319.466
643.069 318.091
638.85 317.283
634.944 315.517
631.087 313.527
627.231 311.565
623.402 309.617
619.369 308.414
615.527 306.636
611.548 305.477
607.584 304.208
603.588 303.178
599.57 301.802
595.576 300.515
591.536 299.678
587.491 299.483
583.434 299.481
579.367 299.483
575.32 299.702
571.232 300.5
567.107 301.563
563.256 303.383
559.493 305.341
555.625 306.926
552.598 309.833
550.05 313.367
547.283 316.678
545.168 320.369
543.466 324.211
542.48 328.298
541.502 332.418
541.476 336.617
541.509 340.787
542.514 344.892
543.626 349.026
545.494 353.01
547.42 356.992
549.306 360.995
551.441 364.853
553.528 368.715
555.822 372.374
558.437 375.976
558.521 380.371
558.504 384.753
559.42 389.021
560.391 393.177
561.759 397.284
564.323 400.864
566.761 404.484
569.367 407.887
571.915 411.305
575.407 413.798
579.206 415.794
583.162 417.803
587.067 419.837
590.759 422.306
595.075 423.516
599.045 425.488
603.109 427.118
607.048 429.069
611.014 430.628
615.145 431.683
618.864 433.589
622.64 435.328
626.612 436.518
630.374 438.078
634.259 439.555
638.017 441.503
641.817 443.324
645.868 444.562
649.639 446.28
653.535 447.587
657.21 449.47
660.727 451.48
664.355 453.258
667.828 455.339
671.216 457.445
674.532 459.581
677.57 462.235
680.965 464.531
683.894 467.435
687.392 469.764
690.496 472.799
693.619 475.869
696.6 479.13
699.595 482.286
702.681 485.299
705.854 488.296
709.337 491.003
712.467 494.06
715.643 497.127
719.182 499.472
722.882 501.627
726.574 503.718
729.952 506.459
733.568 508.997
737.231 511.418
741.034 513.393
745.15 514.712
748.626 517.301
752.664 518.437
756.292 520.432
759.939 522.429
763.851 524.007
767.515 526.123
771.512 527.597
775.253 529.737
779.061 531.482
783.065 532.537
786.798 534.327
790.785 535.507
794.577 537.182
798.075 539.426
801.46 541.965
804.448 544.936
807.126 548.204
809.353 551.769
811.656 555.414
813.686 559.275
816.221 562.86
817.571 567.004
819.266 570.845
819.546 574.951
820.498 578.968
821.448 582.964
821.499 586.999
821.494 591.039
821.485 595.104
821.391 599.169
820.504 603.231
820.297 607.347
820.412 611.393
819.677 615.41
819.498 619.335
819.468 623.275
818.233 626.866
814.528 627.443
810.517 626.477
806.424 626.474
802.48 627.523
798.764 629.432
794.678 629.487
790.554 629.485
786.56 630.424
782.535 630.516
778.546 631.466
774.475 631.686
770.483 632.752
766.583 634.275
762.686 635.753
759.251 638.203
755.785 640.744
753.199 644.223
750.144 647.312
747.659 650.678
745.383 654.191
742.816 657.588
741.112 661.537
739.567 665.694
738.487 669.94
737.509 674.165
738.445 678.341
739.475 682.484
741.948 685.678
745.931 685.522
749.307 683.224
751.615 679.67
754.275 676.304
756.83 672.837
759.76 669.756
763.135 667.258
766.25 664.469
769.934 662.637
773.938 661.497
777.946 661.585
779.866 665.433
782.438 668.932
785.915 671.483
789.431 673.923
790.499 677.881
791.499 681.86
792.893 685.728
794.528 689.605
795.899 693.538
797.46 697.409
798.41 701.38
799.867 705.176
801.608 708.92
804.008 712.363
806.341 715.901
808.142 719.655
809.544 723.692
811.654 727.331
814.275 730.709
817.06 733.97
819.721 737.335
822.697 740.421
825.274 743.83
827.58 747.33
829.488 751.046
829.159 755.075
826.699 758.652
825.508 762.575
825.424 766.716
824.475 770.652
824.443 774.779
823.529 778.815
824.305 782.888
823.541 787.001
824.479 791.022
824.413 795.031
824.586 799.071
825.611 802.9
826.966 806.723
827.522 810.817
829.442 814.53
831.378 818.155
833.325 821.748
835.607 825.054
838.227 828.137
839.483 831.87
839.503 835.853
839.494 839.854
839.502 843.846
840.278 847.745
841.39 851.691
841.511 855.746
842.486 859.692
843.47 863.675
843.521 867.777
845.03 871.652
845.561 875.666
846.475 879.669
844.582 883.294
843.454 887.211
840.395 889.469
836.326 888.544
832.3 888.496
828.302 888.496
824.307 888.498
820.297 888.482
816.343 887.619
812.404 888.475
808.49 888.495
804.573 888.495
800.664 888.496
796.752 888.49
792.827 888.474
788.896 888.543
784.979 889.476
780.984 889.538
777.045 890.49
773.034 890.479
769 889.564
764.948 890.157
761.02 889.575
757.142 888.488
753.166 887.55
749.154 887.496
745.148 887.477
741.178 886.514
737.159 886.48
733.132 886.502
729.161 887.47
725.18 888.369
721.193 888.491
717.171 887.99
713.154 887.315
709.496 885.338
705.767 883.438
701.968 881.567
697.847 881.496
693.796 882.594
690.017 884.412
685.942 885.51
682.219 887.423
679.519 890.472
678.809 894.435
679.527 898.404
681.383 902.093
683.179 905.723
685.254 909.142
687.48 912.365
689.93 915.496
692.374 918.608
691.347 922.03
687.725 923.757
684.303 925.855
680.677 927.718
677.324 930.312
673.548 932.463
669.563 934.215
665.463 935.493
661.303 936.492
657.121 937.502
653.539 939.789
651.126 943.304
649.544 947.214
649.007 951.387
647.266 955.159
645.547 958.908
644.392 962.924
643.483 967.055
643.464 971.312
643.468 975.581
643.553 979.806
645.469 983.543
647.685 987.157
650.973 989.622
654.588 991.497
658.546 992.756
662.312 994.514
665.838 996.471
665.625 1000.44
663.562 1004.09
661.608 1007.79
660.479 1011.76
660.474 1015.88
661.47 1019.91
661.485 1023.94
661.482 1027.98
661.479 1032.02
661.513 1036.04
663.24 1039.74
664.852 1043.5
667.674 1046.35
671.468 1048.07
675.424 1049.5
679.594 1049.61
683.838 1049.53
688.04 1049.48
691.765 1047.71
694.308 1044.61
694.303 1040.7
692.078 1037.39
688.724 1035.1
685.589 1032.56
683.535 1029.37
685.653 1026.21
688.819 1023.84
692.06 1021.65
694.409 1018.46
696.426 1015.06
698.185 1011.41
699.482 1007.6
699.571 1003.55
700.781 999.703
702.61 996.14
705.555 993.448
708.996 991.354
712.533 989.139
715.611 986.307
718.752 983.507
722.236 981.34
725.408 978.91
728.02 975.618
731.897 973.81
735.381 971.273
739.194 969.245
741.76 965.967
744.333 962.618
747.11 959.436
749.298 956.06
751.406 952.587
753.419 949.096
755.473 945.578
757.492 942.091
760.357 939.379
763.907 937.509
767.823 936.517
771.672 935.51
775.633 935.499
779.599 935.502
783.566 935.502
787.522 935.501
791.485 935.511
795.432 935.941
799.371 936.896
803.346 937.519
807.368 938.017
811.228 938.686
815.106 939.525
819.156 939.53
823.068 940.504
826.983 941.509
830.853 942.449
834.818 942.478
838.741 942.523
842.646 943.481
846.607 943.51
850.578 943.592
854.557 944.505
858.611 944.51
862.66 944.508
866.687 944.732
870.724 945.502
874.803 945.44
878.864 944.512
882.93 943.527
887.113 943.496
891.185 942.573
895.19 941.614
899.262 941.52
903.307 941.368
907.193 940.132
910.623 937.856
913.766 935.323
915.839 931.681
917.301 927.767
917.441 923.561
916.684 919.339
917.264 915.176
917.491 911.001
916.517 906.917
915.576 902.852
915.472 898.709
914.503 894.645
914.337 890.446
913.514 886.348
913.488 882.19
913.538 878.029
914.504 873.908
914.593 869.768
913.588 865.762
914.481 861.681
913.6 857.622
913.505 853.575
913.507 849.521
913.504 845.461
913.503 841.397
913.504 837.328
913.52 833.254
914.419 829.232
914.397 825.199
914.469 821.102
915.971 817.658
919.752 818.607
923.589 819.727
927.457 821.038
931.265 822.457
935.14 823.507
938.958 824.773
942.581 826.442
946.024 828.448
949.636 830.282
953.345 831.98
957.157 833.792
960.87 835.868
963.727 839.217
966.438 842.55
967.513 846.769
969.671 850.391
973.352 852.646
976.796 855.316
980.834 856.762
984.572 858.79
986.934 862.467
989.85 865.603
992.818 868.645
995.986 871.533
999.708 873.855
1002.68 877.119
1006.36 879.438
1009.42 882.468
1012.21 885.759
1015.01 888.996
1018.71 890.711
1022.6 891.964
1026.43 893.522
1029.87 895.76
1031.52 899.643
1033.1 903.574
1033.55 907.743
1032.59 911.922
1032.3 916.167
1031.5 920.389
1031.48 924.675
1031.53 928.97
1032.5 933.197
1033.43 937.418
1030.7 940.685
1027.47 943.617
1024.2 946.592
1021.27 949.847
1018.3 953.097
1015.31 956.338
1012.06 959.441
1008.77 962.455
1005.5 965.337
1002.3 968.253
999.236 971.337
996.189 974.523
992.837 977.432
989.488 980.305
986.573 983.627
983.911 987.228
981.691 991.126
978.674 994.208
975.943 997.441
974.802 1001.54
972.853 1005.36
971.428 1009.41
969.455 1013.33
968.77 1017.58
969.544 1021.87
970.393 1026.12
971.48 1030.36
973.406 1034.26
974.54 1038.33
975.796 1042.36
977.756 1046.19
979.545 1050.12
981.71 1053.93
984.181 1057.64
985.487 1061.88
987.411 1065.77
989.515 1069.59
991.902 1073.21
995.318 1076.09
997.865 1079.66
1000.23 1083.41
1001.79 1087.5
1004.47 1090.9
1007.34 1094.13
1009.65 1097.68
1011.6 1101.42
1014.37 1104.66
1017.24 1107.78
1019.7 1111.31
1022.59 1114.42
1025.69 1117.33
1029.27 1119.66
1032.35 1122.61
1035.38 1125.58
1038.43 1128.55
1041.82 1131.13
1044.53 1134.33
1047.12 1137.62
1047.38 1141.47
1043.58 1141.96
1039.62 1140.37
1035.53 1139.32
1031.89 1137.07
1027.91 1135.51
1023.73 1134.52
1020 1132.48
1016.15 1130.88
1012.3 1129.28
1008.48 1127.46
1004.28 1127.12
1000.1 1127.45
995.941 1127.41
991.841 1127.48
987.676 1127.5
983.869 1125.9
980.522 1123.51
976.98 1121.46
973.341 1119.47
969.704 1117.46
965.706 1116.27
961.748 1114.97
957.608 1114.48
953.433 1114.49
949.329 1115.41
945.302 1116.36
941.515 1117.85
938.41 1120.61
935.697 1123.73
934.493 1127.58
934.462 1131.68
934.494 1135.78
936.038 1139.55
938.831 1142.85
939.94 1146.72
936.945 1149.43
932.62 1150.6
929.14 1153.37
925.324 1155.58
921.004 1156.34
916.62 1156.48
912.243 1156.57
907.946 1157.48
903.645 1158.41
899.404 1159.27
895.298 1160.29
891.427 1161.88
887.627 1163.69
883.919 1165.58
880.854 1168.35
878.118 1171.46
875.709 1174.75
875.22 1178.81
874.871 1182.97
875.47 1187.11
876.614 1191.04
880.262 1192.6
884.269 1193.53
888.312 1194.46
892.413 1194.55
896.48 1195.31
900.569 1195.57
904.626 1196.52
908.673 1197.46
912.679 1198.41
916.769 1198.89
919.379 1201.9
920.663 1205.79
921.21 1209.82
918.354 1212.53
914.288 1213.71
910.397 1215.46
906.388 1216.89
902.559 1218.67
899.032 1221.08
895.678 1223.62
892.59 1226.42
889.843 1229.49
887.229 1232.66
885.507 1236.39
885.502 1240.46
886.373 1244.52
887.53 1248.43
890.256 1251.31
894.253 1251.48
898.391 1250.94
902.524 1250.51
906.615 1249.76
910.728 1249.51
914.863 1249.51
918.997 1249.51
923.133 1249.5
927.266 1249.51
931.428 1249.73
935.41 1250.6
938.496 1253.34
941.323 1256.47
944.776 1258.86
947.709 1261.86
951.515 1263.58
955.296 1265.4
959.383 1266.58
962.874 1268.69
964.559 1272.69
967.554 1275.23

