CONTOUR

1

1487

1065.94 1240.55
1069.68 1238.82
1073.17 1236.4
1076.56 1233.8
1080.03 1231.3
1083.33 1228.52
1086.82 1226.01
1090.12 1223.22
1093.49 1220.51
1096.85 1217.82
1100.43 1215.41
1104.56 1214.58
1108.85 1215.28
1113.18 1215.37
1117.51 1215.46
1121.74 1214.71
1125.97 1214.36
1130.12 1213.52
1134.35 1213.51
1138.57 1213.52
1142.77 1213.51
1146.73 1212.29
1149.93 1209.48
1153.05 1206.58
1156.33 1203.86
1159.61 1201.16
1162.85 1198.28
1166.07 1195.4
1169.09 1192.31
1172.02 1189.26
1175.04 1186.28
1178.61 1183.99
1181.85 1181.05
1185.43 1178.59
1188.21 1175.21
1191.42 1172.17
1194.63 1169.27
1197.71 1166.19
1201.14 1163.31
1203.46 1159.66
1206.62 1156.79
1209.68 1153.87
1211.27 1149.75
1214.12 1146.51
1217.27 1143.5
1220.58 1140.69
1223.7 1137.66
1226.58 1134.33
1229.86 1131.4
1233.12 1128.45
1236.41 1125.58
1239.92 1122.94
1242.48 1119.3
1245.62 1116.15
1249.13 1113.38
1251.53 1109.64
1254.17 1106.09
1256.65 1102.52
1259.44 1099.15
1261.81 1095.46
1264.05 1091.61
1266.21 1087.59
1268.31 1083.57
1269.53 1079.21
1270.52 1074.81
1270.53 1070.36
1269.38 1066.12
1266.44 1062.8
1263.59 1059.37
1261.51 1055.5
1259.77 1051.46
1259.14 1047.14
1257.88 1042.94
1256.6 1038.77
1257.43 1034.57
1259.4 1030.69
1261.68 1026.95
1264.16 1023.37
1265.93 1019.36
1269.15 1016.47
1272.06 1013.43
1274.51 1010.12
1275.59 1006.03
1277.94 1002.54
1280.17 999.079
1281.9 995.354
1283.74 991.578
1285.46 987.724
1285.59 983.499
1286.46 979.343
1285.52 975.231
1284.53 971.106
1283.42 966.997
1281.93 962.991
1281.15 958.902
1278.8 955.489
1276.41 952.113
1273.83 948.919
1270.75 946.168
1268.7 942.793
1270.72 939.696
1274.84 940.487
1279 940.616
1283.11 940.684
1287.23 941.043
1291.36 940.959
1295.5 941.073
1299.59 940.538
1303.64 939.653
1307.61 938.53
1311.62 937.57
1315.6 936.467
1319.63 935.431
1323.29 933.469
1326.94 931.434
1330.61 929.381
1334.38 927.498
1338.22 925.796
1340.32 922.329
1341.22 918.254
1341.51 914.074
1341.54 909.886
1341.54 905.63
1341.66 901.394
1341.52 897.205
1341.51 893.054
1340.74 888.983
1339.97 884.99
1339.49 880.994
1338.61 877.029
1338.91 873.056
1339.5 869.06
1339.5 865.023
1339.52 860.98
1340.45 857.043
1341.53 853.184
1342.5 849.263
1343.51 845.388
1344.34 841.444
1345.48 837.536
1345.73 833.451
1347.48 829.647
1348.46 825.637
1349.49 821.658
1350.24 817.617
1351.56 813.768
1352.49 809.76
1352.19 805.622
1352.49 801.579
1352.51 797.55
1353.87 793.876
1357.19 791.494
1360.66 789.356
1364.33 787.481
1367.8 785.368
1371.44 783.315
1375.25 781.567
1379.26 780.344
1383.31 779.27
1387.11 777.405
1390.87 775.44
1394.51 773.329
1398.39 771.498
1402.45 770.02
1405.98 767.531
1409.72 765.511
1413.47 763.512
1417.18 761.495
1420.82 759.395
1424.66 757.47
1427.86 754.692
1430.69 751.528
1433.7 748.816
1437.44 747.094
1441.23 745.314
1445 743.389
1448.67 741.09
1451.82 737.935
1455.66 735.682
1459.25 733.275
1462.65 730.658
1465.88 727.788
1469.34 725.365
1473.12 723.343
1475.8 719.879
1479.23 717.371
1483 715.463
1486.42 713.216
1489.37 710.265
1491.92 706.876
1494.93 703.822
1498.09 700.93
1500.83 697.623
1503.83 694.638
1506.99 691.642
1509.83 688.32
1512.92 685.242
1515.86 681.959
1519.27 679.227
1521.76 675.708
1525 672.772
1528.12 669.709
1531.34 666.677
1534.62 663.661
1537.85 660.679
1540.98 657.536
1544.06 654.5
1547.31 651.534
1549.83 647.934
1553.21 645.204
1555.68 641.661
1557.87 637.836
1560.95 634.554
1563.53 630.961
1565.87 627.161
1568.74 623.875
1571.54 620.637
1574.54 617.528
1577.19 614.256
1579.6 610.823
1582.01 607.477
1583.91 603.737
1587.22 601.017
1589.61 597.591
1591.72 593.946
1595.13 591.446
1597.63 588.157
1600.66 585.324
1603.57 582.216
1606.36 578.89
1609.19 575.727
1611.45 572.198
1614.47 569.268
1617.38 566.167
1619.53 562.417
1622.52 559.296
1625.5 556.074
1628.78 553.031
1631.73 549.624
1635.06 546.579
1637.7 542.951
1641.03 539.973
1644.01 536.645
1647.22 533.458
1650.3 530.229
1653.47 527.119
1656.63 523.81
1658.42 522.437
1660.22 521.065
1663.58 517.964
1667.1 515.205
1670.4 512.333
1673.67 509.608
1677.14 507.209
1679.77 503.845
1683.28 502.426
1684.55 506.116
1683.48 510.096
1681.43 513.834
1679.5 517.692
1677.7 521.62
1675.74 525.487
1673.58 529.185
1671.55 532.915
1670.38 536.99
1667.61 540.178
1665.52 543.982
1663.48 547.94
1660.8 551.517
1658.41 555.221
1656.3 559.028
1653.82 562.487
1651.61 566.002
1649.48 569.559
1647.45 573.167
1645.02 576.555
1643.19 580.374
1640.62 583.854
1638.72 587.779
1637.52 591.896
1639.26 595.912
1641.29 599.761
1644.92 602.016
1648.97 603.457
1652.92 601.567
1656.72 599.52
1660.48 597.397
1663.58 594.257
1667.02 591.327
1669.59 587.741
1672.61 584.504
1675.54 581.242
1678.5 578.043
1681.18 574.516
1684 571.062
1686.8 567.617
1690.2 564.747
1693.09 561.367
1695.6 557.805
1697.73 553.987
1701.11 551.323
1703.46 547.934
1705.49 544.353
1707.43 540.783
1709.46 537.259
1711.52 533.76
1713.58 530.273
1715.57 526.755
1717.58 523.106
1719.69 519.444
1721.4 515.553
1723.58 511.874
1724.79 507.74
1726.65 503.814
1728.51 500.017
1730.32 496.135
1731.48 491.935
1731.62 487.537
1733.44 483.408
1733.52 479.06
1733.4 474.695
1732.53 470.365
1731.53 466.105
1730.38 461.959
1727.89 458.46
1724.93 455.257
1722.32 451.691
1719.02 448.842
1715.46 446.261
1711.69 444.148
1707.89 442.367
1704.05 440.638
1700 439.576
1695.82 439.484
1691.75 438.575
1687.6 438.312
1683.46 437.503
1679.3 437.505
1675.22 438.453
1671.17 439.292
1666.89 439.539
1663.03 441.501
1659.15 443.232
1655.15 444.62
1651.45 446.691
1647.44 447.996
1643.72 450.213
1639.69 451.89
1636.11 454.501
1632.54 457.055
1628.85 459.341
1625.45 462.001
1621.89 464.489
1618.35 466.991
1614.82 469.579
1610.93 471.72
1607.33 474.299
1603.73 477.033
1600.02 479.54
1596.69 482.316
1593.05 484.773
1589.3 487.183
1585.75 489.548
1582.37 492.122
1579.24 495.115
1575.81 497.672
1573.26 501.065
1570.09 503.47
1566.63 505.587
1563.05 507.605
1559.51 509.763
1556.53 512.799
1553.55 515.822
1550.85 519.118
1547.58 521.751
1543.85 523.522
1540.17 525.49
1536.65 527.714
1533.52 530.495
1531.21 534.138
1528.18 537.138
1524.31 539.087
1520.59 541.261
1517.01 543.429
1513.69 545.852
1511.17 549.296
1507.76 551.638
1504.04 553.463
1500.32 555.165
1496.98 557.394
1494.42 560.649
1491.65 563.679
1487.91 565.586
1484.22 567.531
1480.16 568.506
1476.11 569.482
1472.12 570.471
1468.17 571.506
1464.47 573.243
1461.06 575.346
1457.44 576.74
1453.66 577.948
1450.08 579.473
1446.31 580.481
1442.35 580.52
1438.46 581.471
1434.58 582.293
1430.84 583.587
1427.07 584.697
1423.08 583.561
1419.2 584.499
1415.26 585.517
1411.28 586.493
1407.21 587.112
1403.02 587.5
1398.8 587.925
1394.95 589.349
1391 590.455
1387.06 591.413
1383.14 591.467
1380.47 588.715
1379.27 584.739
1377.35 581.237
1374.45 578.407
1370.79 576.483
1366.69 575.455
1363.11 573.35
1360.4 569.884
1356.87 567.596
1352.97 566.097
1348.74 565.487
1345.48 563.027
1343.74 559.287
1342.45 555.216
1339.64 552.25
1335.97 550.428
1332.03 549.277
1328.01 548.385
1325.53 545.276
1324.66 541.179
1323.46 537.249
1321.35 533.833
1318.5 530.953
1315.18 528.645
1311.29 527.587
1307.25 527.428
1303.29 526.494
1299.56 524.982
1297.6 521.336
1296.74 517.19
1295.54 513.118
1294.48 509.03
1292.83 505.217
1290.4 501.851
1287.05 499.584
1283.1 498.506
1278.97 498.473
1274.86 497.88
1270.65 497.397
1267.62 494.656
1266.08 490.612
1263.58 487.076
1261.02 483.491
1257.97 480.384
1254.43 477.967
1250.53 476.506
1246.44 475.833
1242.31 476.466
1238.14 476.59
1233.95 477.423
1229.9 476.317
1226.25 474.363
1223.09 471.523
1219.6 469.016
1215.81 467.073
1211.84 465.889
1207.68 465.486
1203.54 465.487
1199.52 466.457
1195.55 467.531
1191.79 469.404
1187.82 470.512
1183.72 470.499
1179.86 469.181
1176.44 466.541
1172.63 464.741
1168.62 463.524
1164.44 463.474
1160.28 463.548
1156.54 465.373
1152.89 467.336
1149.36 469.529
1145.69 471.421
1141.65 471.489
1137.59 470.508
1133.47 470.423
1129.38 469.501
1125.26 469.499
1121.28 470.546
1117.51 472.203
1113.98 474.5
1110.54 476.77
1107.25 479.285
1103.71 481.453
1099.72 482.78
1095.57 483.481
1091.33 483.501
1087.16 484.209
1082.87 484.661
1078.66 485.653
1074.74 487.507
1071.24 490.164
1067.69 492.676
1065.17 496.239
1062.58 499.716
1060.09 503.295
1057.71 506.815
1055.21 510.197
1051.12 511.522
1047.18 513.274
1043.04 514.694
1039.71 517.563
1036.6 520.739
1033.86 524.319
1031.36 528.017
1028.4 531.214
1024.51 533.021
1020.49 534.487
1016.46 535.874
1012.62 537.844
1009.42 540.836
1006.44 544.134
1003.73 547.658
1001.64 551.542
999.774 555.514
998.523 559.651
997.683 563.847
995.803 567.571
992.642 570.351
988.963 572.439
985.56 574.887
982.818 578.151
980.041 581.462
977.327 584.672
973.563 586.657
969.537 588.257
965.572 589.808
961.775 591.664
958.273 594.157
954.594 596.272
950.685 595.867
949.521 592.022
949.531 587.871
950.474 583.696
949.539 579.588
948.909 575.493
947.547 571.576
947.485 567.435
946.368 563.517
944.696 559.743
943.389 555.8
941.488 552.014
940.505 547.878
939.49 543.719
937.631 539.829
936.377 535.756
935.248 531.632
932.721 528.166
930.325 524.561
927.76 521.142
925.85 517.349
923.414 513.895
921.079 510.36
918.634 506.806
916.189 503.276
913.51 499.877
910.495 496.785
907.315 493.827
903.757 491.307
901.072 487.842
897.747 485.091
894.507 481.967
890.759 479.477
887.309 476.573
883.672 473.854
879.879 471.474
875.911 469.329
871.927 467.324
868.005 465.378
864.084 463.57
859.931 462.502
855.796 461.501
851.827 460.179
848.267 457.679
844.19 456.535
840.14 455.429
836.09 454.505
831.907 454.444
828.198 452.543
824.532 450.547
820.529 449.422
816.458 448.439
812.388 447.487
808.317 446.565
804.217 447.248
800.16 447.49
796.08 447.493
792.011 447.563
787.963 448.456
783.867 448.547
779.843 449.534
775.754 450.575
771.785 452.049
768.021 453.892
764.116 455.609
760.23 457.266
756.256 455.953
752.647 453.856
751.495 449.78
750.53 445.61
749.424 441.511
747.317 437.854
743.798 435.237
740.471 432.353
736.562 430.555
732.409 429.489
728.135 429.742
723.868 430.426
719.479 430.445
715.198 430.618
711.243 432.306
707.171 433.482
703.119 434.633
699.33 436.594
695.213 437.491
690.987 437.464
686.744 436.511
682.419 436.442
678.136 435.539
673.875 435.155
669.597 434.501
665.244 434.67
660.96 434.921
656.88 436.169
652.853 437.495
648.734 438.648
644.813 440.379
640.695 441.784
637.527 444.796
634.526 448.093
631.721 451.688
629.119 455.38
626.726 459.183
623.84 462.452
619.614 463.491
615.187 463.505
610.827 463.502
606.583 464.446
602.429 465.557
598.745 467.771
595.686 470.736
593.319 474.336
590.638 477.698
587.641 480.873
585.039 484.422
582.355 487.855
579.28 490.881
575.729 493.353
571.909 495.51
568.42 498.181
564.459 499.967
560.384 501.456
556.228 502.49
552.089 503.732
547.818 504.674
544.139 507.205
540.205 509.103
536.023 510.33
531.862 511.424
527.751 512.582
523.66 513.836
519.616 515.455
515.437 516.514
511.455 518.116
507.369 519.475
503.029 519.632
498.72 520.536
494.324 521.463
489.806 521.522
485.396 522.475
480.992 523.504
476.901 525.423
472.706 526.844
468.47 527.979
464.347 529.534
460.52 531.557
456.867 533.964
453.482 536.758
450.321 539.84
447.37 543.173
444.54 546.585
441.794 550.087
439.668 553.908
438.318 558.035
437.028 562.224
436.481 566.576
436.505 570.98
437.483 575.322
438.875 579.537
440.964 583.491
443.588 587.007
446.937 589.559
450.384 591.858
453.745 594.241
457.439 596.189
458.591 599.97
457.515 604.158
457.487 608.349
458.408 612.429
459.548 616.464
461.395 620.298
462.746 624.388
465.101 627.852
467.558 631.221
470.362 634.265
473.517 636.959
476.82 639.49
480.651 641.064
484.573 642.427
488.564 643.487
492.717 643.601
496.848 644.502
501.048 644.494
505.271 644.444
509.461 643.577
513.67 643.457
517.804 642.521
521.914 641.551
526.021 641.015
529.908 639.729
533.928 639.437
537.914 638.476
541.946 637.503
545.972 636.529
549.946 635.517
553.858 634.498
557.789 633.503
561.698 632.527
565.621 631.483
569.604 630.507
573.615 629.526
577.683 628.879
581.681 627.945
585.765 627.483
589.839 626.499
593.929 625.506
598.01 624.511
602.042 623.551
606.134 623.487
610.135 622.572
614.168 622.477
618.15 621.597
622.13 621.524
626.12 621.506
630.104 621.504
634.084 621.502
638.065 621.502
642.046 621.493
646.064 621.408
650.09 621.5
654.119 621.501
658.147 621.503
662.187 621.504
666.235 621.667
670.267 622.498
674.267 623.314
678.269 623.506
682.282 623.505
686.295 623.544
690.289 624.393
694.321 624.521
698.367 624.701
702.423 625.17
706.467 625.432
710.495 624.536
714.532 624.335
718.633 624.411
722.693 623.539
726.753 623.508
730.809 623.359
734.826 622.43
738.832 621.513
742.965 621.451
747.031 620.514
751.142 619.963
755.162 619.497
759.149 618.579
763.065 617.638
767.038 617.446
770.894 616.507
774.768 615.532
778.638 615.768
782.252 617.42
785.67 619.513
788.844 621.929
791.564 624.914
793.744 628.274
796.107 631.626
797.556 635.522
798.502 639.659
799.422 643.819
799.494 648.019
799.506 652.204
800.404 656.331
800.49 660.535
800.5 664.739
800.503 668.986
800.485 673.186
800.469 677.389
800.301 681.598
800.294 685.771
799.424 689.764
796.152 692.429
792.601 694.808
789.63 697.741
786.463 700.472
782.837 702.424
778.743 703.684
774.892 705.492
771.047 707.349
766.96 708.696
763.004 710.467
759.106 712.455
755.447 714.856
751.801 717.271
748.052 719.514
744.04 721.27
739.616 721.487
735.358 722.449
731.169 723.483
727.257 725.244
723.169 726.483
719.013 727.484
714.952 728.709
711.442 731.224
707.56 732.818
704.158 735.344
700.564 737.437
697.255 739.873
695.03 743.392
691.566 745.819
687.657 747.767
684.515 750.871
681.417 753.831
677.619 755.827
674.273 758.476
671.417 761.79
667.327 763.119
663.859 765.624
660.792 768.462
656.839 769.69
653.049 771.372
649.058 772.49
645.131 773.647
641.465 775.649
637.342 776.505
633.226 777.559
629.009 778.281
624.642 778.277
620.542 779.512
616.368 780.513
612.743 782.53
610.352 785.819
609.463 790.03
607.074 793.344
603.014 794.838
599.277 797.027
595.429 799.179
591.69 801.665
587.94 804.044
584.681 807.148
581.509 810.195
578.488 813.494
575.829 817.04
573.623 820.8
571.559 824.646
569.761 828.569
568.736 832.647
568.49 836.843
568.477 841.066
568.493 845.284
569.197 849.428
569.682 853.553
571.598 857.197
574.577 859.877
578.267 861.133
581.52 858.982
583.481 855.494
583.527 851.278
585.013 847.372
585.592 843.432
587.478 839.904
589.457 836.532
591.607 833.197
595.155 831.258
598.305 828.695
602.141 827.445
605.84 825.523
609.811 824.462
613.757 823.514
617.598 823.751
619.929 827.263
622.581 830.748
623.616 835.042
625.462 839.001
626.966 842.997
629.232 846.567
631.968 849.583
635.57 851.472
639.857 851.61
643.224 853.98
646.033 857.357
649.98 857.529
653.203 855.187
653.513 850.937
653.503 846.61
653.5 842.282
653.512 837.955
654.431 833.7
655.574 829.499
657.652 825.676
659.763 821.883
663.144 819.612
667.5 820.461
671.649 819.528
675.815 818.696
679.444 816.328
683.248 814.331
685.49 810.86
687.512 807.106
689.517 803.306
691.271 799.395
693.725 795.993
697.433 794.214
700.66 791.808
704.062 789.515
707.351 787.121
710.304 784.114
712.747 780.701
715.753 777.813
718.708 774.886
721.463 771.819
723.538 768.199
724.654 764.059
727.803 761.45
731.424 759.437
735.141 757.574
739.304 757.5
743.436 756.951
747.477 755.521
751.621 754.549
755.704 753.542
759.869 753.483
763.986 752.553
767.819 753.45
769.47 757.282
771.462 760.941
773.456 764.587
775.43 768.22
777.325 771.955
779.588 775.583
781.864 779.266
785.245 782.03
787.859 785.399
790.855 788.499
793.742 791.741
796.473 795.086
799.88 797.625
803.341 799.966
806.511 802.928
809.961 805.388
813.584 807.615
817.482 809.487
821.195 811.594
824.964 813.679
828.885 815.516
832.829 817.307
837.213 817.802
841.511 818.488
845.726 817.488
849.711 815.519
853.787 813.841
857.872 812.502
862.042 811.507
866.076 812.482
869.577 815.112
873.143 817.405
877.022 819.294
879.485 822.691
881.648 826.321
883.61 830.18
886.332 833.585
888.706 837.24
891.773 840.434
894.7 843.79
897.628 847.214
901.095 850.022
904.424 852.977
908.458 854.765
912.373 856.828
915.502 859.845
917.32 863.783
918.391 868.147
920.516 872.121
923.164 875.805
925.725 879.469
927.184 883.693
929.706 887.221
932.513 890.468
935.217 893.794
936.977 897.632
937.5 901.853
937.495 906.072
937.521 910.266
936.947 914.379
934.713 917.759
931.684 920.534
928.411 923.047
925.092 925.352
921.416 927.162
917.979 929.379
914.465 931.483
910.96 933.612
907.579 935.949
904.475 938.83
901.053 941.275
897.321 943.35
893.853 945.999
889.848 947.718
886.731 950.608
884.288 954.245
880.697 956.678
877.571 959.662
874.238 962.279
870.668 964.455
867.379 967.179
863.885 969.482
860.216 971.47
856.163 972.499
852.148 973.783
848.465 975.917
844.568 977.784
840.635 979.569
836.724 981.552
832.786 983.476
828.912 985.511
825.174 987.547
821.334 989.516
818.11 992.363
815.021 995.363
811.463 997.835
808.127 1000.41
804.463 1002.54
801.084 1005.26
797.216 1007.24
793.1 1008.33
789.261 1010.15
785.26 1011.45
781.399 1012.92
777.33 1013.55
773.334 1014.49
769.316 1015.5
765.805 1017.6
763.491 1020.9
761.415 1024.41
757.911 1026.61
754.248 1028.63
751.05 1031.32
747.548 1033.72
744.678 1036.72
743.481 1040.64
743.35 1044.8
744.18 1048.75
745.85 1052.47
748.636 1055.59
751.839 1058.47
755.412 1060.8
759.25 1062.51
763.33 1063.48
767.379 1063.49
770.382 1061.07
769.705 1057.19
767.424 1053.7
765.54 1050.05
767.211 1046.65
770.894 1045.5
774.871 1046.51
778.893 1047.5
782.993 1047.43
786.919 1046.44
790.76 1045.14
794.676 1043.55
797.4 1046.32
797.507 1050.41
796.512 1054.49
795.376 1058.49
793.309 1062.18
790.978 1065.63
787.948 1068.52
784.885 1071.37
781.578 1073.87
778.562 1076.73
775.664 1079.72
772.687 1082.65
769.823 1085.62
769.484 1089.58
770.507 1093.53
771.879 1097.42
771.552 1101.48
771.471 1105.55
770.48 1109.56
769.505 1113.57
769.491 1117.69
769.482 1121.82
769.492 1125.95
770.284 1130
771.394 1133.97
773.117 1137.66
775.985 1140.45
779.85 1141.44
783.802 1139.81
788.078 1139.51
792.109 1138.4
794.313 1135.2
792.75 1131.34
790.46 1127.69
790.143 1123.47
790.464 1119.18
791.449 1115.04
792.481 1111.03
794.788 1107.8
798.952 1107.49
802.86 1106.48
805.82 1103.8
808.458 1100.79
810.46 1097.31
812.414 1093.76
813.502 1089.86
814.485 1085.92
814.895 1081.91
817.991 1079.46
821.533 1077.57
825.428 1078.11
829.123 1079.53
831.874 1082.43
834.319 1085.75
835.892 1089.56
837.533 1093.4
839.475 1097.13
839.491 1101.2
838.505 1105.26
837.486 1109.3
836.476 1113.33
835.505 1117.42
834.596 1121.45
833.578 1125.42
833.866 1129.44
835.473 1133.25
837.278 1136.9
839.52 1140.43
840.499 1144.49
841.479 1148.59
842.484 1152.67
843.504 1156.78
845.278 1160.7
847.415 1164.32
850.726 1166.5
854.651 1165.79
858.053 1163.56
860.387 1160.24
861.501 1156.34
860.648 1152.28
859.808 1148.26
859.495 1144.2
859.549 1140.18
861.658 1136.81
865.116 1134.38
866.535 1130.72
867.578 1126.89
868.507 1122.97
869.464 1119.05
869.392 1115.12
868.349 1111.19
867.475 1107.15
865.767 1103.27
864.532 1099.27
864.511 1095.18
865.562 1091.19
867.579 1087.48
869.528 1083.7
870.832 1079.65
872.416 1075.76
873.849 1071.79
875.55 1067.92
877.466 1064.11
879.46 1060.38
881.174 1056.57
883.366 1052.91
883.515 1048.84
883.775 1044.76
884.498 1040.66
884.512 1036.51
884.508 1032.36
884.508 1028.21
884.508 1024.07
884.5 1019.94
884.707 1015.85
887.518 1012.82
890.036 1009.5
892.544 1006.07
895.603 1003.19
899.294 1001.09
902.63 998.481
905.847 995.814
909.321 993.57
912.894 991.453
916.406 989.385
920.04 987.44
923.804 985.541
927.64 983.833
931.48 982.106
935.038 979.658
939.388 979.019
942.827 975.831
947.36 975.042
951.133 972.447
954.833 969.862
959.083 968.693
962.656 966.447
966.366 964.508
969.661 961.872
973.445 960.262
977.138 958.405
980.577 956.149
983.872 953.688
987.534 951.644
991.119 949.519
994.379 947.046
997.388 944.197
999.904 940.769
1003.47 938.192
1006.62 935.241
1009.78 932.259
1012.68 928.964
1015.42 925.6
1017.36 921.818
1018.53 917.718
1019.16 913.449
1018.5 909.176
1017.46 904.943
1016.3 900.755
1014.44 896.884
1013.34 892.784
1011.52 888.972
1009.73 885.229
1008.46 881.339
1007.46 877.424
1006.5 873.433
1005.48 869.501
1004.46 865.545
1002.56 861.879
1000.64 858.169
999.217 854.275
997.46 850.486
995.358 846.846
992.982 843.388
991.258 839.646
989.487 835.91
987.607 832.241
985.573 828.647
984.514 824.741
984.412 820.675
983.543 816.606
986.015 813.848
990.022 814.503
994.062 815.515
998.127 816.516
1002.13 817.491
1006.06 818.458
1009.94 819.427
1013.92 819.599
1017.91 820.484
1022.01 820.525
1025.97 821.497
1029.87 822.298
1033.82 822.512
1037.79 822.526
1041.71 823.202
1045.65 823.503
1049.61 823.514
1053.58 823.51
1057.55 823.546
1061.44 824.496
1065.36 824.522
1069.29 824.538
1073.23 824.646
1077.14 825.496
1081.15 825.529
1085.1 826.373
1089.04 826.514
1092.99 826.599
1096.94 827.504
1100.94 827.613
1104.99 828.13
1108.95 828.787
1111.5 831.984
1113.79 835.48
1115.56 839.219
1114.05 843.169
1112.5 847.09
1112.47 851.286
1112.5 855.491
1111.72 859.56
1109.58 863.168
1107.53 866.785
1105.3 870.253
1103.27 873.854
1101.26 877.519
1099.15 881.172
1095.45 883.472
1092.19 886.285
1089.06 889.334
1086.18 892.561
1084.05 896.297
1082.51 900.289
1082.48 904.576
1082.47 908.847
1081.59 913.029
1081.3 917.254
1079.8 921.224
1077.64 924.907
1076.53 928.912
1076.44 933.138
1075.44 937.222
1074.42 941.327
1073.49 945.493
1073.48 949.766
1073.44 954.017
1072.55 958.217
1072.5 962.42
1073.43 966.546
1074.46 970.632
1075.76 974.593
1078.19 977.893
1081.24 980.701
1084.4 983.396
1087.47 986.174
1090.06 989.444
1093.57 991.642
1097.31 993.692
1100.6 996.636
1104.37 998.866
1108 1001.26
1111.83 1003.39
1116.02 1004.74
1119.64 1007.22
1123.43 1009.26
1127.11 1011.44
1130.87 1013.45
1134.69 1015.32
1138.3 1017.61
1142.08 1019.49
1145.8 1021.35
1149.14 1023.71
1151.36 1027.02
1151.57 1031.14
1151.35 1035.22
1150.36 1039.25
1148.6 1043.06
1146.49 1046.62
1143.6 1049.6
1140.38 1052.33
1136.88 1054.66
1133.71 1057.15
1129.81 1058.42
1126.27 1060.32
1122.63 1061.92
1119.01 1063.37
1115.61 1065.32
1112.46 1067.68
1109.04 1069.6
1105.62 1071.47
1101.84 1072.45
1097.99 1073.48
1094.08 1073.76
1090.34 1074.75
1087.07 1077.13
1083.07 1077.52
1079.16 1078.35
1075.31 1079.51
1071.5 1080.93
1067.56 1081.47
1063.6 1081.81
1060.67 1084.6
1057.77 1087.46
1054.2 1089.4
1050.54 1091.13
1047.28 1093.46
1044.06 1095.92
1040.26 1097.46
1036.02 1097.46
1031.84 1097.7
1027.77 1098.48
1023.73 1099.37
1019.73 1100.37
1015.87 1101.5
1012.18 1103.21
1008.5 1104.96
1005.1 1107.39
1001.71 1109.79
999.136 1113.27
996.164 1116.37
993.555 1119.74
991.678 1123.57
990.443 1127.64
989.589 1131.8
991.176 1135.83
992.632 1140.01
996.519 1141.53
1000.87 1141.52
1005.25 1140.69
1009.63 1140.38
1013.97 1139.62
1018.27 1138.56
1022.62 1138.52
1026.9 1139.37
1030.91 1140.86
1032.33 1144.6
1029.56 1147.85
1026.25 1150.77
1022.8 1153.47
1019.5 1156.39
1016.27 1159.39
1013.46 1162.66
1010.65 1165.97
1007.6 1169.07
1005.31 1172.73
1002.89 1176.3
1000.55 1179.91
998.651 1183.84
997.242 1188.04
995.493 1192.09
994.519 1196.32
995.17 1200.57
996.422 1204.67
998.573 1208.22
1002.65 1208.52
1006.75 1207.65
1010.58 1206.01
1014.19 1203.7
1017.96 1201.69
1021.82 1199.83
1025.62 1197.87
1029.6 1196.37
1033.32 1194.31
1037.13 1192.47
1040.95 1190.58
1045.04 1189.87
1049.19 1190.72
1053.36 1191.44
1057.55 1191.63
1061.7 1192.47
1065.94 1192.54
1069.27 1194.5
1067.77 1198.13
1065.54 1201.55
1063.87 1205.23
1062.1 1208.95
1060.48 1212.72
1059.37 1216.73
1057.73 1220.62
1056.43 1224.59
1054.53 1228.37
1054.46 1232.49
1055.43 1236.49
1058.18 1239.45
1061.91 1240.92

