CONTOUR

1

1163

1016.61 1168.39
1019.39 1165.47
1021.35 1161.98
1022.5 1158.24
1023.44 1154.4
1023.52 1150.54
1023.54 1146.62
1024.44 1142.78
1024.42 1138.95
1023.58 1135.1
1023.57 1131.25
1024.5 1127.48
1027.23 1124.62
1029.54 1121.59
1031.51 1118.34
1032.47 1114.59
1032.6 1110.66
1036.32 1110.51
1040.27 1111.48
1044.08 1110.46
1047.7 1108.67
1051.31 1106.9
1053.66 1103.5
1056.34 1100.39
1059.49 1097.73
1062.63 1095.11
1066.23 1093.84
1067.71 1097.54
1068.34 1101.64
1068.77 1105.74
1070.54 1109.41
1072.8 1112.87
1074.8 1116.5
1077.63 1119.42
1081.21 1121.54
1083.33 1124.83
1083.5 1128.82
1083.49 1132.83
1083.5 1136.82
1084.95 1140.44
1087.7 1143.17
1091.52 1144.41
1094.97 1146.51
1097.91 1149.35
1101.03 1151.98
1105.01 1152.53
1108.95 1151.5
1112.33 1149.29
1114.47 1145.67
1116.99 1142.33
1119.33 1138.76
1121.32 1135.04
1123.21 1131.24
1125.53 1127.68
1127.46 1123.9
1128.57 1119.8
1129.9 1115.81
1132.05 1112.21
1135.16 1109.41
1138.9 1107.54
1143.03 1106.61
1147.08 1105.6
1151.1 1104.5
1154.42 1101.95
1157.62 1099.36
1161.24 1100.17
1162.86 1103.92
1164.51 1107.65
1165.5 1111.62
1166.48 1115.58
1167.52 1119.5
1168.51 1123.5
1169.51 1127.5
1169.67 1131.69
1171.27 1135.58
1172.93 1139.31
1176.66 1140.33
1180.59 1139.89
1184.18 1138.4
1186.51 1135.08
1188.52 1131.5
1189.55 1127.49
1190.58 1123.46
1191.72 1119.43
1192.8 1115.38
1194.08 1111.37
1194.54 1107.2
1195.44 1103.09
1195.78 1098.95
1197.32 1095.1
1199.89 1091.88
1203.48 1089.58
1206.37 1086.45
1210.18 1084.44
1212.76 1081.05
1215.28 1077.63
1216.51 1073.73
1216.52 1069.67
1216.52 1065.58
1216.52 1061.5
1216.53 1057.42
1216.52 1053.32
1216.52 1049.24
1216.49 1045.18
1215.52 1041.14
1215.5 1037.04
1215.5 1032.92
1215.51 1028.78
1215.49 1024.66
1214.53 1020.66
1213.52 1016.66
1213.14 1012.56
1211.64 1008.63
1211.29 1004.5
1210.54 1000.44
1209.64 996.438
1209.51 992.411
1209.56 988.329
1209.5 984.307
1209.43 980.282
1209.5 976.228
1209.43 972.215
1208.53 968.191
1208.48 964.115
1207.51 960.133
1207.25 956.022
1206.59 951.916
1205.53 947.951
1204.44 944.02
1203.52 940.126
1203.33 936.089
1202.54 932.099
1203.48 928.088
1203.52 924.035
1203.57 919.97
1204.57 916.016
1205.45 911.974
1205.54 907.743
1206.33 903.618
1207.45 899.582
1207.59 895.388
1208.5 891.322
1209.37 887.28
1210.48 883.358
1211.47 879.381
1211.54 875.274
1212.92 871.39
1213.77 867.401
1214.51 863.374
1215.26 859.353
1215.51 855.336
1215.52 851.285
1215.47 847.234
1215.5 843.286
1215.51 839.31
1215.52 835.278
1215.52 831.257
1215.53 827.239
1215.54 823.226
1215.52 819.266
1215.16 815.356
1214.51 811.377
1213.58 807.389
1212.8 803.437
1211.32 799.731
1208.7 796.628
1206.11 793.476
1202.76 791.198
1199.05 789.26
1195.63 786.953
1193.67 783.466
1195.47 779.565
1196.82 775.513
1198.64 771.61
1200.5 767.769
1201.76 763.762
1203.48 759.798
1203.59 755.354
1205.5 751.508
1207.02 747.56
1207.52 743.36
1208.54 739.305
1209.49 735.219
1209.38 730.918
1211.38 727.125
1210.87 722.995
1211.33 719.058
1212.46 715.135
1212.51 711.162
1212.52 707.155
1213.49 703.189
1213.56 699.107
1215.21 695.337
1215.52 691.222
1216.35 687.221
1217.39 683.248
1218.51 679.312
1219.51 675.345
1219.81 671.321
1220.53 667.268
1221.42 663.229
1221.52 659.182
1222.33 655.21
1222.65 651.126
1223.5 647.065
1224.47 643.065
1224.52 638.998
1224.52 634.899
1225.44 630.883
1225.53 626.787
1226.44 622.777
1226.51 618.668
1226.51 614.565
1226.53 610.438
1226.48 606.274
1225.12 602.441
1221.95 599.416
1219.55 596.037
1217.26 592.613
1217.49 588.702
1219.56 585.096
1221.27 581.318
1221.37 577.233
1220.54 573.018
1220.98 568.885
1222.68 565.056
1224.52 561.305
1226.79 557.793
1229.66 554.73
1231.51 550.989
1232.83 546.967
1235.21 543.424
1236.51 539.466
1237.93 535.546
1239.78 531.625
1242.23 527.917
1244.32 524.268
1245.52 520.198
1246.68 516.086
1247.79 511.994
1249.58 508.325
1250.51 504.286
1251.57 500.329
1253.46 496.709
1255.35 493.112
1256.53 489.345
1257.51 485.485
1258.5 481.611
1259.51 477.722
1260.47 473.774
1261.52 469.904
1263.44 466.315
1264.49 462.534
1264.55 458.593
1265.47 454.705
1265.58 450.811
1265.61 446.831
1265.62 442.94
1267.33 439.23
1267.5 435.292
1266.53 431.314
1266.59 427.307
1267.49 423.295
1267.5 419.238
1267.29 415.084
1267.51 410.955
1267.55 406.75
1268.42 402.667
1268.51 398.596
1268.46 394.529
1269.81 390.792
1273.13 387.909
1270.42 384.749
1269.59 381.231
1270.49 377.452
1270.51 373.689
1270.54 369.912
1271.48 366.17
1271.53 362.32
1272.47 358.504
1272.56 354.622
1273.5 350.765
1273.8 346.858
1274.5 342.977
1274.51 339.037
1274.51 335.099
1274.51 331.158
1274.59 327.224
1275.57 323.32
1276.46 319.344
1275.53 315.216
1276.49 311.119
1276.54 306.981
1277.47 302.909
1277.51 298.883
1277.57 294.86
1278.47 290.809
1278.5 286.606
1279.31 282.57
1279.52 278.542
1280.49 274.622
1281.51 270.632
1282.5 266.646
1283.49 262.717
1284.54 258.824
1285.58 254.937
1286.96 251.143
1288.29 247.311
1289.47 243.435
1290.71 239.556
1291.91 235.655
1293.7 231.8
1295.52 227.996
1296.67 223.91
1298.44 220.222
1300.06 216.539
1301.58 212.861
1303.54 209.336
1305.25 205.61
1307.43 202.211
1309.5 198.661
1311.43 194.958
1313.43 191.323
1315.48 187.719
1317.59 184.057
1319.83 180.579
1322.34 177.301
1325.39 174.437
1328.4 171.475
1330.88 167.883
1334.32 165.209
1337.74 162.557
1341.69 160.911
1345.94 159.609
1350.29 159.769
1354.47 161.444
1358.73 162.563
1362.23 165.046
1365.38 167.9
1368.38 171.151
1370.55 175.064
1372.53 178.957
1373.72 183.192
1375.44 187.129
1375.85 191.389
1377.46 195.308
1378.45 199.333
1379.45 203.31
1379.72 207.319
1380.48 211.211
1380.57 215.166
1381.48 219.11
1381.56 223.163
1382.48 227.174
1382.64 231.22
1383.48 235.213
1383.51 239.287
1383.53 243.401
1384.48 247.473
1384.95 251.59
1385.98 255.538
1388.26 259.135
1391.67 261.456
1395.64 262.487
1399.64 261.425
1403.16 259.321
1405.38 256.086
1405.74 251.89
1407.05 247.892
1407.53 243.864
1408.49 239.88
1408.66 235.859
1409.5 231.849
1409.51 227.819
1409.5 223.785
1409.5 219.75
1409.51 215.713
1410.35 211.708
1410.31 207.666
1410.45 203.58
1409.52 199.539
1409.49 195.434
1408.72 191.368
1408.57 187.284
1408.49 183.279
1406.6 179.573
1405.55 175.641
1404.97 171.625
1404.28 167.674
1402.52 163.997
1401.16 160.176
1399.46 156.481
1396.86 153.239
1394.83 149.663
1393.47 145.691
1391.71 141.891
1389.26 138.687
1386.5 135.687
1383.59 132.839
1380.8 129.921
1377.57 127.526
1374.51 124.843
1370.66 123.51
1367.41 120.799
1363.63 119.411
1359.64 118.466
1355.66 117.481
1351.69 116.493
1347.62 116.511
1343.6 116.816
1339.61 117.481
1335.56 117.552
1331.61 118.482
1327.6 118.778
1323.66 119.534
1320.01 121.365
1316.21 122.719
1312.49 124.474
1308.47 125.533
1304.74 127.419
1300.75 128.864
1297.44 131.65
1293.89 134.146
1289.78 135.633
1286.68 138.527
1283.4 141.16
1280.17 143.897
1277.29 146.985
1273.95 149.72
1271.8 153.455
1269.04 156.735
1266.44 160.163
1263.73 163.629
1261.66 167.455
1259.29 171.014
1255.79 173.665
1253.81 177.292
1252.15 181.204
1249.37 184.497
1247.48 188.342
1245.39 192.145
1243.52 196.033
1241.59 199.881
1239.61 203.835
1237.67 207.817
1236.51 212.038
1235.35 216.166
1233.53 220.063
1232.26 224.113
1229.81 227.689
1228.58 231.706
1227.62 235.777
1225.77 239.602
1225.36 243.766
1224.5 247.918
1223.46 252.035
1221.52 255.819
1220.56 259.889
1218.54 263.531
1217.48 267.534
1216.05 271.409
1213.63 274.948
1212.49 279.091
1210.62 282.901
1209.46 286.972
1208.45 291.215
1205.78 294.849
1204.52 298.906
1204.38 303.258
1202.48 307.244
1201.49 311.529
1200.35 315.779
1197.85 319.506
1196.68 323.63
1195.7 327.743
1194.4 331.803
1192.51 335.615
1190.9 339.558
1189.38 343.554
1187.78 347.563
1186.42 351.692
1184.58 355.605
1182.74 359.469
1179.88 362.7
1177.76 366.414
1175.98 370.333
1172.46 373.029
1169.82 376.526
1166.79 379.575
1163.03 381.479
1159.39 379.722
1157.27 375.683
1153.78 373.217
1149.82 371.481
1146.57 368.813
1144.84 364.89
1142.3 361.59
1138.83 359.276
1134.54 358.442
1131.5 355.636
1130.14 351.523
1128.2 347.635
1125.1 344.47
1121.47 341.922
1117.18 341.347
1112.8 341.472
1109.08 339.553
1106.47 335.974
1103.11 333.645
1098.87 333.445
1094.65 332.493
1090.61 333.474
1087.31 336.236
1084.08 339.219
1079.99 339.478
1075.81 338.296
1071.59 337.542
1067.48 338.666
1063.64 340.744
1060.52 343.864
1058.33 347.797
1055.9 351.527
1053.57 355.169
1049.41 354.83
1045.17 354.503
1041.13 355.586
1037.64 357.835
1035.21 361.251
1033.33 365.164
1031.48 369.039
1029.46 372.872
1026.13 375.435
1022.03 376.586
1018.55 378.765
1015.57 381.672
1012.73 384.767
1010.83 388.54
1009.41 392.554
1007.48 396.363
1005.72 400.254
1003.58 403.894
1000.54 406.942
997.436 409.894
994.03 412.54
991.041 415.485
988.418 418.754
985.634 421.918
983.765 425.68
982.51 429.654
981.483 433.67
980.519 437.76
980.259 441.883
979.499 445.97
978.534 450.032
976.61 453.848
974.132 457.408
971.479 460.903
968.925 464.472
965.794 467.651
963.149 471.16
959.689 473.839
956.926 477.224
954.075 480.542
952.429 484.541
949.543 487.805
947.46 491.622
945.247 495.31
942.691 498.742
940.716 502.528
937.912 505.747
936.055 509.472
933.656 512.87
931.885 516.521
930.47 520.29
928.411 523.84
926.811 527.599
925.515 531.525
924.183 535.318
920.459 534.938
917.709 532.165
915.594 528.745
913.722 525.118
911.306 521.881
907.979 519.444
905.03 516.598
901.438 514.566
898.396 511.707
894.963 509.33
891.538 507.162
887.837 505.336
884.208 503.412
880.548 501.665
877.053 499.603
873.154 498.507
869.244 497.485
865.291 496.491
861.338 495.503
857.29 495.488
853.23 495.487
849.183 495.509
845.183 496.47
841.08 496.509
837.135 497.505
833.331 499.118
829.272 499.496
825.164 499.505
821.191 500.475
817.218 501.746
813.052 502.502
808.831 503.48
804.615 504.433
800.565 505.885
797.311 508.765
794.336 512.054
790.753 514.662
787.505 517.539
784.967 521.115
782.108 524.422
779.564 527.936
776.978 531.446
773.019 531.152
769.264 528.938
765.304 527.308
761.275 525.497
756.972 524.481
752.642 523.553
748.423 524.481
744.246 525.477
740.552 527.516
737.407 530.303
733.868 532.523
730.979 535.394
728.488 538.615
726.322 542.005
724.126 545.381
721.78 548.761
719.26 551.918
715.347 553.572
711.631 555.669
707.832 557.594
703.996 559.468
699.87 560.656
696.706 563.499
693.33 566.122
689.798 568.629
687.319 572.203
684.623 575.675
682.274 579.377
680.239 583.24
678.512 587.128
677.539 591.153
678.188 595.42
677.503 599.671
677.488 603.916
677.506 608.162
677.431 612.371
674.726 615.695
672.184 619.148
669.64 622.597
667.514 626.329
666.51 630.474
666.487 634.742
666.49 639.013
666.479 643.289
666.491 647.58
665.533 651.747
664.612 655.87
663.483 660.021
661.606 663.933
660.456 668.199
658.391 672.072
655.726 675.632
653.252 679.332
650.58 682.831
648.106 686.51
646.187 690.421
643.673 693.907
641.115 697.393
638.078 700.517
634.892 703.395
631.506 706.014
628.357 708.882
625.03 711.597
622.357 715.007
619.333 718.022
616.311 721.046
613.267 723.971
610.383 727.072
607.461 729.956
604.513 732.82
601.702 735.881
599.433 739.566
597.211 743.302
595.342 747.095
593.462 750.863
592.316 754.968
591.497 759.109
590.55 763.189
590.176 767.323
589.497 771.376
589.488 775.479
589.417 779.598
588.598 783.738
589.484 787.783
590.161 791.802
591.444 795.724
593.665 799.11
597.334 800.868
600.695 803.147
604.106 805.337
606.473 808.332
605.38 812.178
604.334 816.095
603.528 820.066
605.284 823.814
607.381 827.578
609.638 831.236
612.662 834.29
615.679 837.312
619.128 839.782
623.11 841.681
627.009 843.485
631.119 844.527
635.143 845.87
639.016 847.486
643.138 847.512
647.275 847.506
651.381 847.167
655.425 846.225
659.422 845.14
663.318 843.258
667.187 841.248
670.179 838.091
673.335 835.281
676.217 832.095
678.767 828.715
681.299 825.41
684.255 822.393
687.218 819.42
690.205 816.436
693.153 813.443
695.652 810.094
698.462 806.823
701.228 803.412
703.689 799.838
706.413 796.569
710.215 795.391
710.018 799.164
707.507 802.618
705.714 806.441
703.908 810.277
702.532 814.196
702.408 818.352
701.146 822.318
699.203 826.225
697.287 830.216
696.367 832.261
695.448 834.305
693.255 838.229
691.217 842.167
688.677 845.784
686.606 849.643
684.177 853.347
681.7 856.816
680.312 860.897
678.434 864.75
676.155 868.409
673.683 871.755
671.202 875.206
668.268 878.329
665.532 881.663
663.228 885.357
660.631 888.745
657.679 891.871
655.678 895.693
653.778 899.606
651.491 903.429
649.703 907.463
647.96 911.449
646.512 915.438
645.475 919.527
643.286 923.205
641.515 927.073
640.23 931.104
637.519 934.417
635.512 938.061
634.46 942.098
632.6 945.896
631.506 949.92
631.437 954.171
629.613 958.041
627.756 961.838
625.305 965.242
623.491 968.988
621.105 972.382
618.661 975.726
617.496 979.785
615.735 983.566
612.778 986.629
610.369 990.22
607.723 993.498
605.503 997.113
604.504 1001.12
605.578 1005.12
607.471 1008.91
607.345 1012.9
605.571 1016.74
604.232 1020.75
602.701 1024.68
601.502 1028.7
600.494 1032.81
599.502 1036.98
599.491 1041.29
599.491 1045.58
599.505 1049.85
600.46 1053.99
600.958 1058.08
601.526 1062.2
603.481 1065.89
605.452 1069.56
607.604 1073.04
610.4 1075.99
612.739 1079.38
616.083 1081.73
619.666 1083.5
623.479 1083.15
625.671 1079.92
625.498 1075.99
623.731 1072.26
622.487 1068.37
621.485 1064.38
620.509 1060.41
619.576 1056.47
620.53 1052.8
623.919 1051.44
627.609 1053.33
631.423 1054.48
635.321 1055.5
639.155 1056.58
643.034 1056.42
645.424 1053.63
645.496 1049.92
643.564 1046.57
641.052 1043.45
639.233 1039.84
636.561 1036.79
635.511 1033.21
638.013 1030.4
641.678 1028.75
645.398 1027.13
647.789 1023.7
650.396 1020.37
652.54 1016.74
653.527 1012.61
654.557 1008.46
655.49 1004.4
654.547 1000.34
653.508 996.311
654.519 992.47
657.144 989.338
659.376 986.111
660.633 982.299
663.157 979.66
666.637 981.284
669.535 984.036
671.793 987.363
673.757 991.165
676.552 994.306
679.098 997.712
681.556 1001.1
683.995 1004.36
687.213 1007
689.826 1010.22
693.139 1012.62
695.926 1015.43
699.149 1017.88
702.418 1020.29
706.196 1021.51
710.025 1021.33
711.511 1017.87
711.435 1014
709.135 1010.66
706.535 1007.47
703.804 1004.3
701.516 1000.78
699.523 997.125
697.399 993.591
695.517 989.926
695.642 986.06
698.117 982.581
699.511 978.632
700.275 974.549
699.54 970.399
699.493 966.212
697.892 962.425
695.726 959.062
694.597 955.158
695.492 951.008
695.515 946.829
695.51 942.63
695.504 938.421
694.998 934.248
694.407 930.076
693.502 925.858
692.454 921.695
691.249 917.622
689.501 913.621
689.48 909.421
691.702 905.811
694.308 902.422
697.1 899.133
699.495 895.54
702.36 892.353
705.663 889.588
707.921 885.818
711.521 883.476
715.231 881.243
718.443 878.36
721.877 875.884
725.312 873.432
728.608 870.725
731.51 867.586
734.34 864.317
737.335 861.18
740.156 857.786
743.548 855.004
746.169 851.504
748.04 847.601
749.76 843.626
751.598 839.549
754.259 835.83
755.514 831.529
757.221 827.434
759.027 823.547
761.352 819.979
763.347 816.305
765.264 812.727
767.323 809.309
769.023 805.685
771.303 802.418
773.849 799.507
777.599 798.476
781.406 797.506
785.177 796.521
788.864 795.475
792.273 793.555
795.679 791.439
799.121 789.28
802.132 786.638
805.639 787.717
804.357 791.238
802.449 794.58
800.599 797.937
800.499 801.781
801.833 805.539
803.418 809.204
803.535 813.226
805.513 816.726
807.466 820.281
809.949 823.486
812.078 827.101
814.557 830.558
817.755 833.326
821.073 835.92
823.73 839.212
826.728 842.084
829.971 844.757
833.432 847.339
837.368 848.97
841.234 850.817
845.087 852.535
848.935 854.436
853.047 855.496
857.161 856.41
861.21 857.527
865.241 858.731
869.406 859.691
873.674 860.497
878.041 860.454
882.429 860.456
886.583 858.674
890.973 858.604
895.35 858.552
899.622 857.643
903.265 855.334
905.583 851.64
907.724 847.839
910.445 844.502
914.102 842.613
917.731 844.375
919.476 847.974
917.219 851.457
913.938 854.34
911.446 857.879
908.843 861.313
906.382 864.832
904.368 868.699
902.523 872.643
901.433 876.876
899.772 880.949
898.645 885.152
897.554 889.336
897.444 893.592
897.299 897.895
897.498 902.144
898.409 906.279
899.718 910.222
902.989 912.527
906.975 912.513
910.484 910.358
913.239 907.132
916.032 903.896
918.457 900.341
921.548 897.359
924.36 894.132
927.474 891.215
930.506 888.215
933.77 885.533
937.595 883.902
941.869 884.248
946.052 883.646
950.26 883.556
954.371 882.828
958.381 881.734
962.399 880.641
966.39 879.47
970.377 878.713
972.649 881.737
971.47 885.606
969.522 889.264
967.856 893.058
966.559 896.888
965.599 900.896
964.579 904.88
964.438 908.926
964.369 912.989
964.495 917.034
965.017 921.018
965.498 924.909
967.71 927.902
971.41 928.525
975.151 927.44
978.326 925.271
980.726 922.057
983.465 919.197
986.42 916.47
989.209 913.554
992.214 910.823
994.853 907.657
997.769 904.793
1000.63 901.892
1003.55 899.031
1007.25 897.441
1011.25 896.595
1015.22 895.674
1019.13 894.434
1022.37 896.201
1021.83 900.232
1021.56 904.28
1020.94 908.246
1019.64 912.098
1019.5 916.043
1020.29 919.977
1019.43 923.92
1017.66 927.721
1016.89 931.735
1016.16 935.752
1015.73 939.827
1015.6 943.886
1015.45 947.937
1014.44 951.881
1013.46 955.872
1011.7 959.711
1011.45 963.931
1009.81 967.823
1007.48 971.568
1005.21 975.288
1003.44 978.977
1001.47 982.678
999.274 986.186
996.851 989.477
994.535 992.874
992.601 996.548
989.824 999.684
987.544 1002.98
985.467 1006.46
983.391 1010.04
982.479 1014.15
981.257 1018.2
979.59 1022.12
978.103 1026.11
976.255 1029.93
974.191 1033.54
972.233 1037.26
969.537 1040.62
967.294 1044.29
964.513 1047.63
961.549 1050.93
958.384 1053.95
954.877 1056.67
951.958 1059.98
948.834 1063.06
945.679 1065.88
943.804 1069.58
943.486 1073.76
943.471 1078.01
941.602 1081.81
939.424 1085.51
937.246 1089.18
935.331 1092.99
933.434 1096.88
931.545 1100.84
930.674 1105.04
930.48 1109.25
931.254 1113.36
933.237 1116.92
936.432 1119.58
940.143 1121.45
944.107 1120.6
947.683 1118.44
949.555 1114.52
950.215 1110.18
951.509 1105.98
953.6 1102.13
956.16 1098.61
959.178 1095.35
961.736 1091.78
965.212 1089.54
969.44 1088.94
973.139 1087.32
975.737 1083.91
979.145 1081.33
981.542 1078.01
983.883 1074.61
986.603 1071.53
990.478 1070.51
994.435 1071.46
997.835 1073.62
999.726 1077.24
1001.45 1080.99
1001.5 1085.09
1001.48 1089.17
1000.53 1093.17
999.199 1097.05
997.499 1100.8
996.482 1104.82
995.472 1108.81
994.472 1112.86
993.488 1116.94
993.571 1120.96
995.754 1124.34
999.371 1126.8
1001.23 1130.35
1001.49 1134.43
1001.52 1138.55
1002.48 1142.68
1002.6 1146.9
1003.49 1151.06
1004.53 1155.22
1005.72 1159.37
1007.62 1163.29
1009.67 1167.05
1012.87 1169.42

